#=====================================================
# File created:        Tue-25-Feb-2025-at-08-56-01PM
# Size of lattice:     20x20
# Number of MC steps:  500
# Reduced temperature: 0.500
# Run time (s):        1.326991
#=====================================================
# MC step:  Ratio:     Energy:   Order:
#=====================================================
   00000    0.5000    -374.4092  0.2661 
   00001    0.7100    -600.3279  0.3013 
   00002    0.6225    -723.8332  0.3348 
   00003    0.6150    -825.0642  0.3520 
   00004    0.5350    -928.9240  0.3935 
   00005    0.5775    -972.9471  0.4290 
   00006    0.4800   -1024.5900  0.4261 
   00007    0.5075   -1036.2852  0.4075 
   00008    0.5450   -1072.4247  0.4136 
   00009    0.4675   -1108.0131  0.4257 
   00010    0.4250   -1147.3255  0.4422 
   00011    0.4275   -1177.5888  0.4547 
   00012    0.4700   -1198.8173  0.4475 
   00013    0.3975   -1207.0934  0.4634 
   00014    0.4800   -1213.5181  0.4764 
   00015    0.4900   -1230.4211  0.4872 
   00016    0.4500   -1236.5660  0.5252 
   00017    0.4800   -1247.7567  0.5382 
   00018    0.4425   -1257.3247  0.5212 
   00019    0.4225   -1250.6747  0.5078 
   00020    0.4450   -1244.6642  0.4974 
   00021    0.4325   -1236.4732  0.4911 
   00022    0.4275   -1257.7349  0.5013 
   00023    0.4200   -1245.6290  0.4905 
   00024    0.4500   -1244.8303  0.4738 
   00025    0.4125   -1252.5724  0.4870 
   00026    0.4075   -1253.7948  0.4882 
   00027    0.4425   -1236.7113  0.4622 
   00028    0.4650   -1251.4635  0.4480 
   00029    0.4150   -1262.8782  0.4532 
   00030    0.4025   -1248.4653  0.4582 
   00031    0.4325   -1256.2080  0.4720 
   00032    0.4475   -1252.9851  0.4678 
   00033    0.4375   -1254.9885  0.4698 
   00034    0.5000   -1274.1549  0.4825 
   00035    0.4375   -1275.8536  0.4908 
   00036    0.4150   -1305.1719  0.5049 
   00037    0.3925   -1298.6850  0.5011 
   00038    0.4475   -1278.7140  0.5149 
   00039    0.4425   -1289.3738  0.5198 
   00040    0.4575   -1284.4945  0.5227 
   00041    0.4450   -1299.5773  0.5372 
   00042    0.3850   -1301.7231  0.5294 
   00043    0.4025   -1325.4661  0.5278 
   00044    0.4500   -1317.4361  0.5282 
   00045    0.4025   -1307.5500  0.5204 
   00046    0.4700   -1301.6851  0.5391 
   00047    0.4225   -1311.2829  0.5578 
   00048    0.4225   -1302.5048  0.5624 
   00049    0.4125   -1306.7944  0.5806 
   00050    0.4525   -1306.2685  0.6006 
   00051    0.4575   -1307.8306  0.5898 
   00052    0.4000   -1332.2299  0.5950 
   00053    0.4450   -1321.5282  0.6143 
   00054    0.4400   -1321.3065  0.6075 
   00055    0.4075   -1329.0598  0.5951 
   00056    0.4125   -1339.2457  0.6044 
   00057    0.4675   -1336.4231  0.6161 
   00058    0.4300   -1318.2264  0.6116 
   00059    0.4300   -1306.3664  0.6002 
   00060    0.4275   -1306.7950  0.6024 
   00061    0.3875   -1300.2540  0.5897 
   00062    0.4275   -1301.0699  0.5889 
   00063    0.4200   -1299.8395  0.5872 
   00064    0.4150   -1315.4788  0.5861 
   00065    0.4425   -1306.5883  0.5910 
   00066    0.3925   -1326.2653  0.6063 
   00067    0.4650   -1325.2762  0.6246 
   00068    0.4100   -1306.3352  0.6234 
   00069    0.4625   -1305.6214  0.6160 
   00070    0.4175   -1278.0845  0.6067 
   00071    0.4425   -1283.9994  0.6098 
   00072    0.4225   -1302.5439  0.5939 
   00073    0.4200   -1310.0208  0.6106 
   00074    0.4175   -1319.9790  0.6192 
   00075    0.4000   -1313.7185  0.6258 
   00076    0.4450   -1341.0915  0.6370 
   00077    0.4075   -1339.6985  0.6206 
   00078    0.4450   -1358.8869  0.6232 
   00079    0.4200   -1364.2523  0.6229 
   00080    0.4000   -1338.7644  0.6203 
   00081    0.3975   -1333.1675  0.5983 
   00082    0.4600   -1317.7590  0.5898 
   00083    0.4100   -1313.7685  0.5957 
   00084    0.4475   -1316.3753  0.5816 
   00085    0.4200   -1309.5385  0.5820 
   00086    0.4075   -1315.7997  0.5913 
   00087    0.4050   -1314.6587  0.5925 
   00088    0.4400   -1306.5425  0.5915 
   00089    0.3775   -1318.1023  0.6033 
   00090    0.4250   -1315.8673  0.5918 
   00091    0.4150   -1299.1951  0.5868 
   00092    0.4325   -1288.7144  0.6004 
   00093    0.4425   -1293.1199  0.6015 
   00094    0.4025   -1298.3222  0.6022 
   00095    0.4100   -1324.8633  0.6069 
   00096    0.4250   -1313.9840  0.6013 
   00097    0.4525   -1319.3529  0.5974 
   00098    0.4150   -1320.3672  0.5830 
   00099    0.4175   -1316.1071  0.5727 
   00100    0.4550   -1326.2965  0.5568 
   00101    0.4300   -1321.0469  0.5629 
   00102    0.4350   -1325.1016  0.5636 
   00103    0.4150   -1309.1220  0.5729 
   00104    0.4025   -1300.1555  0.5614 
   00105    0.4675   -1306.9062  0.5871 
   00106    0.3850   -1306.1710  0.5871 
   00107    0.3925   -1313.3669  0.5929 
   00108    0.3925   -1308.8955  0.5841 
   00109    0.3825   -1314.2550  0.5941 
   00110    0.4200   -1332.3511  0.5919 
   00111    0.4150   -1326.7883  0.6049 
   00112    0.4325   -1328.9336  0.6082 
   00113    0.4250   -1322.8963  0.6089 
   00114    0.4050   -1316.8162  0.6045 
   00115    0.4025   -1314.0187  0.6127 
   00116    0.4050   -1305.9749  0.5953 
   00117    0.3750   -1327.6742  0.5844 
   00118    0.4325   -1332.4211  0.5866 
   00119    0.4350   -1325.1019  0.5865 
   00120    0.3625   -1338.5995  0.5979 
   00121    0.4225   -1325.0359  0.5882 
   00122    0.4600   -1342.6290  0.5976 
   00123    0.4125   -1330.2053  0.5972 
   00124    0.4125   -1339.9808  0.6014 
   00125    0.4600   -1327.4430  0.5795 
   00126    0.4375   -1343.0828  0.5802 
   00127    0.3800   -1346.8269  0.5712 
   00128    0.4025   -1356.4400  0.5675 
   00129    0.3950   -1360.4619  0.5782 
   00130    0.3850   -1344.7500  0.5861 
   00131    0.4075   -1349.2226  0.5724 
   00132    0.4200   -1336.7282  0.5667 
   00133    0.3875   -1356.3445  0.5683 
   00134    0.4075   -1349.4905  0.5771 
   00135    0.4175   -1329.8518  0.5707 
   00136    0.4450   -1334.7128  0.5852 
   00137    0.4300   -1334.5641  0.5702 
   00138    0.4100   -1341.9295  0.5782 
   00139    0.3950   -1356.3419  0.5861 
   00140    0.4350   -1339.4987  0.5836 
   00141    0.4400   -1343.7420  0.5814 
   00142    0.3875   -1346.2911  0.5922 
   00143    0.4150   -1343.5604  0.6157 
   00144    0.4225   -1345.0118  0.6438 
   00145    0.4575   -1348.0871  0.6387 
   00146    0.4550   -1344.5344  0.6444 
   00147    0.4425   -1363.7464  0.6459 
   00148    0.3950   -1351.0392  0.6595 
   00149    0.4075   -1346.4331  0.6608 
   00150    0.4050   -1355.1019  0.6645 
   00151    0.3975   -1357.2774  0.6696 
   00152    0.4350   -1333.1709  0.6652 
   00153    0.4175   -1329.6900  0.6444 
   00154    0.4025   -1331.6383  0.6322 
   00155    0.4475   -1331.9174  0.6309 
   00156    0.4100   -1343.8988  0.6485 
   00157    0.3925   -1358.9500  0.6507 
   00158    0.4275   -1365.6335  0.6519 
   00159    0.3875   -1355.9265  0.6537 
   00160    0.3875   -1351.4824  0.6628 
   00161    0.4150   -1327.2182  0.6597 
   00162    0.4525   -1345.8415  0.6613 
   00163    0.4225   -1345.4281  0.6727 
   00164    0.4200   -1365.3382  0.6737 
   00165    0.4200   -1351.1254  0.6608 
   00166    0.4025   -1342.4831  0.6498 
   00167    0.3750   -1349.0121  0.6560 
   00168    0.4350   -1339.5789  0.6488 
   00169    0.4425   -1343.7341  0.6662 
   00170    0.4350   -1343.6876  0.6706 
   00171    0.4375   -1356.0892  0.6691 
   00172    0.3950   -1354.7432  0.6731 
   00173    0.4175   -1347.8253  0.6738 
   00174    0.3950   -1346.9510  0.6790 
   00175    0.4100   -1332.6031  0.6635 
   00176    0.3900   -1340.4049  0.6549 
   00177    0.4175   -1362.0997  0.6639 
   00178    0.4650   -1343.1948  0.6424 
   00179    0.4575   -1340.3520  0.6400 
   00180    0.3775   -1356.2247  0.6543 
   00181    0.4300   -1336.4153  0.6481 
   00182    0.3950   -1328.4964  0.6484 
   00183    0.3900   -1331.9702  0.6590 
   00184    0.4275   -1349.2941  0.6637 
   00185    0.3775   -1339.3661  0.6760 
   00186    0.4325   -1339.1519  0.6655 
   00187    0.4150   -1333.8254  0.6585 
   00188    0.4100   -1320.8507  0.6570 
   00189    0.4425   -1317.9657  0.6442 
   00190    0.4000   -1303.7969  0.6638 
   00191    0.4400   -1327.8394  0.6722 
   00192    0.4300   -1329.8159  0.6753 
   00193    0.4000   -1342.0609  0.6597 
   00194    0.4175   -1356.6470  0.6606 
   00195    0.3900   -1354.0714  0.6676 
   00196    0.4200   -1349.9063  0.6690 
   00197    0.3875   -1346.8126  0.6753 
   00198    0.4425   -1351.2175  0.6738 
   00199    0.4700   -1361.1458  0.6803 
   00200    0.4250   -1355.5170  0.6880 
   00201    0.4025   -1334.1228  0.6932 
   00202    0.4075   -1328.5170  0.6994 
   00203    0.4375   -1354.7902  0.7102 
   00204    0.4625   -1358.1482  0.6958 
   00205    0.4525   -1348.4125  0.6955 
   00206    0.4325   -1341.8207  0.7018 
   00207    0.4350   -1335.3720  0.6934 
   00208    0.3975   -1349.8516  0.6834 
   00209    0.3650   -1334.7208  0.6809 
   00210    0.4300   -1342.6721  0.6885 
   00211    0.4375   -1344.7498  0.6947 
   00212    0.4350   -1345.8367  0.7094 
   00213    0.4350   -1339.9074  0.7109 
   00214    0.3875   -1343.0611  0.7166 
   00215    0.4350   -1343.4111  0.7189 
   00216    0.4350   -1356.5107  0.7212 
   00217    0.3950   -1351.4234  0.7256 
   00218    0.4375   -1362.0571  0.7389 
   00219    0.4650   -1353.4105  0.7351 
   00220    0.4150   -1344.9192  0.7333 
   00221    0.4600   -1343.9753  0.7370 
   00222    0.4175   -1351.8570  0.7421 
   00223    0.3700   -1364.3869  0.7442 
   00224    0.4025   -1347.7661  0.7393 
   00225    0.3850   -1347.9592  0.7468 
   00226    0.4200   -1349.1675  0.7558 
   00227    0.3975   -1362.6422  0.7787 
   00228    0.3750   -1346.9775  0.7694 
   00229    0.4550   -1338.7658  0.7627 
   00230    0.4100   -1350.5430  0.7576 
   00231    0.4225   -1345.1580  0.7596 
   00232    0.4400   -1338.7819  0.7587 
   00233    0.3950   -1347.6069  0.7772 
   00234    0.4175   -1356.9652  0.7825 
   00235    0.4275   -1379.3967  0.8038 
   00236    0.4125   -1385.5882  0.8090 
   00237    0.4100   -1371.5993  0.8045 
   00238    0.3800   -1378.0596  0.8039 
   00239    0.4150   -1364.6511  0.7894 
   00240    0.3850   -1359.8410  0.7877 
   00241    0.4575   -1345.6287  0.7862 
   00242    0.3575   -1355.6239  0.7894 
   00243    0.4100   -1368.3296  0.7988 
   00244    0.3850   -1372.7966  0.8154 
   00245    0.4075   -1354.3496  0.8074 
   00246    0.4325   -1366.8210  0.7992 
   00247    0.4150   -1356.1847  0.8016 
   00248    0.3950   -1375.2700  0.8113 
   00249    0.3825   -1376.7863  0.8044 
   00250    0.4225   -1385.3807  0.8060 
   00251    0.4375   -1352.7283  0.8011 
   00252    0.4050   -1355.1253  0.8000 
   00253    0.4500   -1346.1154  0.8115 
   00254    0.4275   -1350.2928  0.8174 
   00255    0.4075   -1348.8165  0.8152 
   00256    0.4175   -1330.0433  0.8031 
   00257    0.4550   -1349.9142  0.8215 
   00258    0.4125   -1369.0948  0.8256 
   00259    0.4300   -1369.1482  0.8294 
   00260    0.3875   -1355.9280  0.8216 
   00261    0.3925   -1366.9075  0.8195 
   00262    0.4100   -1363.9647  0.8092 
   00263    0.3175   -1362.4153  0.8088 
   00264    0.4250   -1361.6852  0.8033 
   00265    0.4150   -1364.3627  0.8168 
   00266    0.3625   -1360.6311  0.8173 
   00267    0.3850   -1355.4126  0.8211 
   00268    0.3900   -1365.9853  0.8222 
   00269    0.4100   -1370.4482  0.8219 
   00270    0.3500   -1372.4486  0.8211 
   00271    0.4300   -1365.8010  0.8214 
   00272    0.3525   -1368.5950  0.8311 
   00273    0.4400   -1367.8723  0.8329 
   00274    0.4250   -1387.7236  0.8390 
   00275    0.4250   -1376.5633  0.8341 
   00276    0.4425   -1382.8037  0.8386 
   00277    0.3875   -1385.9321  0.8422 
   00278    0.4225   -1390.7078  0.8446 
   00279    0.3875   -1372.9912  0.8407 
   00280    0.4500   -1363.9519  0.8302 
   00281    0.3950   -1358.7314  0.8333 
   00282    0.3800   -1356.9395  0.8343 
   00283    0.4475   -1375.2767  0.8456 
   00284    0.4175   -1372.0152  0.8371 
   00285    0.3950   -1358.4612  0.8384 
   00286    0.4050   -1360.8309  0.8365 
   00287    0.4050   -1357.9004  0.8411 
   00288    0.3800   -1366.4590  0.8504 
   00289    0.4200   -1350.3727  0.8458 
   00290    0.4025   -1360.1280  0.8392 
   00291    0.3925   -1373.0681  0.8434 
   00292    0.4325   -1378.9396  0.8517 
   00293    0.4000   -1383.9401  0.8567 
   00294    0.3825   -1369.6132  0.8537 
   00295    0.4200   -1369.2113  0.8444 
   00296    0.3975   -1370.0024  0.8498 
   00297    0.4225   -1378.0772  0.8575 
   00298    0.3975   -1378.4243  0.8531 
   00299    0.4000   -1382.8616  0.8623 
   00300    0.4375   -1359.2244  0.8490 
   00301    0.4375   -1363.4224  0.8362 
   00302    0.4400   -1367.4504  0.8436 
   00303    0.4300   -1376.7998  0.8560 
   00304    0.3900   -1382.1607  0.8633 
   00305    0.4300   -1358.7361  0.8507 
   00306    0.4175   -1353.0650  0.8561 
   00307    0.4200   -1379.3905  0.8570 
   00308    0.3975   -1391.2315  0.8666 
   00309    0.3800   -1385.9625  0.8596 
   00310    0.3850   -1372.1105  0.8681 
   00311    0.4100   -1374.9293  0.8623 
   00312    0.4125   -1383.0590  0.8691 
   00313    0.4050   -1384.7934  0.8762 
   00314    0.4000   -1378.9352  0.8771 
   00315    0.4125   -1394.8244  0.8762 
   00316    0.4525   -1396.0600  0.8721 
   00317    0.4000   -1402.1620  0.8755 
   00318    0.4275   -1396.7332  0.8666 
   00319    0.3975   -1391.0093  0.8641 
   00320    0.4100   -1373.4112  0.8628 
   00321    0.3575   -1373.2007  0.8583 
   00322    0.3950   -1375.0881  0.8506 
   00323    0.3825   -1365.8282  0.8599 
   00324    0.3825   -1368.1699  0.8569 
   00325    0.3650   -1370.3974  0.8526 
   00326    0.3725   -1369.9568  0.8547 
   00327    0.4425   -1364.9186  0.8531 
   00328    0.4150   -1356.9854  0.8539 
   00329    0.4300   -1342.5139  0.8423 
   00330    0.4850   -1345.4087  0.8419 
   00331    0.3350   -1357.8796  0.8435 
   00332    0.4600   -1367.6352  0.8431 
   00333    0.3900   -1368.8341  0.8405 
   00334    0.4025   -1364.5748  0.8424 
   00335    0.4000   -1365.1335  0.8385 
   00336    0.3725   -1359.5135  0.8378 
   00337    0.3775   -1361.3421  0.8483 
   00338    0.3550   -1350.0979  0.8508 
   00339    0.4150   -1365.9207  0.8662 
   00340    0.4100   -1370.3016  0.8611 
   00341    0.4375   -1359.2705  0.8590 
   00342    0.4100   -1374.3974  0.8638 
   00343    0.3850   -1407.0421  0.8735 
   00344    0.4325   -1401.4062  0.8704 
   00345    0.4375   -1390.9673  0.8659 
   00346    0.3825   -1396.8859  0.8726 
   00347    0.3675   -1401.5633  0.8809 
   00348    0.3600   -1395.4024  0.8765 
   00349    0.4250   -1392.2396  0.8748 
   00350    0.3925   -1388.7708  0.8744 
   00351    0.3850   -1380.9860  0.8652 
   00352    0.4275   -1381.8079  0.8672 
   00353    0.4025   -1376.8609  0.8615 
   00354    0.4375   -1377.6429  0.8602 
   00355    0.4600   -1379.4552  0.8682 
   00356    0.4075   -1373.3707  0.8613 
   00357    0.4250   -1365.5106  0.8647 
   00358    0.3775   -1353.0267  0.8703 
   00359    0.4000   -1351.0492  0.8637 
   00360    0.3900   -1338.1258  0.8605 
   00361    0.3925   -1336.7004  0.8634 
   00362    0.4075   -1351.5794  0.8760 
   00363    0.4125   -1354.1065  0.8744 
   00364    0.4150   -1380.6826  0.8807 
   00365    0.3850   -1391.2475  0.8765 
   00366    0.4050   -1408.6996  0.8859 
   00367    0.4125   -1384.4481  0.8742 
   00368    0.4125   -1401.7107  0.8755 
   00369    0.3800   -1394.1963  0.8752 
   00370    0.4100   -1389.8678  0.8746 
   00371    0.4250   -1394.5957  0.8803 
   00372    0.3700   -1397.4877  0.8791 
   00373    0.4275   -1378.5953  0.8739 
   00374    0.4200   -1385.6732  0.8707 
   00375    0.4300   -1378.9363  0.8666 
   00376    0.3675   -1388.1440  0.8698 
   00377    0.3800   -1381.8529  0.8758 
   00378    0.4250   -1370.1074  0.8673 
   00379    0.4225   -1371.9066  0.8681 
   00380    0.3850   -1405.9811  0.8763 
   00381    0.4150   -1412.4625  0.8714 
   00382    0.3825   -1413.0107  0.8783 
   00383    0.3925   -1397.8382  0.8719 
   00384    0.4150   -1411.6821  0.8720 
   00385    0.3925   -1418.9208  0.8751 
   00386    0.3875   -1421.9581  0.8829 
   00387    0.3825   -1411.5751  0.8775 
   00388    0.3900   -1390.9066  0.8661 
   00389    0.4475   -1390.3454  0.8616 
   00390    0.4275   -1389.5327  0.8573 
   00391    0.3725   -1401.7820  0.8646 
   00392    0.4075   -1383.4410  0.8471 
   00393    0.4100   -1378.9548  0.8469 
   00394    0.4325   -1366.9506  0.8471 
   00395    0.4400   -1375.4640  0.8483 
   00396    0.4175   -1386.6983  0.8417 
   00397    0.3800   -1370.7350  0.8313 
   00398    0.3900   -1353.5430  0.8272 
   00399    0.3625   -1376.4716  0.8458 
   00400    0.4300   -1376.6534  0.8529 
   00401    0.4200   -1358.5212  0.8348 
   00402    0.4275   -1372.1922  0.8422 
   00403    0.3950   -1392.7627  0.8536 
   00404    0.3700   -1403.0356  0.8558 
   00405    0.4025   -1396.2950  0.8516 
   00406    0.4000   -1370.7525  0.8446 
   00407    0.4075   -1376.9516  0.8476 
   00408    0.3975   -1379.3156  0.8394 
   00409    0.4450   -1366.7797  0.8310 
   00410    0.4125   -1362.2777  0.8397 
   00411    0.3775   -1355.2227  0.8497 
   00412    0.3550   -1359.1373  0.8412 
   00413    0.4050   -1356.3263  0.8358 
   00414    0.3900   -1357.0084  0.8276 
   00415    0.4300   -1357.4245  0.8288 
   00416    0.3875   -1348.5886  0.8264 
   00417    0.4075   -1339.8278  0.8264 
   00418    0.3875   -1339.4089  0.8245 
   00419    0.4075   -1345.2813  0.8261 
   00420    0.3900   -1366.2960  0.8256 
   00421    0.4550   -1373.2100  0.8368 
   00422    0.4300   -1376.3513  0.8359 
   00423    0.4225   -1377.3048  0.8324 
   00424    0.4100   -1379.6834  0.8356 
   00425    0.4050   -1384.4209  0.8299 
   00426    0.4250   -1388.0029  0.8424 
   00427    0.4075   -1378.0386  0.8394 
   00428    0.4000   -1372.8775  0.8423 
   00429    0.4300   -1385.4901  0.8357 
   00430    0.4550   -1375.4806  0.8403 
   00431    0.3775   -1387.1621  0.8525 
   00432    0.4200   -1389.9921  0.8380 
   00433    0.4400   -1385.1524  0.8474 
   00434    0.4225   -1363.8886  0.8341 
   00435    0.4275   -1351.7822  0.8292 
   00436    0.4225   -1367.7531  0.8376 
   00437    0.4725   -1373.7778  0.8359 
   00438    0.4450   -1375.1157  0.8157 
   00439    0.4075   -1339.9214  0.8106 
   00440    0.4250   -1350.9802  0.8083 
   00441    0.4425   -1357.2040  0.8110 
   00442    0.3725   -1365.6254  0.8023 
   00443    0.4400   -1361.0204  0.7917 
   00444    0.3775   -1343.8159  0.7807 
   00445    0.3725   -1334.6641  0.7673 
   00446    0.4375   -1344.5743  0.7662 
   00447    0.4325   -1336.6694  0.7654 
   00448    0.4050   -1349.5864  0.7637 
   00449    0.3925   -1367.2240  0.7766 
   00450    0.4700   -1366.1154  0.7798 
   00451    0.4425   -1350.9986  0.7880 
   00452    0.3875   -1353.1825  0.7911 
   00453    0.4275   -1367.8775  0.7911 
   00454    0.3925   -1355.0923  0.8017 
   00455    0.4125   -1370.5584  0.8109 
   00456    0.3825   -1375.7312  0.8018 
   00457    0.4250   -1366.2386  0.8132 
   00458    0.4125   -1377.2673  0.8225 
   00459    0.4525   -1382.2330  0.8414 
   00460    0.4075   -1361.3802  0.8302 
   00461    0.4275   -1370.4142  0.8318 
   00462    0.4025   -1377.9225  0.8312 
   00463    0.4200   -1380.0818  0.8499 
   00464    0.3925   -1392.5255  0.8718 
   00465    0.4175   -1406.9379  0.8792 
   00466    0.4050   -1390.5561  0.8625 
   00467    0.3625   -1380.0835  0.8574 
   00468    0.4325   -1362.6295  0.8458 
   00469    0.4125   -1376.1786  0.8539 
   00470    0.4600   -1371.0793  0.8536 
   00471    0.4150   -1384.2548  0.8563 
   00472    0.4500   -1377.7430  0.8600 
   00473    0.4350   -1379.3375  0.8569 
   00474    0.3675   -1376.1664  0.8655 
   00475    0.4425   -1397.1317  0.8673 
   00476    0.3875   -1370.4301  0.8592 
   00477    0.4025   -1374.7490  0.8619 
   00478    0.4050   -1374.8725  0.8683 
   00479    0.4000   -1379.6116  0.8699 
   00480    0.4225   -1390.5130  0.8689 
   00481    0.4175   -1387.7320  0.8665 
   00482    0.4325   -1365.8003  0.8641 
   00483    0.4350   -1358.8442  0.8616 
   00484    0.4875   -1345.4495  0.8541 
   00485    0.4400   -1364.1092  0.8627 
   00486    0.4100   -1358.1604  0.8622 
   00487    0.4150   -1364.6623  0.8652 
   00488    0.4575   -1354.4777  0.8558 
   00489    0.4050   -1373.2012  0.8694 
   00490    0.4125   -1362.6307  0.8742 
   00491    0.4100   -1369.0611  0.8784 
   00492    0.4375   -1376.6843  0.8721 
   00493    0.3750   -1370.2973  0.8689 
   00494    0.4425   -1367.0905  0.8665 
   00495    0.4100   -1366.5057  0.8707 
   00496    0.4000   -1378.7769  0.8767 
   00497    0.4000   -1381.1133  0.8769 
   00498    0.4400   -1383.8916  0.8749 
   00499    0.3875   -1361.7923  0.8769 
   00500    0.4050   -1350.1426  0.8703 
