#=====================================================
# File created:        Wed-26-Feb-2025-at-04-02-21AM
# Size of lattice:     10x10
# Number of MC steps:  1000
# Reduced temperature: 0.500
# Run time (s):        0.970346
#=====================================================
# MC step:  Ratio:     Energy:   Order:
#=====================================================
   00000    0.5000     -99.7411  0.3546 
   00001    0.6800    -157.3204  0.2814 
   00002    0.5900    -177.0439  0.3135 
   00003    0.5200    -203.2190  0.3632 
   00004    0.5600    -228.2803  0.3470 
   00005    0.5600    -240.6542  0.3566 
   00006    0.4600    -253.1996  0.3012 
   00007    0.4800    -262.9809  0.3530 
   00008    0.4900    -261.4851  0.4266 
   00009    0.5500    -270.3196  0.4600 
   00010    0.4900    -295.6837  0.5277 
   00011    0.4300    -289.2409  0.5366 
   00012    0.4000    -306.3347  0.5601 
   00013    0.4800    -313.6066  0.5555 
   00014    0.3200    -307.4316  0.5885 
   00015    0.3800    -305.8744  0.5486 
   00016    0.3900    -297.9270  0.5503 
   00017    0.3100    -298.7901  0.5246 
   00018    0.3300    -300.1411  0.5132 
   00019    0.3400    -299.2808  0.5055 
   00020    0.3700    -300.0047  0.5005 
   00021    0.4500    -300.6600  0.5123 
   00022    0.4200    -300.1819  0.5293 
   00023    0.4100    -295.9484  0.5192 
   00024    0.3900    -296.5680  0.4936 
   00025    0.4700    -296.4231  0.4912 
   00026    0.3500    -298.8541  0.4669 
   00027    0.4100    -309.3403  0.4818 
   00028    0.4100    -308.0183  0.4743 
   00029    0.3200    -312.5688  0.4501 
   00030    0.3600    -311.8245  0.4349 
   00031    0.4300    -304.0327  0.4200 
   00032    0.4300    -305.7214  0.3995 
   00033    0.3300    -307.7242  0.3987 
   00034    0.3500    -308.3219  0.4102 
   00035    0.4400    -307.9847  0.3968 
   00036    0.4100    -310.8737  0.4069 
   00037    0.4100    -313.0067  0.3982 
   00038    0.4200    -311.3527  0.3913 
   00039    0.4700    -308.1795  0.3967 
   00040    0.4800    -312.8297  0.4254 
   00041    0.3500    -315.1080  0.4447 
   00042    0.3300    -320.7406  0.4496 
   00043    0.3800    -316.8868  0.4516 
   00044    0.3700    -307.4556  0.4543 
   00045    0.4100    -302.3467  0.4552 
   00046    0.4200    -303.4432  0.4360 
   00047    0.3900    -299.6759  0.4339 
   00048    0.3600    -299.9688  0.4500 
   00049    0.3200    -301.3056  0.4391 
   00050    0.4300    -298.4855  0.4496 
   00051    0.5500    -305.8267  0.4371 
   00052    0.4200    -305.8698  0.4299 
   00053    0.3600    -301.9490  0.4089 
   00054    0.4000    -298.1242  0.4178 
   00055    0.3800    -305.7855  0.4731 
   00056    0.3500    -310.4724  0.5127 
   00057    0.4700    -308.5457  0.5194 
   00058    0.3800    -311.7049  0.5181 
   00059    0.3800    -313.5471  0.5149 
   00060    0.3800    -313.1484  0.5556 
   00061    0.3600    -305.6276  0.5079 
   00062    0.2700    -304.8566  0.5436 
   00063    0.4300    -311.7598  0.5539 
   00064    0.4200    -310.1797  0.5259 
   00065    0.3200    -308.9881  0.5266 
   00066    0.4100    -306.9032  0.5460 
   00067    0.3400    -306.9694  0.5595 
   00068    0.3500    -315.7683  0.5979 
   00069    0.4100    -307.2002  0.5590 
   00070    0.3900    -300.6942  0.5857 
   00071    0.3800    -304.6175  0.6029 
   00072    0.5000    -298.5801  0.5663 
   00073    0.3500    -302.5983  0.5854 
   00074    0.3700    -304.0134  0.5899 
   00075    0.3000    -311.0642  0.5974 
   00076    0.3800    -315.8714  0.6612 
   00077    0.3800    -308.5573  0.6491 
   00078    0.3800    -307.9324  0.6337 
   00079    0.4500    -311.6322  0.6476 
   00080    0.3800    -309.6584  0.6391 
   00081    0.4000    -317.8212  0.6189 
   00082    0.3600    -311.0287  0.5746 
   00083    0.3800    -307.3934  0.5839 
   00084    0.3300    -312.2643  0.5991 
   00085    0.3700    -315.7648  0.5758 
   00086    0.4800    -309.7726  0.6073 
   00087    0.4800    -299.4687  0.5791 
   00088    0.3500    -306.4349  0.5850 
   00089    0.3900    -308.9715  0.5816 
   00090    0.3100    -312.8434  0.6082 
   00091    0.4200    -314.7202  0.6045 
   00092    0.3700    -318.3975  0.6222 
   00093    0.3500    -316.0848  0.6007 
   00094    0.3700    -307.2573  0.5684 
   00095    0.4200    -313.9628  0.5638 
   00096    0.4200    -319.6701  0.5952 
   00097    0.3600    -319.2845  0.5661 
   00098    0.4300    -310.9118  0.5836 
   00099    0.4400    -303.2390  0.5849 
   00100    0.3600    -299.3891  0.5533 
   00101    0.3300    -302.7519  0.5593 
   00102    0.2900    -309.3069  0.5643 
   00103    0.4000    -310.7185  0.5544 
   00104    0.3600    -302.8592  0.5923 
   00105    0.4800    -304.2517  0.5644 
   00106    0.4300    -306.0011  0.5498 
   00107    0.3600    -305.2566  0.6002 
   00108    0.3200    -303.0280  0.5873 
   00109    0.4100    -311.4176  0.5700 
   00110    0.3700    -305.2634  0.5503 
   00111    0.3300    -311.6180  0.5416 
   00112    0.4100    -307.0004  0.5083 
   00113    0.4200    -312.0808  0.5160 
   00114    0.4300    -307.2112  0.5352 
   00115    0.4500    -318.1240  0.5325 
   00116    0.3600    -324.5806  0.5670 
   00117    0.3500    -319.5754  0.5725 
   00118    0.4200    -317.0046  0.5311 
   00119    0.3500    -321.9646  0.5580 
   00120    0.3600    -318.4914  0.5446 
   00121    0.4000    -318.0997  0.5336 
   00122    0.3700    -320.0068  0.5247 
   00123    0.2900    -322.5014  0.5092 
   00124    0.3700    -315.5096  0.4961 
   00125    0.3400    -312.1348  0.4932 
   00126    0.3000    -314.6760  0.4707 
   00127    0.3900    -317.5903  0.4665 
   00128    0.3900    -315.3027  0.4732 
   00129    0.3100    -302.0011  0.4359 
   00130    0.3600    -302.1624  0.4438 
   00131    0.4100    -299.7275  0.4451 
   00132    0.3200    -305.1814  0.4745 
   00133    0.3500    -309.8292  0.4742 
   00134    0.4000    -313.2694  0.4853 
   00135    0.3300    -312.6727  0.4865 
   00136    0.4400    -314.3975  0.5288 
   00137    0.3300    -311.9312  0.5721 
   00138    0.3400    -316.6459  0.5647 
   00139    0.3100    -308.1106  0.5545 
   00140    0.4000    -308.5065  0.5292 
   00141    0.3600    -303.1430  0.5012 
   00142    0.4400    -313.2578  0.4746 
   00143    0.3400    -309.0258  0.4795 
   00144    0.4200    -307.7044  0.5044 
   00145    0.3800    -309.4282  0.5122 
   00146    0.3600    -301.5223  0.4706 
   00147    0.3800    -308.0208  0.4975 
   00148    0.4300    -304.4546  0.5190 
   00149    0.4700    -304.3298  0.4917 
   00150    0.3500    -306.5092  0.5375 
   00151    0.3800    -308.2184  0.5544 
   00152    0.3600    -304.8315  0.5768 
   00153    0.3900    -311.8455  0.5928 
   00154    0.3700    -313.3716  0.5893 
   00155    0.3800    -312.1576  0.5454 
   00156    0.3600    -314.2688  0.5359 
   00157    0.4500    -301.8744  0.5270 
   00158    0.3200    -298.1331  0.5331 
   00159    0.4400    -297.3438  0.5163 
   00160    0.3500    -299.4313  0.5254 
   00161    0.4100    -295.0564  0.5256 
   00162    0.3600    -293.7436  0.5222 
   00163    0.3600    -306.7359  0.5336 
   00164    0.3300    -303.8748  0.5685 
   00165    0.4100    -310.0093  0.5656 
   00166    0.3900    -309.0904  0.5781 
   00167    0.4300    -316.1131  0.6060 
   00168    0.3900    -318.9961  0.6011 
   00169    0.3800    -309.7479  0.5805 
   00170    0.4800    -310.7299  0.4817 
   00171    0.2900    -316.1847  0.4680 
   00172    0.4200    -312.5870  0.4455 
   00173    0.3700    -315.3888  0.4288 
   00174    0.4500    -313.3775  0.4163 
   00175    0.3800    -310.5242  0.4035 
   00176    0.4000    -315.4221  0.3934 
   00177    0.3600    -302.2615  0.4013 
   00178    0.3200    -299.0955  0.3840 
   00179    0.3500    -302.1347  0.4399 
   00180    0.3500    -309.5685  0.4172 
   00181    0.4100    -313.3385  0.3989 
   00182    0.3700    -311.8083  0.4077 
   00183    0.3500    -316.9450  0.3964 
   00184    0.4700    -319.8207  0.3703 
   00185    0.2700    -315.2037  0.3564 
   00186    0.3600    -303.5885  0.3806 
   00187    0.4200    -305.0623  0.3950 
   00188    0.3800    -311.8377  0.3783 
   00189    0.4100    -305.4548  0.4299 
   00190    0.3000    -312.4693  0.4195 
   00191    0.3900    -306.1349  0.4353 
   00192    0.3200    -307.6816  0.4459 
   00193    0.3400    -301.8761  0.4218 
   00194    0.4100    -304.8850  0.4128 
   00195    0.3700    -314.2971  0.4331 
   00196    0.3400    -313.9528  0.4284 
   00197    0.3300    -310.9757  0.4696 
   00198    0.4000    -307.5956  0.4924 
   00199    0.3800    -312.2689  0.5007 
   00200    0.3300    -294.7099  0.4815 
   00201    0.3600    -288.6901  0.4912 
   00202    0.4200    -287.4389  0.4898 
   00203    0.3900    -298.7011  0.4705 
   00204    0.3800    -303.0549  0.4957 
   00205    0.3200    -305.8171  0.5151 
   00206    0.3600    -305.1658  0.5397 
   00207    0.4200    -314.3647  0.5521 
   00208    0.3700    -301.2433  0.5401 
   00209    0.4000    -303.8704  0.5374 
   00210    0.3600    -306.6398  0.5315 
   00211    0.3900    -298.3339  0.5230 
   00212    0.3700    -305.6608  0.5419 
   00213    0.4000    -305.2657  0.5366 
   00214    0.3800    -307.6293  0.5321 
   00215    0.3400    -310.4452  0.5220 
   00216    0.4100    -313.0528  0.4934 
   00217    0.3700    -307.3812  0.5303 
   00218    0.3400    -307.5069  0.5562 
   00219    0.4500    -304.6070  0.5820 
   00220    0.3200    -306.3728  0.5558 
   00221    0.3100    -296.8822  0.5464 
   00222    0.3900    -305.7804  0.5652 
   00223    0.4000    -312.7797  0.5391 
   00224    0.3900    -313.6849  0.5137 
   00225    0.2800    -312.8154  0.5095 
   00226    0.3700    -304.5465  0.4907 
   00227    0.4200    -308.0639  0.5224 
   00228    0.4000    -304.3614  0.4762 
   00229    0.4400    -300.1097  0.4643 
   00230    0.5200    -295.0946  0.4983 
   00231    0.4400    -303.1275  0.4971 
   00232    0.3700    -301.8516  0.5475 
   00233    0.4200    -299.0703  0.5712 
   00234    0.3500    -301.8364  0.5504 
   00235    0.4800    -299.7370  0.5428 
   00236    0.4200    -301.9050  0.5571 
   00237    0.3300    -297.4048  0.5800 
   00238    0.3700    -310.4039  0.6418 
   00239    0.4600    -301.8864  0.6438 
   00240    0.3400    -305.5842  0.6603 
   00241    0.4200    -306.9019  0.6460 
   00242    0.5000    -306.8561  0.6332 
   00243    0.3300    -309.9434  0.6670 
   00244    0.3200    -321.9557  0.6500 
   00245    0.3800    -324.1007  0.6712 
   00246    0.3900    -319.8580  0.6431 
   00247    0.4300    -326.2938  0.6730 
   00248    0.4500    -330.0398  0.6704 
   00249    0.3900    -332.9912  0.6722 
   00250    0.4300    -321.7546  0.6416 
   00251    0.4100    -330.4294  0.6757 
   00252    0.2800    -328.1150  0.6392 
   00253    0.3100    -329.3985  0.6491 
   00254    0.3000    -331.8707  0.6388 
   00255    0.3800    -332.0423  0.6220 
   00256    0.2700    -330.0249  0.5997 
   00257    0.4100    -318.3603  0.5739 
   00258    0.3800    -313.0979  0.5960 
   00259    0.3500    -309.4536  0.6161 
   00260    0.4000    -307.9424  0.6339 
   00261    0.3700    -317.7154  0.6097 
   00262    0.3600    -323.0455  0.5908 
   00263    0.4500    -319.3182  0.6177 
   00264    0.3500    -322.9878  0.6322 
   00265    0.3200    -317.9428  0.6532 
   00266    0.2800    -320.5113  0.6410 
   00267    0.3100    -325.4364  0.6033 
   00268    0.3200    -324.0587  0.6120 
   00269    0.5000    -311.7785  0.6092 
   00270    0.3200    -308.7725  0.6000 
   00271    0.3100    -303.4874  0.5769 
   00272    0.3100    -312.2723  0.5797 
   00273    0.4200    -326.2730  0.6132 
   00274    0.3500    -330.1321  0.6119 
   00275    0.4100    -318.2695  0.5963 
   00276    0.4800    -319.0785  0.6036 
   00277    0.3900    -316.8148  0.6024 
   00278    0.4000    -321.6585  0.6435 
   00279    0.3800    -318.1337  0.6657 
   00280    0.3900    -324.2983  0.6740 
   00281    0.5100    -312.9337  0.6414 
   00282    0.4200    -313.1840  0.6325 
   00283    0.4200    -318.8286  0.6553 
   00284    0.2900    -309.2914  0.6123 
   00285    0.4100    -314.3071  0.6061 
   00286    0.3600    -315.1416  0.6083 
   00287    0.3200    -318.4119  0.6329 
   00288    0.4000    -319.5300  0.6633 
   00289    0.4100    -314.9605  0.6537 
   00290    0.3900    -311.3352  0.6441 
   00291    0.3600    -307.9853  0.6003 
   00292    0.3700    -305.7811  0.6151 
   00293    0.3100    -307.6836  0.6292 
   00294    0.3700    -314.4934  0.6387 
   00295    0.3800    -312.7281  0.6448 
   00296    0.4300    -314.6476  0.6540 
   00297    0.3900    -312.4063  0.6476 
   00298    0.4100    -304.4770  0.6758 
   00299    0.3900    -301.8024  0.6615 
   00300    0.3700    -309.9007  0.6752 
   00301    0.4300    -309.3166  0.6897 
   00302    0.3500    -308.8437  0.6592 
   00303    0.3800    -311.3042  0.6651 
   00304    0.4400    -312.9179  0.6460 
   00305    0.2700    -301.4019  0.6109 
   00306    0.3400    -297.1136  0.6032 
   00307    0.3900    -305.9943  0.6139 
   00308    0.4600    -304.7831  0.6005 
   00309    0.2700    -298.6688  0.6179 
   00310    0.4000    -302.2148  0.6269 
   00311    0.3700    -303.7508  0.6232 
   00312    0.4100    -304.6694  0.6194 
   00313    0.3600    -302.0482  0.6302 
   00314    0.4000    -312.7285  0.6566 
   00315    0.2900    -312.0058  0.6437 
   00316    0.4100    -318.8784  0.6667 
   00317    0.2700    -319.0368  0.6563 
   00318    0.4200    -314.3653  0.6437 
   00319    0.3600    -309.7032  0.6007 
   00320    0.4000    -307.0588  0.5886 
   00321    0.3400    -308.2867  0.5922 
   00322    0.3500    -305.5815  0.5563 
   00323    0.3200    -302.5574  0.5243 
   00324    0.3300    -306.3409  0.5029 
   00325    0.4400    -297.8908  0.4519 
   00326    0.4000    -291.9834  0.4930 
   00327    0.4000    -291.6856  0.4833 
   00328    0.3900    -295.8225  0.4815 
   00329    0.3400    -299.5651  0.4751 
   00330    0.3600    -297.6625  0.5059 
   00331    0.3800    -289.7515  0.5096 
   00332    0.4000    -288.8359  0.5218 
   00333    0.4400    -301.3136  0.5169 
   00334    0.3700    -306.3354  0.5472 
   00335    0.3300    -300.8220  0.5516 
   00336    0.3100    -306.2088  0.5747 
   00337    0.3900    -310.4029  0.5659 
   00338    0.4300    -307.8945  0.5690 
   00339    0.5100    -309.2791  0.5644 
   00340    0.3300    -305.1810  0.5564 
   00341    0.3400    -304.4126  0.5539 
   00342    0.4400    -308.2131  0.6109 
   00343    0.4300    -311.3366  0.6298 
   00344    0.4200    -311.2402  0.6576 
   00345    0.4400    -309.4380  0.6547 
   00346    0.4400    -312.2484  0.6630 
   00347    0.2900    -306.1268  0.6550 
   00348    0.4100    -296.0361  0.6363 
   00349    0.3500    -306.6276  0.6563 
   00350    0.4000    -298.8720  0.6635 
   00351    0.3400    -301.9415  0.6768 
   00352    0.3900    -307.8663  0.6842 
   00353    0.3500    -302.4212  0.6842 
   00354    0.3000    -300.3074  0.6576 
   00355    0.4800    -287.3350  0.6600 
   00356    0.3700    -294.5181  0.6841 
   00357    0.4000    -291.8923  0.7091 
   00358    0.4000    -308.8606  0.7021 
   00359    0.3100    -298.1995  0.6924 
   00360    0.3500    -296.4739  0.6813 
   00361    0.3500    -304.4283  0.6742 
   00362    0.3900    -315.2661  0.6538 
   00363    0.4000    -325.3443  0.6778 
   00364    0.3600    -325.3727  0.6972 
   00365    0.4200    -311.2750  0.6901 
   00366    0.3300    -308.8213  0.6941 
   00367    0.3300    -301.6295  0.6939 
   00368    0.3500    -306.5541  0.7372 
   00369    0.4100    -311.8281  0.7347 
   00370    0.4000    -317.2001  0.7096 
   00371    0.4000    -309.5835  0.6751 
   00372    0.3900    -301.8372  0.6685 
   00373    0.4300    -309.2672  0.6703 
   00374    0.3100    -311.4420  0.6748 
   00375    0.3800    -318.4160  0.6865 
   00376    0.3000    -316.9638  0.6724 
   00377    0.3200    -319.5669  0.7060 
   00378    0.4600    -315.1294  0.6809 
   00379    0.4500    -302.5356  0.6842 
   00380    0.3200    -309.2584  0.7132 
   00381    0.4200    -297.5295  0.6765 
   00382    0.3200    -303.1954  0.6936 
   00383    0.4100    -314.6037  0.7282 
   00384    0.3300    -315.4464  0.7341 
   00385    0.3700    -321.7649  0.7768 
   00386    0.3600    -318.9790  0.7626 
   00387    0.3100    -312.4451  0.7592 
   00388    0.3200    -319.0764  0.7813 
   00389    0.2900    -321.0455  0.7849 
   00390    0.2400    -327.9715  0.7993 
   00391    0.3800    -333.7050  0.8185 
   00392    0.3900    -320.5135  0.8109 
   00393    0.4200    -326.9082  0.8135 
   00394    0.3900    -325.7900  0.8405 
   00395    0.4100    -329.7172  0.8125 
   00396    0.4700    -330.4399  0.8181 
   00397    0.4000    -339.1820  0.8287 
   00398    0.3200    -333.7215  0.8141 
   00399    0.4300    -336.0046  0.8247 
   00400    0.4700    -329.7825  0.8359 
   00401    0.3400    -316.9525  0.8244 
   00402    0.3100    -325.2648  0.8240 
   00403    0.3800    -319.1702  0.8061 
   00404    0.3900    -320.5965  0.8014 
   00405    0.3700    -324.4620  0.8102 
   00406    0.4500    -318.8881  0.8005 
   00407    0.3000    -332.7625  0.8318 
   00408    0.3300    -329.0945  0.8257 
   00409    0.2500    -320.2150  0.8138 
   00410    0.3500    -325.3128  0.8191 
   00411    0.4000    -328.7964  0.8295 
   00412    0.2800    -335.6792  0.8400 
   00413    0.3700    -341.3404  0.8643 
   00414    0.3400    -341.1272  0.8419 
   00415    0.3000    -336.6758  0.8308 
   00416    0.4000    -333.8641  0.8161 
   00417    0.3900    -340.5324  0.8322 
   00418    0.3400    -339.5922  0.8516 
   00419    0.3700    -325.7556  0.8185 
   00420    0.3700    -328.7106  0.8149 
   00421    0.3500    -332.9119  0.8336 
   00422    0.3500    -337.6114  0.8238 
   00423    0.4900    -336.2463  0.8371 
   00424    0.4500    -334.9390  0.8078 
   00425    0.3700    -330.6750  0.7970 
   00426    0.4000    -330.0871  0.8030 
   00427    0.4400    -327.3136  0.8049 
   00428    0.3800    -328.2758  0.8157 
   00429    0.3900    -325.8727  0.8067 
   00430    0.4000    -331.1510  0.8261 
   00431    0.4200    -333.0075  0.8137 
   00432    0.4500    -336.8506  0.8359 
   00433    0.4700    -331.8915  0.8298 
   00434    0.3100    -335.3270  0.8277 
   00435    0.2700    -334.3629  0.8274 
   00436    0.3800    -343.5861  0.8500 
   00437    0.3800    -343.4645  0.8506 
   00438    0.3700    -346.2160  0.8498 
   00439    0.3700    -346.6421  0.8467 
   00440    0.3500    -339.0838  0.8230 
   00441    0.3500    -327.5769  0.8124 
   00442    0.3100    -325.3015  0.7709 
   00443    0.3400    -326.2491  0.7899 
   00444    0.4600    -331.9442  0.7935 
   00445    0.2900    -335.2464  0.7911 
   00446    0.3300    -335.2459  0.7827 
   00447    0.3300    -330.0182  0.7734 
   00448    0.4900    -343.3217  0.7924 
   00449    0.4600    -343.4712  0.8050 
   00450    0.3200    -344.5254  0.8252 
   00451    0.3700    -332.6415  0.8361 
   00452    0.3500    -338.1599  0.8363 
   00453    0.4700    -332.6239  0.8345 
   00454    0.2800    -328.1264  0.8459 
   00455    0.3500    -322.6368  0.8292 
   00456    0.3600    -331.5504  0.8384 
   00457    0.4400    -332.5655  0.8451 
   00458    0.4000    -326.1433  0.8487 
   00459    0.3400    -330.5519  0.8646 
   00460    0.4100    -338.4639  0.8718 
   00461    0.3900    -335.7792  0.8659 
   00462    0.3600    -325.2438  0.8600 
   00463    0.3800    -328.0884  0.8592 
   00464    0.3400    -331.2334  0.8666 
   00465    0.3800    -330.1682  0.8598 
   00466    0.3700    -321.2961  0.8549 
   00467    0.4600    -318.7564  0.8553 
   00468    0.4000    -330.2148  0.8671 
   00469    0.4600    -327.4017  0.8618 
   00470    0.3800    -322.7498  0.8581 
   00471    0.4700    -328.3497  0.8652 
   00472    0.3300    -337.0437  0.8718 
   00473    0.3900    -336.9683  0.8638 
   00474    0.3900    -325.2917  0.8479 
   00475    0.4100    -327.3734  0.8496 
   00476    0.3100    -326.4748  0.8485 
   00477    0.3100    -330.3790  0.8531 
   00478    0.3500    -326.8572  0.8353 
   00479    0.3100    -326.6360  0.8451 
   00480    0.3900    -328.0662  0.8445 
   00481    0.3600    -330.8436  0.8510 
   00482    0.4600    -328.7836  0.8554 
   00483    0.3300    -334.2752  0.8294 
   00484    0.3600    -334.3180  0.8370 
   00485    0.4400    -339.9719  0.8456 
   00486    0.3600    -337.2691  0.8773 
   00487    0.4700    -336.3299  0.8756 
   00488    0.4800    -327.9776  0.8532 
   00489    0.4300    -332.9633  0.8454 
   00490    0.4000    -326.3973  0.8257 
   00491    0.4700    -336.5641  0.8013 
   00492    0.3000    -334.7057  0.8124 
   00493    0.3700    -331.2709  0.8089 
   00494    0.4000    -335.1988  0.8262 
   00495    0.3200    -332.8746  0.8253 
   00496    0.4500    -338.0587  0.8403 
   00497    0.2700    -330.8633  0.8101 
   00498    0.3600    -327.8946  0.7890 
   00499    0.4200    -328.8080  0.7864 
   00500    0.3100    -326.2730  0.7571 
   00501    0.3300    -321.5737  0.7438 
   00502    0.3300    -316.8243  0.7247 
   00503    0.3700    -324.9352  0.7214 
   00504    0.3200    -326.5275  0.7405 
   00505    0.3200    -323.3391  0.7259 
   00506    0.3200    -322.8138  0.7453 
   00507    0.3700    -327.0554  0.7477 
   00508    0.3600    -325.3667  0.7313 
   00509    0.4100    -319.4812  0.7066 
   00510    0.3500    -309.0373  0.6739 
   00511    0.3600    -316.6112  0.7209 
   00512    0.4500    -304.8480  0.6922 
   00513    0.4100    -306.5934  0.6889 
   00514    0.3800    -313.9288  0.7148 
   00515    0.3700    -301.5220  0.6934 
   00516    0.4700    -308.0089  0.7218 
   00517    0.3400    -315.6985  0.7101 
   00518    0.4200    -318.2232  0.7462 
   00519    0.2800    -318.8931  0.7564 
   00520    0.3500    -323.4305  0.7727 
   00521    0.3600    -320.5256  0.7791 
   00522    0.3700    -326.6634  0.7994 
   00523    0.3400    -330.7541  0.8309 
   00524    0.3800    -329.5571  0.8272 
   00525    0.3800    -332.4705  0.8443 
   00526    0.4000    -331.4755  0.8398 
   00527    0.3100    -327.1327  0.8309 
   00528    0.4000    -337.1478  0.8390 
   00529    0.3300    -339.6481  0.8631 
   00530    0.2600    -342.6641  0.8662 
   00531    0.3100    -348.4992  0.8638 
   00532    0.2800    -345.0365  0.8631 
   00533    0.3000    -345.0674  0.8602 
   00534    0.3600    -343.8027  0.8613 
   00535    0.3900    -347.1793  0.8857 
   00536    0.3000    -341.6511  0.8845 
   00537    0.3600    -343.1230  0.8894 
   00538    0.3600    -329.2210  0.8626 
   00539    0.2600    -336.8242  0.8599 
   00540    0.4200    -343.2162  0.8528 
   00541    0.3400    -341.1516  0.8270 
   00542    0.4000    -335.2746  0.8163 
   00543    0.3300    -330.1239  0.8020 
   00544    0.3500    -327.1212  0.8060 
   00545    0.3700    -320.7434  0.8008 
   00546    0.4800    -329.9130  0.8194 
   00547    0.4300    -326.7863  0.7883 
   00548    0.4000    -330.9811  0.7816 
   00549    0.3600    -327.7823  0.7780 
   00550    0.3600    -320.4622  0.7794 
   00551    0.3800    -325.6947  0.7714 
   00552    0.3500    -320.0750  0.7611 
   00553    0.5000    -329.1515  0.7548 
   00554    0.3700    -329.9616  0.7416 
   00555    0.3800    -319.7855  0.7240 
   00556    0.4400    -329.4092  0.7152 
   00557    0.4500    -327.9599  0.7006 
   00558    0.3700    -325.0756  0.7013 
   00559    0.3600    -326.2598  0.6727 
   00560    0.2700    -333.5002  0.6918 
   00561    0.3600    -337.8314  0.6852 
   00562    0.4100    -337.7836  0.6853 
   00563    0.3900    -331.7715  0.6669 
   00564    0.3900    -316.5275  0.6265 
   00565    0.3900    -309.7590  0.6176 
   00566    0.3300    -315.7400  0.6027 
   00567    0.3900    -312.9308  0.6317 
   00568    0.3300    -323.1590  0.6572 
   00569    0.3800    -315.5402  0.6813 
   00570    0.4100    -319.7740  0.6899 
   00571    0.4200    -324.6608  0.6949 
   00572    0.3100    -331.1285  0.7240 
   00573    0.4500    -326.4671  0.7053 
   00574    0.3100    -320.0015  0.7086 
   00575    0.4100    -318.7008  0.7096 
   00576    0.3300    -319.5539  0.7068 
   00577    0.4300    -324.8456  0.7234 
   00578    0.4100    -318.4946  0.7406 
   00579    0.3800    -319.9152  0.7472 
   00580    0.4000    -324.9875  0.7800 
   00581    0.3800    -319.6208  0.7782 
   00582    0.3600    -314.9023  0.7698 
   00583    0.3900    -314.4238  0.7734 
   00584    0.2700    -322.0383  0.7882 
   00585    0.4200    -337.2943  0.8167 
   00586    0.3600    -327.9001  0.8012 
   00587    0.3900    -324.8682  0.8157 
   00588    0.3900    -338.2432  0.8285 
   00589    0.3600    -343.1515  0.8450 
   00590    0.3900    -340.1992  0.8509 
   00591    0.4000    -341.8221  0.8636 
   00592    0.3800    -343.2067  0.8869 
   00593    0.4100    -342.3463  0.8931 
   00594    0.2900    -344.7776  0.8900 
   00595    0.3700    -344.5328  0.8860 
   00596    0.3800    -344.2838  0.8829 
   00597    0.4000    -339.4248  0.8774 
   00598    0.3500    -331.8705  0.8598 
   00599    0.3100    -329.3617  0.8494 
   00600    0.3300    -333.6649  0.8491 
   00601    0.3100    -340.3403  0.8443 
   00602    0.3600    -336.9669  0.8542 
   00603    0.4000    -339.7177  0.8620 
   00604    0.3600    -335.2258  0.8607 
   00605    0.4000    -343.1508  0.8774 
   00606    0.4000    -340.4679  0.8923 
   00607    0.3600    -341.8467  0.8928 
   00608    0.4900    -340.0738  0.8745 
   00609    0.3700    -337.2803  0.8965 
   00610    0.3200    -331.4556  0.8851 
   00611    0.2800    -337.3487  0.8958 
   00612    0.3400    -342.6789  0.9033 
   00613    0.4100    -349.1671  0.9065 
   00614    0.3100    -347.5445  0.9058 
   00615    0.4000    -352.6724  0.9221 
   00616    0.5100    -346.1305  0.9076 
   00617    0.3300    -343.2256  0.8974 
   00618    0.3900    -337.4984  0.8930 
   00619    0.4500    -330.3023  0.8650 
   00620    0.3600    -327.8547  0.8500 
   00621    0.3400    -320.1692  0.8449 
   00622    0.3700    -320.7509  0.8452 
   00623    0.3600    -325.6078  0.8447 
   00624    0.3400    -323.5406  0.8391 
   00625    0.3600    -311.0195  0.8108 
   00626    0.4200    -305.4878  0.8392 
   00627    0.4000    -300.4033  0.7999 
   00628    0.4100    -302.8424  0.8202 
   00629    0.3600    -307.5068  0.8294 
   00630    0.4500    -330.7235  0.8697 
   00631    0.4100    -338.3404  0.8823 
   00632    0.4000    -338.9701  0.8789 
   00633    0.3200    -343.0712  0.8780 
   00634    0.4100    -342.6949  0.8749 
   00635    0.4200    -340.2144  0.8677 
   00636    0.3500    -339.2630  0.8663 
   00637    0.3600    -332.1069  0.8552 
   00638    0.3800    -333.2517  0.8462 
   00639    0.3100    -321.4997  0.8102 
   00640    0.3100    -322.4441  0.8070 
   00641    0.3300    -323.0369  0.8030 
   00642    0.4000    -325.8816  0.8137 
   00643    0.3200    -325.3641  0.8427 
   00644    0.3200    -329.1047  0.8531 
   00645    0.2900    -333.0481  0.8611 
   00646    0.4200    -319.7844  0.8452 
   00647    0.3900    -317.7784  0.8397 
   00648    0.4300    -317.7904  0.8393 
   00649    0.3900    -322.8299  0.8499 
   00650    0.3500    -306.4963  0.8321 
   00651    0.3800    -313.4026  0.8145 
   00652    0.3300    -314.7682  0.8011 
   00653    0.3100    -309.7658  0.7942 
   00654    0.4300    -312.4589  0.8054 
   00655    0.3700    -316.4723  0.8424 
   00656    0.3800    -331.7067  0.8841 
   00657    0.3700    -332.4450  0.8834 
   00658    0.3400    -332.3424  0.8877 
   00659    0.3800    -325.5096  0.8771 
   00660    0.4700    -310.9289  0.8566 
   00661    0.3100    -314.1327  0.8671 
   00662    0.4200    -308.7912  0.8523 
   00663    0.3200    -326.0074  0.8774 
   00664    0.4100    -351.5013  0.9123 
   00665    0.3700    -348.1501  0.9030 
   00666    0.4200    -345.8853  0.8960 
   00667    0.4000    -358.0011  0.9115 
   00668    0.3600    -355.2853  0.9085 
   00669    0.3700    -350.6441  0.9099 
   00670    0.3400    -349.1230  0.9216 
   00671    0.4800    -345.5498  0.9118 
   00672    0.3600    -345.1623  0.9038 
   00673    0.3600    -345.1683  0.9095 
   00674    0.3500    -345.7153  0.9128 
   00675    0.3200    -345.6884  0.9139 
   00676    0.3500    -355.8675  0.9070 
   00677    0.2700    -347.6431  0.8914 
   00678    0.3400    -352.7548  0.8970 
   00679    0.3700    -346.4464  0.8938 
   00680    0.3800    -346.4811  0.9013 
   00681    0.3000    -339.7422  0.8900 
   00682    0.3100    -341.5054  0.8901 
   00683    0.2800    -342.1909  0.8847 
   00684    0.4000    -344.3425  0.8848 
   00685    0.3200    -337.2976  0.8729 
   00686    0.3500    -332.7290  0.8556 
   00687    0.3000    -341.5063  0.8663 
   00688    0.4100    -345.0465  0.8735 
   00689    0.3800    -350.8734  0.8852 
   00690    0.4000    -343.2011  0.8868 
   00691    0.3500    -341.4791  0.8819 
   00692    0.3200    -317.3788  0.8524 
   00693    0.4500    -327.7225  0.8702 
   00694    0.3900    -331.0785  0.8649 
   00695    0.3400    -330.3494  0.8493 
   00696    0.4000    -336.9914  0.8594 
   00697    0.3800    -339.9832  0.8588 
   00698    0.3900    -332.5369  0.8553 
   00699    0.3500    -342.4242  0.8720 
   00700    0.3900    -342.6410  0.8586 
   00701    0.3000    -335.8463  0.8574 
   00702    0.3700    -332.4786  0.8370 
   00703    0.3000    -336.1338  0.8549 
   00704    0.3300    -333.6261  0.8646 
   00705    0.2800    -324.0568  0.8417 
   00706    0.3800    -325.8226  0.8449 
   00707    0.4100    -338.2004  0.8732 
   00708    0.4100    -334.8549  0.8511 
   00709    0.4100    -321.0457  0.8301 
   00710    0.3400    -325.0491  0.8262 
   00711    0.4400    -328.8330  0.8252 
   00712    0.3400    -332.1403  0.8329 
   00713    0.3500    -326.2816  0.8315 
   00714    0.2800    -333.4097  0.8379 
   00715    0.3500    -320.3295  0.8379 
   00716    0.3800    -329.7879  0.8178 
   00717    0.4000    -328.4725  0.8049 
   00718    0.4000    -331.6945  0.8012 
   00719    0.2300    -335.5556  0.7987 
   00720    0.3500    -333.5051  0.8017 
   00721    0.3100    -342.0459  0.8241 
   00722    0.3300    -343.7333  0.8226 
   00723    0.2600    -341.6794  0.8292 
   00724    0.3300    -341.4008  0.8266 
   00725    0.3300    -337.5227  0.8140 
   00726    0.4400    -329.9341  0.8146 
   00727    0.3800    -329.7090  0.8184 
   00728    0.4100    -324.5647  0.8133 
   00729    0.3700    -308.9783  0.7958 
   00730    0.3900    -314.5698  0.7836 
   00731    0.3400    -324.0168  0.7806 
   00732    0.3100    -329.3005  0.7939 
   00733    0.4100    -329.0266  0.7919 
   00734    0.3300    -332.5217  0.8103 
   00735    0.3900    -330.6388  0.7926 
   00736    0.3400    -331.2810  0.8045 
   00737    0.3300    -333.6648  0.8229 
   00738    0.3400    -338.7196  0.8493 
   00739    0.3700    -332.1649  0.8338 
   00740    0.3600    -323.9438  0.8176 
   00741    0.4000    -321.5533  0.7970 
   00742    0.3500    -317.1646  0.7885 
   00743    0.3100    -325.5635  0.8227 
   00744    0.3100    -332.0755  0.8099 
   00745    0.2800    -341.7752  0.8372 
   00746    0.3200    -337.7909  0.8280 
   00747    0.3700    -343.1514  0.8479 
   00748    0.3500    -338.3532  0.8320 
   00749    0.3300    -337.0187  0.8532 
   00750    0.3400    -334.2316  0.8436 
   00751    0.3800    -325.9689  0.8317 
   00752    0.3800    -335.1200  0.8279 
   00753    0.3500    -320.5400  0.8316 
   00754    0.3300    -322.7413  0.8202 
   00755    0.3400    -331.3348  0.8327 
   00756    0.3100    -328.0570  0.8290 
   00757    0.3200    -329.6497  0.8467 
   00758    0.4300    -314.7243  0.8283 
   00759    0.3600    -321.7626  0.8503 
   00760    0.3700    -322.8630  0.8663 
   00761    0.3900    -333.6138  0.8888 
   00762    0.3000    -338.5284  0.8895 
   00763    0.2900    -339.1411  0.8818 
   00764    0.2800    -336.4708  0.8827 
   00765    0.3000    -338.4547  0.8891 
   00766    0.4000    -326.2966  0.8768 
   00767    0.3400    -330.4209  0.8820 
   00768    0.2400    -331.1487  0.8759 
   00769    0.3500    -341.8698  0.8964 
   00770    0.3100    -344.9460  0.8996 
   00771    0.3600    -343.1819  0.9017 
   00772    0.3700    -340.8012  0.8948 
   00773    0.4500    -338.7825  0.8782 
   00774    0.3100    -352.1479  0.8981 
   00775    0.3200    -350.0971  0.8879 
   00776    0.3500    -348.8646  0.8982 
   00777    0.3600    -345.2286  0.8832 
   00778    0.3100    -346.0647  0.8884 
   00779    0.3900    -343.9012  0.8717 
   00780    0.3200    -348.3356  0.8829 
   00781    0.2500    -340.9511  0.8636 
   00782    0.3400    -337.4416  0.8673 
   00783    0.4300    -328.5184  0.8657 
   00784    0.3200    -342.9399  0.8850 
   00785    0.2800    -344.1551  0.8780 
   00786    0.3300    -353.4928  0.8757 
   00787    0.4300    -348.1506  0.8757 
   00788    0.3600    -339.5737  0.8679 
   00789    0.2900    -337.5603  0.8534 
   00790    0.4300    -341.6360  0.8591 
   00791    0.3200    -337.0724  0.8470 
   00792    0.3100    -328.9153  0.8406 
   00793    0.3400    -330.3989  0.8380 
   00794    0.3800    -329.9693  0.8310 
   00795    0.4100    -332.3165  0.8442 
   00796    0.3400    -331.6426  0.8463 
   00797    0.4800    -333.1093  0.8558 
   00798    0.4000    -330.5761  0.8287 
   00799    0.4500    -318.6352  0.8019 
   00800    0.3900    -317.9180  0.7903 
   00801    0.4100    -315.4251  0.8011 
   00802    0.4300    -306.8896  0.7986 
   00803    0.3400    -314.5060  0.7958 
   00804    0.4000    -309.6649  0.8032 
   00805    0.3400    -305.0073  0.7945 
   00806    0.4300    -304.9691  0.7793 
   00807    0.3700    -298.1609  0.7516 
   00808    0.3300    -293.1137  0.7136 
   00809    0.4400    -301.7658  0.7191 
   00810    0.3300    -314.8423  0.7523 
   00811    0.3100    -315.3754  0.7250 
   00812    0.2300    -306.7320  0.7104 
   00813    0.4000    -312.5803  0.7272 
   00814    0.4200    -307.2957  0.7028 
   00815    0.4200    -317.2960  0.7172 
   00816    0.4100    -303.5006  0.7175 
   00817    0.3600    -302.4261  0.7241 
   00818    0.3400    -313.1150  0.7522 
   00819    0.3600    -323.9185  0.7764 
   00820    0.3700    -330.0110  0.7702 
   00821    0.4500    -330.0875  0.7423 
   00822    0.3000    -329.8647  0.7452 
   00823    0.4300    -332.7664  0.7513 
   00824    0.4600    -332.4073  0.7679 
   00825    0.3700    -326.6653  0.7547 
   00826    0.3100    -333.1189  0.7715 
   00827    0.3500    -332.6116  0.7556 
   00828    0.4000    -324.4218  0.7528 
   00829    0.3300    -337.6597  0.7622 
   00830    0.4200    -341.5427  0.7793 
   00831    0.3400    -337.1541  0.7961 
   00832    0.3600    -331.1407  0.8050 
   00833    0.3300    -331.3360  0.7924 
   00834    0.4000    -318.0467  0.7850 
   00835    0.4100    -312.9639  0.7722 
   00836    0.3300    -319.3166  0.7770 
   00837    0.3600    -323.7289  0.7805 
   00838    0.3600    -316.4479  0.7688 
   00839    0.4300    -309.8843  0.7816 
   00840    0.3900    -317.6542  0.7886 
   00841    0.3600    -324.4923  0.7880 
   00842    0.4400    -329.4863  0.7985 
   00843    0.3600    -337.0972  0.8318 
   00844    0.4900    -345.0278  0.8404 
   00845    0.3400    -341.5060  0.8195 
   00846    0.3500    -345.9142  0.8195 
   00847    0.3500    -339.5642  0.8307 
   00848    0.2800    -349.5238  0.8484 
   00849    0.3000    -343.1857  0.8406 
   00850    0.2300    -352.5520  0.8576 
   00851    0.3800    -348.6710  0.8598 
   00852    0.2700    -346.0705  0.8499 
   00853    0.3800    -351.4309  0.8654 
   00854    0.3100    -347.3561  0.8490 
   00855    0.3400    -343.7034  0.8555 
   00856    0.3300    -334.3990  0.8446 
   00857    0.4900    -334.5169  0.8484 
   00858    0.4600    -333.9918  0.8404 
   00859    0.3500    -348.5181  0.8530 
   00860    0.3200    -348.8215  0.8704 
   00861    0.3800    -337.1931  0.8562 
   00862    0.3400    -334.3547  0.8353 
   00863    0.2900    -332.9691  0.8287 
   00864    0.3600    -337.8658  0.8389 
   00865    0.3600    -335.4235  0.8488 
   00866    0.3700    -341.2998  0.8504 
   00867    0.3800    -336.3366  0.8335 
   00868    0.3800    -343.1689  0.8512 
   00869    0.3900    -339.3309  0.8665 
   00870    0.3600    -336.4551  0.8588 
   00871    0.3400    -334.5946  0.8383 
   00872    0.3200    -332.8286  0.8347 
   00873    0.3400    -326.4933  0.8359 
   00874    0.3300    -334.1614  0.8482 
   00875    0.2800    -332.0525  0.8443 
   00876    0.4000    -341.1182  0.8611 
   00877    0.4600    -336.4147  0.8671 
   00878    0.3000    -336.5318  0.8588 
   00879    0.3100    -344.0262  0.8664 
   00880    0.3400    -338.8548  0.8593 
   00881    0.3000    -339.7784  0.8447 
   00882    0.3600    -346.4436  0.8763 
   00883    0.3100    -344.8780  0.8742 
   00884    0.3600    -347.6975  0.8714 
   00885    0.4700    -330.7331  0.8430 
   00886    0.2800    -330.7453  0.8310 
   00887    0.3100    -329.8672  0.8390 
   00888    0.3400    -339.0706  0.8649 
   00889    0.3200    -345.4703  0.8813 
   00890    0.2300    -337.7062  0.8596 
   00891    0.3400    -337.4941  0.8441 
   00892    0.4100    -332.9847  0.8429 
   00893    0.3900    -332.6344  0.8600 
   00894    0.3000    -337.8204  0.8679 
   00895    0.3400    -343.8936  0.8776 
   00896    0.3200    -342.2119  0.8797 
   00897    0.3500    -350.8456  0.9005 
   00898    0.4100    -349.1221  0.8864 
   00899    0.3000    -348.4271  0.8913 
   00900    0.3300    -334.7520  0.8728 
   00901    0.3600    -338.5810  0.8697 
   00902    0.3600    -335.5443  0.8540 
   00903    0.3700    -340.7477  0.8611 
   00904    0.4000    -350.2482  0.8762 
   00905    0.3200    -348.7527  0.8606 
   00906    0.3400    -337.4310  0.8459 
   00907    0.4400    -337.4766  0.8485 
   00908    0.3000    -334.8792  0.8445 
   00909    0.3400    -327.2535  0.8400 
   00910    0.4000    -323.3016  0.8514 
   00911    0.4000    -326.6109  0.8488 
   00912    0.3400    -330.5721  0.8483 
   00913    0.3100    -318.4205  0.8449 
   00914    0.2600    -321.9144  0.8521 
   00915    0.4300    -344.7149  0.8838 
   00916    0.4000    -344.0070  0.8872 
   00917    0.3600    -347.2844  0.8684 
   00918    0.3100    -348.6222  0.8728 
   00919    0.3900    -344.8076  0.9064 
   00920    0.2900    -348.3844  0.9102 
   00921    0.3100    -346.9479  0.9143 
   00922    0.3100    -356.8510  0.9300 
   00923    0.3800    -342.4529  0.9036 
   00924    0.3700    -350.9083  0.9262 
   00925    0.4500    -341.5186  0.9191 
   00926    0.4200    -350.3890  0.9158 
   00927    0.3800    -350.3351  0.9160 
   00928    0.3700    -350.3703  0.9175 
   00929    0.3000    -350.3231  0.9146 
   00930    0.3600    -341.3550  0.9020 
   00931    0.4100    -339.9619  0.8986 
   00932    0.3700    -344.5879  0.9091 
   00933    0.4000    -344.0099  0.8885 
   00934    0.3100    -350.0420  0.9115 
   00935    0.4400    -351.6112  0.9118 
   00936    0.2600    -344.7655  0.8970 
   00937    0.4200    -341.1122  0.8856 
   00938    0.3300    -335.9386  0.8768 
   00939    0.4400    -340.6901  0.8860 
   00940    0.3600    -338.8832  0.8822 
   00941    0.3300    -340.0644  0.8796 
   00942    0.3400    -340.8453  0.8831 
   00943    0.4100    -350.5256  0.9050 
   00944    0.4300    -343.1916  0.8874 
   00945    0.4600    -343.0239  0.8789 
   00946    0.3100    -346.8894  0.8851 
   00947    0.3300    -347.4475  0.8805 
   00948    0.4900    -335.1400  0.8657 
   00949    0.4200    -338.5046  0.8828 
   00950    0.3400    -344.7257  0.8852 
   00951    0.3500    -340.2202  0.8859 
   00952    0.3500    -343.8800  0.8946 
   00953    0.3500    -346.5864  0.8937 
   00954    0.3400    -340.5575  0.8784 
   00955    0.4000    -333.7244  0.8794 
   00956    0.4100    -340.5720  0.8894 
   00957    0.3600    -341.5248  0.8863 
   00958    0.3800    -349.7110  0.8971 
   00959    0.3700    -348.8855  0.9068 
   00960    0.3800    -353.3316  0.9058 
   00961    0.3800    -352.6226  0.8978 
   00962    0.3200    -355.1333  0.9150 
   00963    0.3600    -342.3039  0.8816 
   00964    0.3600    -336.6919  0.8778 
   00965    0.3700    -352.1717  0.9036 
   00966    0.2800    -351.8903  0.9067 
   00967    0.3200    -347.5055  0.8994 
   00968    0.3200    -348.4222  0.8904 
   00969    0.3900    -344.3759  0.8942 
   00970    0.4000    -348.8130  0.8923 
   00971    0.3600    -349.2639  0.9002 
   00972    0.3700    -352.2800  0.9041 
   00973    0.3100    -354.4224  0.9160 
   00974    0.4200    -341.5605  0.8943 
   00975    0.3600    -336.1980  0.8848 
   00976    0.3700    -330.7631  0.8686 
   00977    0.3500    -330.8018  0.8741 
   00978    0.4100    -335.1442  0.8863 
   00979    0.3800    -342.9891  0.8863 
   00980    0.4000    -343.3304  0.8823 
   00981    0.2600    -351.5597  0.8987 
   00982    0.3800    -345.9626  0.8807 
   00983    0.4000    -346.7653  0.9011 
   00984    0.4100    -338.0780  0.8855 
   00985    0.3400    -340.4803  0.8783 
   00986    0.3500    -342.8534  0.8765 
   00987    0.3400    -340.1492  0.8728 
   00988    0.3100    -337.9787  0.8779 
   00989    0.3600    -335.0505  0.8676 
   00990    0.3600    -318.3335  0.8303 
   00991    0.3600    -325.0144  0.8326 
   00992    0.3100    -336.3215  0.8510 
   00993    0.3700    -331.7917  0.8542 
   00994    0.4100    -332.7240  0.8585 
   00995    0.3500    -335.1752  0.8626 
   00996    0.2800    -339.4865  0.8742 
   00997    0.3800    -337.7246  0.8476 
   00998    0.3600    -331.8759  0.8553 
   00999    0.4300    -330.1903  0.8614 
   01000    0.3800    -341.0136  0.8735 
