#=====================================================
# File created:        Wed-26-Feb-2025-at-04-09-58AM
# Size of lattice:     20x20
# Number of MC steps:  1000
# Reduced temperature: 0.500
# Run time (s):        4.096367
#=====================================================
# MC step:  Ratio:     Energy:   Order:
#=====================================================
   00000    0.5000    -404.3207  0.3223 
   00001    0.6650    -618.0011  0.3467 
   00002    0.6550    -717.9033  0.3632 
   00003    0.5550    -804.6442  0.3657 
   00004    0.5650    -885.7696  0.3724 
   00005    0.5375    -927.5126  0.3697 
   00006    0.5075    -993.8271  0.3746 
   00007    0.4900   -1037.2344  0.3834 
   00008    0.5000   -1055.3640  0.3686 
   00009    0.4575   -1113.3864  0.3781 
   00010    0.4825   -1112.3377  0.3993 
   00011    0.5075   -1147.8183  0.4082 
   00012    0.4900   -1143.4171  0.4133 
   00013    0.4875   -1163.8353  0.3905 
   00014    0.4600   -1202.2010  0.3895 
   00015    0.4475   -1226.1978  0.3864 
   00016    0.4325   -1215.0517  0.3844 
   00017    0.4150   -1227.2404  0.3943 
   00018    0.4125   -1237.9357  0.4016 
   00019    0.3875   -1237.2481  0.4110 
   00020    0.4425   -1239.3461  0.4231 
   00021    0.4675   -1252.3597  0.4090 
   00022    0.4675   -1240.0766  0.4076 
   00023    0.4600   -1242.3396  0.3785 
   00024    0.4200   -1245.1088  0.4004 
   00025    0.4175   -1246.6354  0.4230 
   00026    0.4375   -1260.0769  0.4289 
   00027    0.4250   -1258.8856  0.4151 
   00028    0.4825   -1250.0196  0.4227 
   00029    0.4100   -1266.8472  0.4244 
   00030    0.4475   -1270.1922  0.4295 
   00031    0.4400   -1265.2042  0.4244 
   00032    0.4450   -1244.4328  0.4228 
   00033    0.4725   -1227.2034  0.4109 
   00034    0.4350   -1239.4342  0.3942 
   00035    0.4275   -1216.7676  0.4081 
   00036    0.4250   -1223.4992  0.4152 
   00037    0.4775   -1243.2187  0.4231 
   00038    0.4225   -1273.6215  0.4362 
   00039    0.4425   -1261.7551  0.4272 
   00040    0.4225   -1262.9825  0.4343 
   00041    0.4175   -1262.3314  0.4395 
   00042    0.4025   -1258.5903  0.4437 
   00043    0.4500   -1257.6747  0.4492 
   00044    0.4000   -1264.8143  0.4356 
   00045    0.4250   -1267.8314  0.4481 
   00046    0.4075   -1293.5406  0.4446 
   00047    0.4625   -1299.8741  0.4411 
   00048    0.3975   -1299.0510  0.4494 
   00049    0.4275   -1298.9747  0.4526 
   00050    0.4125   -1297.7097  0.4579 
   00051    0.4275   -1293.8639  0.4600 
   00052    0.4525   -1291.8125  0.4614 
   00053    0.4400   -1295.0935  0.4709 
   00054    0.4250   -1297.0376  0.4751 
   00055    0.4350   -1291.0755  0.4713 
   00056    0.4300   -1319.6621  0.4906 
   00057    0.4275   -1324.9810  0.4836 
   00058    0.4250   -1313.9378  0.4768 
   00059    0.3975   -1302.2897  0.4844 
   00060    0.4750   -1289.9444  0.4925 
   00061    0.4475   -1284.0732  0.4959 
   00062    0.4100   -1301.7663  0.4935 
   00063    0.4600   -1308.7384  0.5069 
   00064    0.4000   -1318.9184  0.5108 
   00065    0.4950   -1323.7050  0.5314 
   00066    0.4300   -1320.1840  0.5292 
   00067    0.4100   -1303.8721  0.5173 
   00068    0.3925   -1297.8909  0.5365 
   00069    0.4450   -1305.2936  0.5424 
   00070    0.4450   -1319.8911  0.5386 
   00071    0.4200   -1344.4127  0.5332 
   00072    0.3800   -1330.8117  0.5283 
   00073    0.4175   -1334.7144  0.5334 
   00074    0.3975   -1345.0212  0.5234 
   00075    0.3925   -1356.9641  0.5475 
   00076    0.4200   -1358.7281  0.5789 
   00077    0.4050   -1315.1577  0.5600 
   00078    0.4075   -1305.5678  0.5583 
   00079    0.4225   -1308.5640  0.5657 
   00080    0.3925   -1321.5269  0.5707 
   00081    0.4275   -1335.9577  0.5655 
   00082    0.4100   -1331.9205  0.5561 
   00083    0.4225   -1327.5074  0.5604 
   00084    0.3925   -1339.0247  0.5569 
   00085    0.3900   -1326.2974  0.5450 
   00086    0.4150   -1321.9242  0.5437 
   00087    0.4250   -1323.6686  0.5561 
   00088    0.4125   -1316.6158  0.5685 
   00089    0.3850   -1324.5003  0.5706 
   00090    0.4275   -1326.8930  0.5849 
   00091    0.4300   -1325.0494  0.5785 
   00092    0.4375   -1320.8958  0.5939 
   00093    0.3950   -1331.9166  0.5948 
   00094    0.4600   -1327.4634  0.6001 
   00095    0.4025   -1332.8211  0.5841 
   00096    0.4175   -1329.0211  0.5878 
   00097    0.4050   -1308.5952  0.5622 
   00098    0.4025   -1312.4517  0.5630 
   00099    0.4550   -1341.7402  0.5757 
   00100    0.4200   -1337.2367  0.5605 
   00101    0.4000   -1342.3112  0.5329 
   00102    0.4275   -1338.5306  0.5376 
   00103    0.3975   -1341.7774  0.5130 
   00104    0.4375   -1332.8551  0.5228 
   00105    0.4000   -1337.9563  0.5312 
   00106    0.4125   -1338.1879  0.5343 
   00107    0.3900   -1329.8043  0.5340 
   00108    0.4425   -1306.0890  0.5497 
   00109    0.4275   -1313.9865  0.5400 
   00110    0.3925   -1317.7499  0.5243 
   00111    0.3875   -1328.2533  0.5320 
   00112    0.3850   -1328.4327  0.5398 
   00113    0.4325   -1342.8466  0.5334 
   00114    0.4500   -1346.5198  0.5074 
   00115    0.4450   -1333.6108  0.5173 
   00116    0.4225   -1335.6675  0.5038 
   00117    0.4650   -1344.9595  0.5283 
   00118    0.4025   -1323.0921  0.5225 
   00119    0.4550   -1329.2847  0.5232 
   00120    0.3775   -1339.9523  0.5341 
   00121    0.4000   -1333.9730  0.5342 
   00122    0.4100   -1327.2797  0.5495 
   00123    0.3825   -1330.7621  0.5621 
   00124    0.4425   -1344.6241  0.5876 
   00125    0.3825   -1354.9745  0.6022 
   00126    0.4275   -1366.6453  0.6145 
   00127    0.4000   -1359.4594  0.6013 
   00128    0.4275   -1358.5488  0.5969 
   00129    0.3975   -1343.5324  0.6027 
   00130    0.4350   -1322.6956  0.6006 
   00131    0.4525   -1321.1635  0.6091 
   00132    0.4300   -1319.4604  0.6039 
   00133    0.4075   -1318.1470  0.5904 
   00134    0.4550   -1322.4853  0.5905 
   00135    0.4300   -1320.0143  0.5972 
   00136    0.4225   -1316.2640  0.5889 
   00137    0.4475   -1310.7934  0.5793 
   00138    0.4500   -1325.6981  0.5769 
   00139    0.4625   -1328.7575  0.5769 
   00140    0.3925   -1340.5049  0.5743 
   00141    0.4075   -1325.5149  0.5797 
   00142    0.4275   -1331.4079  0.5836 
   00143    0.4175   -1326.6253  0.5705 
   00144    0.4150   -1324.1183  0.5804 
   00145    0.4175   -1300.2808  0.5795 
   00146    0.4175   -1309.3027  0.5929 
   00147    0.4475   -1318.8621  0.6064 
   00148    0.4350   -1327.3995  0.6162 
   00149    0.4550   -1329.7323  0.6195 
   00150    0.4350   -1320.6561  0.6009 
   00151    0.4125   -1322.7231  0.6033 
   00152    0.4275   -1322.4593  0.6081 
   00153    0.4650   -1325.5795  0.6228 
   00154    0.3825   -1346.1331  0.6305 
   00155    0.4200   -1355.4370  0.6237 
   00156    0.4450   -1354.7112  0.6354 
   00157    0.3750   -1353.5243  0.6469 
   00158    0.3875   -1346.0591  0.6441 
   00159    0.4025   -1345.4539  0.6319 
   00160    0.4250   -1345.7249  0.6467 
   00161    0.4150   -1365.8921  0.6545 
   00162    0.4350   -1366.6923  0.6616 
   00163    0.4175   -1378.0020  0.6653 
   00164    0.3925   -1369.2754  0.6620 
   00165    0.4250   -1338.9431  0.6586 
   00166    0.4400   -1309.2491  0.6581 
   00167    0.4050   -1312.6857  0.6664 
   00168    0.4650   -1332.6111  0.6752 
   00169    0.4125   -1330.7289  0.6691 
   00170    0.4100   -1344.3229  0.6954 
   00171    0.4325   -1362.1529  0.7160 
   00172    0.3600   -1371.4740  0.7117 
   00173    0.4450   -1353.9793  0.7051 
   00174    0.3875   -1351.3865  0.7150 
   00175    0.4275   -1334.3451  0.7112 
   00176    0.4300   -1324.9247  0.7136 
   00177    0.4350   -1329.1862  0.7163 
   00178    0.4125   -1344.3780  0.7087 
   00179    0.4150   -1338.0856  0.7148 
   00180    0.4625   -1341.6743  0.7099 
   00181    0.4325   -1345.8843  0.7097 
   00182    0.4725   -1356.2186  0.7196 
   00183    0.3850   -1343.3312  0.7187 
   00184    0.4400   -1347.1249  0.7390 
   00185    0.4000   -1359.9276  0.7494 
   00186    0.3600   -1354.5758  0.7464 
   00187    0.4425   -1346.6970  0.7484 
   00188    0.4350   -1332.3696  0.7482 
   00189    0.4000   -1332.6173  0.7377 
   00190    0.4475   -1347.4295  0.7393 
   00191    0.4450   -1353.0440  0.7393 
   00192    0.3900   -1357.7851  0.7468 
   00193    0.3775   -1350.7341  0.7605 
   00194    0.4575   -1363.3620  0.7701 
   00195    0.3975   -1382.7094  0.7867 
   00196    0.4250   -1378.1136  0.7852 
   00197    0.4225   -1376.4320  0.7719 
   00198    0.4325   -1368.6186  0.7751 
   00199    0.4075   -1354.2373  0.7691 
   00200    0.4725   -1342.8241  0.7680 
   00201    0.4200   -1344.2228  0.7626 
   00202    0.3875   -1348.6672  0.7688 
   00203    0.3875   -1343.3394  0.7656 
   00204    0.4500   -1350.1582  0.7746 
   00205    0.4400   -1349.1330  0.7667 
   00206    0.3825   -1359.0222  0.7719 
   00207    0.4425   -1362.1792  0.7791 
   00208    0.3975   -1374.1940  0.7965 
   00209    0.4375   -1374.1957  0.7945 
   00210    0.4000   -1357.4466  0.7900 
   00211    0.3975   -1363.1580  0.8086 
   00212    0.4075   -1342.7256  0.7924 
   00213    0.4750   -1343.0446  0.8221 
   00214    0.4100   -1350.1892  0.8310 
   00215    0.4175   -1365.6803  0.8376 
   00216    0.3825   -1382.2346  0.8398 
   00217    0.4100   -1392.7913  0.8465 
   00218    0.4250   -1382.3126  0.8440 
   00219    0.3950   -1379.7962  0.8459 
   00220    0.3800   -1362.0440  0.8417 
   00221    0.3975   -1378.7497  0.8491 
   00222    0.4275   -1373.4082  0.8471 
   00223    0.3850   -1366.3518  0.8461 
   00224    0.3875   -1374.0855  0.8579 
   00225    0.3850   -1370.3840  0.8525 
   00226    0.4375   -1367.4384  0.8623 
   00227    0.3850   -1371.0280  0.8619 
   00228    0.4500   -1369.8550  0.8661 
   00229    0.4450   -1383.6396  0.8740 
   00230    0.4200   -1385.6164  0.8638 
   00231    0.3675   -1377.9813  0.8592 
   00232    0.3750   -1382.5173  0.8544 
   00233    0.4075   -1378.7596  0.8612 
   00234    0.4100   -1395.6969  0.8662 
   00235    0.4425   -1386.1804  0.8683 
   00236    0.3900   -1385.1680  0.8745 
   00237    0.4050   -1387.4292  0.8816 
   00238    0.3700   -1369.7875  0.8704 
   00239    0.4225   -1356.1095  0.8587 
   00240    0.3750   -1346.1172  0.8554 
   00241    0.4600   -1345.7729  0.8615 
   00242    0.4150   -1351.4973  0.8604 
   00243    0.4050   -1371.1238  0.8602 
   00244    0.4150   -1377.4257  0.8655 
   00245    0.3875   -1374.1938  0.8660 
   00246    0.4575   -1394.3954  0.8766 
   00247    0.4100   -1392.5730  0.8816 
   00248    0.4125   -1388.8338  0.8757 
   00249    0.4275   -1380.3435  0.8707 
   00250    0.3950   -1379.2390  0.8709 
   00251    0.3750   -1383.9104  0.8756 
   00252    0.4325   -1380.1481  0.8694 
   00253    0.4300   -1379.5551  0.8747 
   00254    0.4425   -1382.0193  0.8763 
   00255    0.4575   -1372.8671  0.8786 
   00256    0.3800   -1367.1193  0.8762 
   00257    0.4075   -1388.3328  0.8772 
   00258    0.4225   -1377.3737  0.8676 
   00259    0.4425   -1377.4312  0.8602 
   00260    0.4350   -1380.8746  0.8620 
   00261    0.4150   -1395.9598  0.8600 
   00262    0.4225   -1382.9277  0.8560 
   00263    0.4400   -1389.1661  0.8539 
   00264    0.3700   -1397.3208  0.8589 
   00265    0.4250   -1396.1249  0.8556 
   00266    0.3900   -1402.0503  0.8634 
   00267    0.4250   -1376.4446  0.8577 
   00268    0.4575   -1366.9962  0.8590 
   00269    0.4550   -1374.6302  0.8523 
   00270    0.3900   -1362.8005  0.8523 
   00271    0.3800   -1357.6557  0.8565 
   00272    0.4550   -1369.8698  0.8671 
   00273    0.4350   -1364.5133  0.8594 
   00274    0.3850   -1382.8606  0.8683 
   00275    0.3775   -1381.7208  0.8742 
   00276    0.4050   -1392.9085  0.8660 
   00277    0.4000   -1380.9137  0.8579 
   00278    0.4100   -1358.1790  0.8524 
   00279    0.4050   -1352.5214  0.8469 
   00280    0.4000   -1360.6319  0.8515 
   00281    0.3875   -1361.0512  0.8539 
   00282    0.4325   -1365.4638  0.8505 
   00283    0.4475   -1353.2893  0.8513 
   00284    0.3875   -1365.0164  0.8513 
   00285    0.4375   -1373.9016  0.8545 
   00286    0.3850   -1372.4460  0.8557 
   00287    0.4450   -1358.5219  0.8576 
   00288    0.4425   -1373.0194  0.8712 
   00289    0.4150   -1359.2484  0.8682 
   00290    0.4325   -1366.8484  0.8641 
   00291    0.3800   -1382.6167  0.8682 
   00292    0.3750   -1382.8142  0.8693 
   00293    0.4375   -1385.6011  0.8801 
   00294    0.4250   -1395.9393  0.8850 
   00295    0.4225   -1392.6463  0.8799 
   00296    0.3900   -1394.4436  0.8875 
   00297    0.3975   -1397.6320  0.8848 
   00298    0.3750   -1408.5699  0.8790 
   00299    0.4325   -1390.1867  0.8694 
   00300    0.4150   -1385.0271  0.8818 
   00301    0.3800   -1395.9910  0.8828 
   00302    0.3775   -1405.3703  0.8851 
   00303    0.3900   -1392.0805  0.8810 
   00304    0.4225   -1362.3857  0.8627 
   00305    0.4250   -1366.2746  0.8632 
   00306    0.4525   -1373.1381  0.8668 
   00307    0.4300   -1379.0102  0.8617 
   00308    0.4200   -1392.8655  0.8611 
   00309    0.4050   -1391.2873  0.8556 
   00310    0.3975   -1388.5594  0.8564 
   00311    0.4750   -1382.5280  0.8539 
   00312    0.3825   -1377.8438  0.8507 
   00313    0.4150   -1379.1890  0.8498 
   00314    0.4050   -1373.9870  0.8584 
   00315    0.3750   -1382.0111  0.8590 
   00316    0.4300   -1385.4081  0.8629 
   00317    0.4300   -1369.4102  0.8621 
   00318    0.3825   -1374.1480  0.8723 
   00319    0.4100   -1378.5499  0.8765 
   00320    0.3900   -1374.8829  0.8775 
   00321    0.4475   -1369.7017  0.8714 
   00322    0.3950   -1366.1529  0.8722 
   00323    0.3875   -1375.7605  0.8816 
   00324    0.3850   -1386.1975  0.8913 
   00325    0.4175   -1395.2438  0.8994 
   00326    0.3925   -1395.8734  0.8937 
   00327    0.4100   -1399.8874  0.8951 
   00328    0.4300   -1395.5200  0.8953 
   00329    0.4200   -1370.0449  0.8837 
   00330    0.4275   -1380.9622  0.8858 
   00331    0.3675   -1382.3633  0.8954 
   00332    0.4250   -1375.7409  0.8930 
   00333    0.4150   -1370.8954  0.8827 
   00334    0.4500   -1363.5762  0.8769 
   00335    0.4475   -1358.6696  0.8721 
   00336    0.4175   -1366.0126  0.8800 
   00337    0.4275   -1355.6308  0.8732 
   00338    0.4025   -1356.0072  0.8713 
   00339    0.3925   -1364.0888  0.8691 
   00340    0.4125   -1372.8076  0.8589 
   00341    0.4350   -1356.6136  0.8642 
   00342    0.3750   -1356.1103  0.8562 
   00343    0.4650   -1354.6800  0.8560 
   00344    0.4075   -1354.0295  0.8557 
   00345    0.4000   -1352.5057  0.8661 
   00346    0.4200   -1357.9900  0.8702 
   00347    0.4100   -1362.9548  0.8646 
   00348    0.4375   -1355.1099  0.8598 
   00349    0.4200   -1362.8790  0.8579 
   00350    0.4100   -1370.1802  0.8526 
   00351    0.4175   -1362.9643  0.8466 
   00352    0.3925   -1389.2578  0.8534 
   00353    0.4000   -1380.9591  0.8457 
   00354    0.4000   -1380.4296  0.8519 
   00355    0.4050   -1361.7872  0.8575 
   00356    0.4050   -1364.0079  0.8479 
   00357    0.4500   -1348.5868  0.8491 
   00358    0.4425   -1359.5932  0.8461 
   00359    0.4200   -1381.8763  0.8507 
   00360    0.4675   -1376.0159  0.8479 
   00361    0.4225   -1377.6424  0.8485 
   00362    0.4775   -1375.9921  0.8614 
   00363    0.3875   -1383.6796  0.8539 
   00364    0.4250   -1400.0873  0.8656 
   00365    0.3800   -1396.9786  0.8626 
   00366    0.4225   -1388.0523  0.8643 
   00367    0.3875   -1380.3146  0.8648 
   00368    0.4200   -1378.2689  0.8567 
   00369    0.4000   -1375.0730  0.8612 
   00370    0.4400   -1392.7636  0.8708 
   00371    0.4075   -1370.4806  0.8784 
   00372    0.4500   -1372.7619  0.8761 
   00373    0.3575   -1379.2815  0.8664 
   00374    0.3975   -1393.1121  0.8778 
   00375    0.4050   -1384.8578  0.8688 
   00376    0.3900   -1382.4772  0.8691 
   00377    0.4225   -1380.9331  0.8746 
   00378    0.4150   -1372.2308  0.8654 
   00379    0.4250   -1369.4821  0.8570 
   00380    0.4225   -1374.1619  0.8577 
   00381    0.4050   -1384.5179  0.8612 
   00382    0.4450   -1383.4726  0.8629 
   00383    0.4075   -1385.4988  0.8599 
   00384    0.3800   -1387.3125  0.8633 
   00385    0.4250   -1397.3668  0.8741 
   00386    0.4125   -1379.4685  0.8698 
   00387    0.4325   -1380.5987  0.8603 
   00388    0.3900   -1380.2482  0.8594 
   00389    0.4075   -1367.3417  0.8540 
   00390    0.3500   -1391.8479  0.8713 
   00391    0.3725   -1400.7805  0.8798 
   00392    0.3950   -1390.3069  0.8625 
   00393    0.3550   -1380.9707  0.8500 
   00394    0.3825   -1375.7534  0.8521 
   00395    0.4150   -1356.7341  0.8557 
   00396    0.4425   -1370.2354  0.8629 
   00397    0.4100   -1371.2015  0.8646 
   00398    0.4625   -1347.6380  0.8586 
   00399    0.4250   -1350.8330  0.8638 
   00400    0.4250   -1358.6212  0.8605 
   00401    0.4225   -1352.1501  0.8627 
   00402    0.4050   -1361.4333  0.8659 
   00403    0.3950   -1381.1398  0.8810 
   00404    0.3950   -1373.1576  0.8843 
   00405    0.4275   -1366.1589  0.8757 
   00406    0.4100   -1361.3582  0.8750 
   00407    0.3675   -1351.4337  0.8718 
   00408    0.4200   -1341.8396  0.8665 
   00409    0.4450   -1366.0319  0.8672 
   00410    0.3875   -1375.3418  0.8710 
   00411    0.4075   -1370.6154  0.8777 
   00412    0.4025   -1389.2486  0.8842 
   00413    0.4000   -1381.7466  0.8774 
   00414    0.3850   -1372.4508  0.8723 
   00415    0.4150   -1377.8695  0.8666 
   00416    0.4125   -1394.1919  0.8661 
   00417    0.4000   -1384.9504  0.8717 
   00418    0.4250   -1384.6693  0.8771 
   00419    0.4100   -1370.1601  0.8701 
   00420    0.4150   -1375.4511  0.8701 
   00421    0.4275   -1379.4196  0.8812 
   00422    0.4175   -1379.6893  0.8794 
   00423    0.4175   -1380.4088  0.8719 
   00424    0.4125   -1394.9058  0.8747 
   00425    0.4000   -1399.9238  0.8789 
   00426    0.3875   -1382.6143  0.8708 
   00427    0.4025   -1391.3885  0.8684 
   00428    0.3925   -1381.8407  0.8589 
   00429    0.4075   -1397.3801  0.8548 
   00430    0.3975   -1380.6996  0.8534 
   00431    0.3900   -1402.1267  0.8607 
   00432    0.3825   -1392.2646  0.8521 
   00433    0.4350   -1388.0540  0.8500 
   00434    0.3975   -1384.5797  0.8605 
   00435    0.4050   -1358.7562  0.8456 
   00436    0.4025   -1360.8312  0.8398 
   00437    0.4325   -1363.5504  0.8568 
   00438    0.4375   -1349.1030  0.8477 
   00439    0.3775   -1350.3931  0.8433 
   00440    0.3950   -1361.1054  0.8391 
   00441    0.4275   -1378.1419  0.8462 
   00442    0.3925   -1362.1624  0.8452 
   00443    0.4400   -1364.5162  0.8386 
   00444    0.3975   -1372.2027  0.8379 
   00445    0.4325   -1364.9878  0.8422 
   00446    0.4550   -1356.2546  0.8372 
   00447    0.4375   -1341.6541  0.8223 
   00448    0.4050   -1338.4656  0.8133 
   00449    0.4425   -1348.1494  0.8143 
   00450    0.4175   -1358.0928  0.8367 
   00451    0.3850   -1371.8969  0.8391 
   00452    0.3775   -1391.9432  0.8403 
   00453    0.3850   -1396.0773  0.8517 
   00454    0.3950   -1372.3416  0.8392 
   00455    0.3850   -1384.9742  0.8456 
   00456    0.4500   -1382.8066  0.8546 
   00457    0.4025   -1394.1805  0.8638 
   00458    0.3775   -1387.7702  0.8593 
   00459    0.3950   -1388.5117  0.8644 
   00460    0.4350   -1383.6544  0.8604 
   00461    0.4200   -1379.4799  0.8579 
   00462    0.4025   -1376.6251  0.8494 
   00463    0.3875   -1355.8120  0.8355 
   00464    0.4200   -1357.9179  0.8327 
   00465    0.4300   -1335.9314  0.8263 
   00466    0.4175   -1324.7338  0.8258 
   00467    0.4550   -1345.2291  0.8428 
   00468    0.4325   -1365.6681  0.8517 
   00469    0.4200   -1370.8819  0.8589 
   00470    0.3700   -1388.0323  0.8636 
   00471    0.4000   -1370.7824  0.8444 
   00472    0.4500   -1386.2503  0.8491 
   00473    0.3825   -1386.8725  0.8535 
   00474    0.4450   -1370.0379  0.8611 
   00475    0.3675   -1375.4323  0.8552 
   00476    0.3775   -1377.6194  0.8560 
   00477    0.4300   -1358.3084  0.8504 
   00478    0.3950   -1363.0921  0.8471 
   00479    0.4250   -1364.9389  0.8483 
   00480    0.4025   -1353.0058  0.8493 
   00481    0.4125   -1337.6254  0.8478 
   00482    0.4325   -1342.4071  0.8523 
   00483    0.4150   -1352.1637  0.8620 
   00484    0.4250   -1353.7245  0.8643 
   00485    0.4175   -1369.8031  0.8711 
   00486    0.4075   -1352.6179  0.8688 
   00487    0.3875   -1335.7499  0.8579 
   00488    0.4700   -1355.3223  0.8612 
   00489    0.4100   -1351.3479  0.8591 
   00490    0.4075   -1364.6211  0.8638 
   00491    0.4125   -1386.4209  0.8665 
   00492    0.4100   -1363.8733  0.8490 
   00493    0.4150   -1380.9525  0.8491 
   00494    0.4000   -1384.8807  0.8459 
   00495    0.3850   -1385.3508  0.8375 
   00496    0.3775   -1376.2549  0.8383 
   00497    0.4200   -1373.7198  0.8350 
   00498    0.4025   -1368.7151  0.8277 
   00499    0.3950   -1372.6242  0.8360 
   00500    0.4300   -1381.9293  0.8386 
   00501    0.4300   -1361.7069  0.8343 
   00502    0.4425   -1375.1662  0.8493 
   00503    0.4175   -1363.6934  0.8481 
   00504    0.4075   -1358.2790  0.8432 
   00505    0.4225   -1363.8225  0.8430 
   00506    0.3800   -1380.6475  0.8495 
   00507    0.4125   -1387.8777  0.8544 
   00508    0.3975   -1381.3470  0.8402 
   00509    0.4200   -1385.7139  0.8450 
   00510    0.4225   -1385.8575  0.8460 
   00511    0.3875   -1396.6077  0.8457 
   00512    0.3400   -1377.1671  0.8405 
   00513    0.3850   -1374.9409  0.8351 
   00514    0.4225   -1376.9154  0.8311 
   00515    0.4050   -1376.6186  0.8416 
   00516    0.3750   -1393.6364  0.8447 
   00517    0.3800   -1400.1876  0.8563 
   00518    0.4025   -1392.9299  0.8545 
   00519    0.3775   -1390.6257  0.8542 
   00520    0.4050   -1387.8170  0.8529 
   00521    0.4375   -1387.6438  0.8609 
   00522    0.4275   -1392.3846  0.8619 
   00523    0.4325   -1392.4602  0.8688 
   00524    0.3550   -1381.6462  0.8585 
   00525    0.3950   -1371.6641  0.8559 
   00526    0.4075   -1372.6006  0.8583 
   00527    0.4500   -1369.0231  0.8522 
   00528    0.3775   -1367.5035  0.8693 
   00529    0.4400   -1372.1180  0.8640 
   00530    0.4075   -1372.2565  0.8654 
   00531    0.3925   -1380.1893  0.8725 
   00532    0.4300   -1390.6501  0.8792 
   00533    0.4075   -1381.9488  0.8800 
   00534    0.4050   -1363.9243  0.8743 
   00535    0.4325   -1359.8896  0.8647 
   00536    0.3675   -1354.4876  0.8607 
   00537    0.3925   -1351.6918  0.8573 
   00538    0.4125   -1363.6242  0.8613 
   00539    0.3625   -1382.8549  0.8671 
   00540    0.4025   -1385.8961  0.8653 
   00541    0.4125   -1377.4649  0.8558 
   00542    0.4375   -1385.9725  0.8486 
   00543    0.3875   -1368.3017  0.8457 
   00544    0.4200   -1373.5345  0.8447 
   00545    0.4125   -1374.8441  0.8260 
   00546    0.4175   -1375.7118  0.8413 
   00547    0.4125   -1381.2831  0.8445 
   00548    0.3875   -1374.5437  0.8389 
   00549    0.3900   -1368.4107  0.8325 
   00550    0.4350   -1367.8413  0.8367 
   00551    0.4125   -1362.8168  0.8384 
   00552    0.4050   -1364.8052  0.8366 
   00553    0.4650   -1343.9503  0.8174 
   00554    0.3950   -1347.8900  0.8208 
   00555    0.4175   -1363.1838  0.8297 
   00556    0.4050   -1358.0875  0.8258 
   00557    0.4075   -1345.2082  0.8185 
   00558    0.4025   -1366.6559  0.8376 
   00559    0.3800   -1382.3541  0.8424 
   00560    0.4375   -1375.5280  0.8424 
   00561    0.4300   -1358.9183  0.8456 
   00562    0.4350   -1363.7645  0.8455 
   00563    0.3900   -1375.1939  0.8421 
   00564    0.4275   -1367.6964  0.8362 
   00565    0.4650   -1369.4134  0.8369 
   00566    0.4125   -1369.4645  0.8338 
   00567    0.3650   -1376.2093  0.8244 
   00568    0.4075   -1379.7689  0.8235 
   00569    0.4100   -1376.0292  0.8267 
   00570    0.4575   -1399.6939  0.8439 
   00571    0.4000   -1376.4346  0.8408 
   00572    0.3375   -1384.5476  0.8450 
   00573    0.4200   -1356.0417  0.8388 
   00574    0.4300   -1349.8302  0.8473 
   00575    0.3850   -1358.2122  0.8465 
   00576    0.3700   -1336.1459  0.8432 
   00577    0.4150   -1357.9681  0.8480 
   00578    0.3800   -1357.5297  0.8513 
   00579    0.4400   -1360.9000  0.8495 
   00580    0.4000   -1372.2583  0.8580 
   00581    0.3900   -1368.8276  0.8555 
   00582    0.4225   -1374.5501  0.8490 
   00583    0.4350   -1373.2336  0.8539 
   00584    0.4275   -1369.2496  0.8487 
   00585    0.4250   -1368.1574  0.8503 
   00586    0.3875   -1368.6564  0.8519 
   00587    0.4200   -1374.8500  0.8573 
   00588    0.3750   -1380.4731  0.8598 
   00589    0.4225   -1396.1502  0.8663 
   00590    0.4125   -1388.6410  0.8649 
   00591    0.3950   -1384.0933  0.8582 
   00592    0.4550   -1373.6012  0.8604 
   00593    0.3925   -1372.2779  0.8589 
   00594    0.4325   -1383.6327  0.8656 
   00595    0.3800   -1385.4823  0.8640 
   00596    0.4200   -1380.8460  0.8565 
   00597    0.3700   -1373.7363  0.8435 
   00598    0.4100   -1377.0177  0.8506 
   00599    0.4450   -1386.9727  0.8588 
   00600    0.4050   -1384.0111  0.8610 
   00601    0.4075   -1372.3911  0.8653 
   00602    0.3800   -1376.0657  0.8591 
   00603    0.4275   -1379.2160  0.8539 
   00604    0.4025   -1384.0017  0.8639 
   00605    0.4100   -1354.0628  0.8557 
   00606    0.4125   -1346.8752  0.8528 
   00607    0.3900   -1354.4808  0.8578 
   00608    0.4050   -1363.7079  0.8578 
   00609    0.4175   -1371.3925  0.8661 
   00610    0.4050   -1407.9669  0.8746 
   00611    0.4075   -1400.7294  0.8744 
   00612    0.4225   -1405.4446  0.8681 
   00613    0.4125   -1374.1133  0.8667 
   00614    0.4000   -1356.9715  0.8563 
   00615    0.4050   -1342.9237  0.8547 
   00616    0.4250   -1353.3811  0.8420 
   00617    0.4100   -1376.0668  0.8519 
   00618    0.4075   -1376.4968  0.8517 
   00619    0.3700   -1379.9810  0.8474 
   00620    0.4425   -1343.6249  0.8270 
   00621    0.3900   -1325.7658  0.8183 
   00622    0.3600   -1336.3785  0.8198 
   00623    0.4175   -1328.1931  0.8198 
   00624    0.4075   -1344.6567  0.8293 
   00625    0.4200   -1359.3174  0.8362 
   00626    0.4125   -1359.7883  0.8367 
   00627    0.4225   -1358.2146  0.8383 
   00628    0.4000   -1378.2698  0.8460 
   00629    0.4250   -1391.7618  0.8601 
   00630    0.3925   -1390.9314  0.8557 
   00631    0.4250   -1385.4216  0.8430 
   00632    0.3925   -1379.2747  0.8393 
   00633    0.4400   -1379.4296  0.8307 
   00634    0.4300   -1383.6745  0.8296 
   00635    0.4650   -1382.2342  0.8231 
   00636    0.4125   -1383.8278  0.8259 
   00637    0.3875   -1377.0717  0.8172 
   00638    0.4200   -1374.9025  0.8158 
   00639    0.4450   -1386.6906  0.8108 
   00640    0.3850   -1376.0862  0.8026 
   00641    0.4125   -1371.7022  0.8075 
   00642    0.4125   -1371.9624  0.8206 
   00643    0.4175   -1355.1866  0.8278 
   00644    0.4200   -1359.9564  0.8281 
   00645    0.3850   -1375.3927  0.8422 
   00646    0.3950   -1380.4828  0.8374 
   00647    0.3950   -1389.7119  0.8411 
   00648    0.4050   -1389.6676  0.8410 
   00649    0.3725   -1401.6041  0.8491 
   00650    0.3850   -1408.1618  0.8461 
   00651    0.3975   -1391.7537  0.8398 
   00652    0.4200   -1374.1532  0.8345 
   00653    0.4300   -1368.2457  0.8256 
   00654    0.4175   -1361.1806  0.8133 
   00655    0.4175   -1366.9011  0.8235 
   00656    0.4175   -1368.0547  0.8254 
   00657    0.4350   -1373.3243  0.8326 
   00658    0.4275   -1353.1619  0.8303 
   00659    0.4450   -1353.5086  0.8233 
   00660    0.3725   -1360.7925  0.8233 
   00661    0.3725   -1377.0448  0.8253 
   00662    0.3950   -1380.6560  0.8205 
   00663    0.4250   -1393.1344  0.8280 
   00664    0.4150   -1395.1547  0.8308 
   00665    0.4125   -1381.6897  0.8219 
   00666    0.4075   -1380.6740  0.8256 
   00667    0.4050   -1368.5023  0.8225 
   00668    0.4250   -1373.7065  0.8274 
   00669    0.3800   -1377.2887  0.8324 
   00670    0.3925   -1373.7400  0.8398 
   00671    0.4000   -1356.9661  0.8297 
   00672    0.4325   -1372.4103  0.8306 
   00673    0.3925   -1372.1369  0.8331 
   00674    0.3950   -1374.9268  0.8294 
   00675    0.4425   -1367.7088  0.8250 
   00676    0.4300   -1366.5725  0.8309 
   00677    0.4275   -1361.9852  0.8285 
   00678    0.4175   -1349.2757  0.8243 
   00679    0.4125   -1360.8256  0.8318 
   00680    0.4225   -1347.2108  0.8319 
   00681    0.4550   -1343.8894  0.8297 
   00682    0.4175   -1369.6854  0.8344 
   00683    0.3875   -1384.9797  0.8446 
   00684    0.3525   -1401.0856  0.8574 
   00685    0.3600   -1389.6981  0.8387 
   00686    0.4225   -1374.7751  0.8438 
   00687    0.4175   -1381.4325  0.8516 
   00688    0.4275   -1392.0078  0.8578 
   00689    0.4150   -1374.3153  0.8409 
   00690    0.3950   -1378.9075  0.8411 
   00691    0.4700   -1379.7104  0.8375 
   00692    0.4600   -1385.4112  0.8457 
   00693    0.4625   -1385.9769  0.8389 
   00694    0.3725   -1379.9819  0.8497 
   00695    0.3900   -1385.5546  0.8564 
   00696    0.4150   -1391.0732  0.8550 
   00697    0.4050   -1362.2933  0.8447 
   00698    0.4275   -1361.2170  0.8476 
   00699    0.4275   -1365.5061  0.8541 
   00700    0.3675   -1365.1287  0.8519 
   00701    0.4225   -1365.7133  0.8380 
   00702    0.4300   -1362.9049  0.8422 
   00703    0.3725   -1363.3972  0.8481 
   00704    0.4250   -1361.4133  0.8447 
   00705    0.4175   -1380.7506  0.8510 
   00706    0.3950   -1387.4727  0.8548 
   00707    0.4150   -1379.8165  0.8569 
   00708    0.4150   -1380.2017  0.8630 
   00709    0.4425   -1385.8353  0.8634 
   00710    0.4075   -1394.2049  0.8673 
   00711    0.4175   -1384.8435  0.8597 
   00712    0.3975   -1382.2521  0.8641 
   00713    0.4000   -1380.1664  0.8691 
   00714    0.4100   -1381.3274  0.8713 
   00715    0.4400   -1382.7950  0.8576 
   00716    0.4225   -1401.1825  0.8715 
   00717    0.3775   -1407.6662  0.8713 
   00718    0.4100   -1391.0135  0.8598 
   00719    0.4425   -1364.8431  0.8555 
   00720    0.4125   -1352.1893  0.8470 
   00721    0.3850   -1365.6472  0.8388 
   00722    0.4400   -1370.1087  0.8455 
   00723    0.4225   -1366.3561  0.8535 
   00724    0.4500   -1365.2623  0.8517 
   00725    0.3875   -1353.5212  0.8482 
   00726    0.3800   -1371.6674  0.8517 
   00727    0.4150   -1390.0148  0.8640 
   00728    0.4475   -1386.8137  0.8628 
   00729    0.3925   -1382.3732  0.8659 
   00730    0.4025   -1390.3522  0.8681 
   00731    0.3775   -1389.5529  0.8668 
   00732    0.3550   -1383.5495  0.8637 
   00733    0.4025   -1369.4441  0.8649 
   00734    0.4200   -1386.7605  0.8621 
   00735    0.4225   -1374.4367  0.8621 
   00736    0.3800   -1393.0137  0.8736 
   00737    0.3800   -1364.4125  0.8641 
   00738    0.4600   -1375.6999  0.8662 
   00739    0.3875   -1368.8552  0.8649 
   00740    0.4200   -1375.2572  0.8602 
   00741    0.4025   -1363.2312  0.8629 
   00742    0.4400   -1365.7322  0.8599 
   00743    0.3975   -1365.8079  0.8526 
   00744    0.4325   -1354.7454  0.8481 
   00745    0.4225   -1376.9771  0.8609 
   00746    0.4000   -1393.9883  0.8653 
   00747    0.4200   -1394.1382  0.8645 
   00748    0.3800   -1399.8281  0.8703 
   00749    0.3725   -1373.1717  0.8621 
   00750    0.4175   -1382.3604  0.8672 
   00751    0.3875   -1398.9258  0.8652 
   00752    0.4350   -1411.6915  0.8695 
   00753    0.3625   -1407.8220  0.8757 
   00754    0.3925   -1398.1703  0.8655 
   00755    0.3950   -1389.5381  0.8711 
   00756    0.4175   -1381.1774  0.8589 
   00757    0.4275   -1378.9577  0.8590 
   00758    0.4225   -1374.2650  0.8646 
   00759    0.4525   -1374.2527  0.8633 
   00760    0.4000   -1381.7175  0.8670 
   00761    0.4000   -1385.9463  0.8702 
   00762    0.4675   -1392.4653  0.8687 
   00763    0.4250   -1394.8586  0.8696 
   00764    0.3775   -1402.4249  0.8723 
   00765    0.4025   -1383.3089  0.8629 
   00766    0.4350   -1374.1445  0.8697 
   00767    0.4275   -1382.8561  0.8684 
   00768    0.4275   -1379.2781  0.8703 
   00769    0.4350   -1365.2699  0.8659 
   00770    0.4000   -1374.1300  0.8678 
   00771    0.4150   -1353.7673  0.8535 
   00772    0.3875   -1376.3227  0.8588 
   00773    0.4400   -1373.1203  0.8592 
   00774    0.3900   -1358.5367  0.8556 
   00775    0.4075   -1370.2623  0.8667 
   00776    0.4325   -1377.3611  0.8671 
   00777    0.4325   -1390.1966  0.8775 
   00778    0.4375   -1366.3285  0.8709 
   00779    0.4250   -1373.9987  0.8782 
   00780    0.3950   -1361.1109  0.8688 
   00781    0.4075   -1380.3302  0.8701 
   00782    0.4075   -1384.8953  0.8760 
   00783    0.4075   -1388.8349  0.8766 
   00784    0.4275   -1392.3320  0.8853 
   00785    0.4100   -1397.7622  0.8850 
   00786    0.4075   -1380.6493  0.8772 
   00787    0.4175   -1373.1629  0.8707 
   00788    0.4225   -1393.5501  0.8702 
   00789    0.4025   -1378.4705  0.8698 
   00790    0.3975   -1373.6195  0.8762 
   00791    0.4350   -1376.2055  0.8785 
   00792    0.4300   -1359.1470  0.8752 
   00793    0.4125   -1358.6259  0.8687 
   00794    0.4150   -1359.5546  0.8693 
   00795    0.3750   -1369.1646  0.8724 
   00796    0.4325   -1374.9762  0.8709 
   00797    0.3900   -1364.2560  0.8674 
   00798    0.4025   -1375.6245  0.8687 
   00799    0.3950   -1390.4597  0.8759 
   00800    0.3700   -1381.9091  0.8799 
   00801    0.3775   -1402.5073  0.8814 
   00802    0.3725   -1397.9109  0.8780 
   00803    0.3675   -1393.3812  0.8818 
   00804    0.4075   -1386.9498  0.8733 
   00805    0.4325   -1391.1986  0.8740 
   00806    0.4250   -1383.2904  0.8774 
   00807    0.3675   -1393.4338  0.8812 
   00808    0.4225   -1387.6045  0.8775 
   00809    0.4350   -1402.2537  0.8787 
   00810    0.3900   -1391.7459  0.8523 
   00811    0.3775   -1382.8667  0.8427 
   00812    0.3850   -1370.0417  0.8319 
   00813    0.3975   -1357.9716  0.8300 
   00814    0.4175   -1356.3966  0.8332 
   00815    0.3950   -1367.0671  0.8429 
   00816    0.4100   -1388.0036  0.8487 
   00817    0.3975   -1393.8735  0.8490 
   00818    0.3675   -1385.0544  0.8433 
   00819    0.4150   -1384.2570  0.8414 
   00820    0.4450   -1375.1847  0.8423 
   00821    0.4100   -1374.3167  0.8487 
   00822    0.4025   -1379.0182  0.8528 
   00823    0.4250   -1378.2474  0.8642 
   00824    0.4000   -1374.5560  0.8556 
   00825    0.3875   -1360.5788  0.8575 
   00826    0.4025   -1364.2613  0.8623 
   00827    0.4250   -1362.0313  0.8569 
   00828    0.4500   -1360.2847  0.8568 
   00829    0.4350   -1369.8269  0.8693 
   00830    0.4275   -1384.5059  0.8778 
   00831    0.3675   -1406.7133  0.8815 
   00832    0.4625   -1384.4155  0.8651 
   00833    0.4325   -1360.4278  0.8583 
   00834    0.4125   -1363.5143  0.8625 
   00835    0.4150   -1355.3786  0.8640 
   00836    0.3925   -1371.4457  0.8623 
   00837    0.4050   -1381.2277  0.8729 
   00838    0.4050   -1371.3044  0.8762 
   00839    0.3925   -1378.8499  0.8778 
   00840    0.4250   -1387.0726  0.8761 
   00841    0.4325   -1387.3421  0.8752 
   00842    0.3900   -1368.3061  0.8668 
   00843    0.3925   -1385.6285  0.8747 
   00844    0.3575   -1385.3816  0.8745 
   00845    0.4250   -1382.9439  0.8822 
   00846    0.4250   -1381.2935  0.8801 
   00847    0.4200   -1395.5761  0.8845 
   00848    0.4050   -1399.8466  0.8921 
   00849    0.4350   -1403.1686  0.8855 
   00850    0.4575   -1392.0105  0.8733 
   00851    0.4425   -1377.8725  0.8655 
   00852    0.4100   -1373.6017  0.8598 
   00853    0.3900   -1391.7489  0.8611 
   00854    0.4125   -1399.5264  0.8626 
   00855    0.4425   -1389.2530  0.8570 
   00856    0.4125   -1375.2049  0.8460 
   00857    0.3725   -1370.2231  0.8395 
   00858    0.4500   -1367.3877  0.8477 
   00859    0.4150   -1357.8717  0.8469 
   00860    0.3800   -1372.8379  0.8671 
   00861    0.4150   -1383.6292  0.8819 
   00862    0.4000   -1386.0186  0.8765 
   00863    0.4200   -1389.3881  0.8704 
   00864    0.4475   -1392.7150  0.8716 
   00865    0.3700   -1385.7966  0.8676 
   00866    0.4375   -1386.6847  0.8768 
   00867    0.3975   -1395.1571  0.8727 
   00868    0.4025   -1395.7197  0.8614 
   00869    0.4600   -1391.9288  0.8507 
   00870    0.4250   -1371.6329  0.8446 
   00871    0.4100   -1392.6747  0.8498 
   00872    0.3975   -1373.5487  0.8286 
   00873    0.4300   -1348.9126  0.8082 
   00874    0.4025   -1350.5219  0.8058 
   00875    0.4100   -1366.7536  0.8171 
   00876    0.4325   -1370.0304  0.8107 
   00877    0.4375   -1363.5946  0.7920 
   00878    0.4350   -1361.3632  0.7905 
   00879    0.3850   -1356.1966  0.7926 
   00880    0.4300   -1334.8754  0.7782 
   00881    0.4025   -1351.6970  0.7846 
   00882    0.3450   -1360.4185  0.7786 
   00883    0.4725   -1360.5795  0.7773 
   00884    0.3800   -1368.0907  0.7707 
   00885    0.3950   -1356.1331  0.7764 
   00886    0.4400   -1357.3221  0.7748 
   00887    0.4425   -1355.9007  0.7779 
   00888    0.4100   -1348.0705  0.7794 
   00889    0.3775   -1349.5842  0.7835 
   00890    0.4150   -1343.5375  0.7958 
   00891    0.4225   -1364.4855  0.8106 
   00892    0.3750   -1370.4911  0.8049 
   00893    0.3825   -1375.3623  0.8116 
   00894    0.3875   -1382.0057  0.8241 
   00895    0.4325   -1377.1530  0.8234 
   00896    0.3975   -1382.3957  0.8151 
   00897    0.4175   -1382.7628  0.8135 
   00898    0.3750   -1390.7923  0.8165 
   00899    0.3950   -1360.3400  0.7938 
   00900    0.4625   -1359.2724  0.7927 
   00901    0.3900   -1360.1961  0.8008 
   00902    0.4300   -1331.9135  0.7917 
   00903    0.3925   -1342.2282  0.7938 
   00904    0.4400   -1345.2762  0.7895 
   00905    0.4275   -1351.9364  0.7932 
   00906    0.4225   -1359.8609  0.8034 
   00907    0.3975   -1362.1954  0.8077 
   00908    0.3825   -1381.5568  0.8147 
   00909    0.4500   -1376.1209  0.8296 
   00910    0.3425   -1364.1621  0.8200 
   00911    0.3975   -1348.1102  0.8060 
   00912    0.3750   -1350.5507  0.8077 
   00913    0.4000   -1384.0465  0.8184 
   00914    0.3975   -1383.6265  0.8217 
   00915    0.4225   -1375.7880  0.8350 
   00916    0.3850   -1378.7791  0.8407 
   00917    0.4250   -1367.0817  0.8377 
   00918    0.4375   -1369.7779  0.8498 
   00919    0.4025   -1357.3232  0.8446 
   00920    0.4250   -1355.2605  0.8511 
   00921    0.3975   -1348.8790  0.8526 
   00922    0.4025   -1365.2249  0.8609 
   00923    0.4550   -1374.9171  0.8672 
   00924    0.3875   -1347.7007  0.8525 
   00925    0.4200   -1357.5283  0.8539 
   00926    0.4500   -1348.4660  0.8594 
   00927    0.4275   -1352.2734  0.8544 
   00928    0.4550   -1364.1711  0.8575 
   00929    0.3650   -1363.7050  0.8537 
   00930    0.3800   -1378.7701  0.8651 
   00931    0.3900   -1393.1515  0.8663 
   00932    0.4125   -1391.9369  0.8583 
   00933    0.4100   -1381.2828  0.8507 
   00934    0.4225   -1377.5237  0.8446 
   00935    0.4250   -1377.4041  0.8371 
   00936    0.3550   -1368.5023  0.8377 
   00937    0.4000   -1367.5953  0.8471 
   00938    0.4275   -1373.5845  0.8554 
   00939    0.4125   -1368.5894  0.8519 
   00940    0.3875   -1388.4491  0.8515 
   00941    0.4325   -1409.8383  0.8391 
   00942    0.3750   -1409.9977  0.8415 
   00943    0.4325   -1418.3570  0.8460 
   00944    0.4000   -1403.9669  0.8359 
   00945    0.4250   -1385.7871  0.8317 
   00946    0.4125   -1392.2501  0.8261 
   00947    0.3975   -1386.8146  0.8345 
   00948    0.4300   -1376.1912  0.8265 
   00949    0.3950   -1383.8604  0.8250 
   00950    0.3950   -1388.3947  0.8323 
   00951    0.4200   -1373.5396  0.8346 
   00952    0.3875   -1370.9008  0.8329 
   00953    0.4475   -1375.4754  0.8462 
   00954    0.3950   -1380.8559  0.8381 
   00955    0.3650   -1381.6096  0.8413 
   00956    0.4275   -1378.4581  0.8396 
   00957    0.4675   -1396.1436  0.8397 
   00958    0.4050   -1392.3390  0.8485 
   00959    0.4350   -1371.2812  0.8409 
   00960    0.3725   -1378.1114  0.8359 
   00961    0.3950   -1393.3329  0.8502 
   00962    0.4200   -1385.5184  0.8547 
   00963    0.4700   -1365.5358  0.8534 
   00964    0.4300   -1353.3965  0.8471 
   00965    0.4375   -1361.3813  0.8482 
   00966    0.4200   -1346.3271  0.8414 
   00967    0.3775   -1373.0207  0.8447 
   00968    0.4000   -1385.8721  0.8456 
   00969    0.4025   -1387.2001  0.8500 
   00970    0.4450   -1395.9250  0.8444 
   00971    0.3725   -1384.3798  0.8391 
   00972    0.4325   -1388.5284  0.8466 
   00973    0.3975   -1394.7764  0.8503 
   00974    0.4025   -1401.7254  0.8482 
   00975    0.4475   -1399.3585  0.8423 
   00976    0.4025   -1376.5110  0.8363 
   00977    0.4050   -1364.9006  0.8346 
   00978    0.3950   -1365.3775  0.8285 
   00979    0.3875   -1365.9390  0.8257 
   00980    0.4275   -1372.3685  0.8405 
   00981    0.4225   -1365.1425  0.8404 
   00982    0.4125   -1379.4581  0.8444 
   00983    0.4125   -1384.4720  0.8446 
   00984    0.4300   -1363.8775  0.8468 
   00985    0.3950   -1358.8719  0.8400 
   00986    0.3925   -1368.6318  0.8499 
   00987    0.4550   -1372.3782  0.8433 
   00988    0.4300   -1366.6404  0.8444 
   00989    0.3850   -1359.2879  0.8491 
   00990    0.3850   -1370.9928  0.8577 
   00991    0.4400   -1402.9795  0.8661 
   00992    0.4225   -1391.3082  0.8615 
   00993    0.4000   -1385.5874  0.8654 
   00994    0.4175   -1381.9404  0.8612 
   00995    0.3550   -1399.1882  0.8648 
   00996    0.3750   -1383.7160  0.8475 
   00997    0.4050   -1379.0635  0.8481 
   00998    0.4075   -1370.3409  0.8363 
   00999    0.3950   -1367.6022  0.8425 
   01000    0.4325   -1365.0101  0.8375 
