#=====================================================
# File created:        Wed-26-Feb-2025-at-04-16-25AM
# Size of lattice:     40x40
# Number of MC steps:  1000
# Reduced temperature: 0.500
# Run time (s):        1.443038
#=====================================================
# MC step:  Ratio:     Energy:   Order:
#=====================================================
   00000    0.5000   -1584.5025  0.2684 
   00001    0.6906   -2416.4547  0.2680 
   00002    0.6325   -2908.3477  0.2673 
   00003    0.6181   -3326.8602  0.2795 
   00004    0.5513   -3672.9149  0.2688 
   00005    0.5244   -3905.7207  0.2566 
   00006    0.5306   -4078.0679  0.2594 
   00007    0.5100   -4298.2857  0.2546 
   00008    0.5000   -4381.4498  0.2560 
   00009    0.4869   -4459.2662  0.2711 
   00010    0.4662   -4541.9565  0.2813 
   00011    0.4831   -4610.0998  0.2829 
   00012    0.4569   -4699.6818  0.2867 
   00013    0.4600   -4727.7241  0.2927 
   00014    0.4675   -4759.0518  0.3017 
   00015    0.4500   -4833.7338  0.3070 
   00016    0.4275   -4878.8107  0.3061 
   00017    0.4338   -4922.4420  0.3162 
   00018    0.4194   -4906.6594  0.3112 
   00019    0.4475   -4896.5551  0.3184 
   00020    0.4363   -4941.6176  0.3107 
   00021    0.4356   -4970.5262  0.3140 
   00022    0.4350   -4994.0213  0.3239 
   00023    0.4313   -5000.7185  0.3196 
   00024    0.4525   -5055.8344  0.3286 
   00025    0.4350   -5070.0477  0.3263 
   00026    0.4200   -5104.3038  0.3258 
   00027    0.4325   -5127.9036  0.3273 
   00028    0.4275   -5150.5996  0.3370 
   00029    0.4419   -5180.3107  0.3404 
   00030    0.4400   -5187.4893  0.3363 
   00031    0.4475   -5203.5800  0.3384 
   00032    0.4375   -5206.5047  0.3341 
   00033    0.4419   -5217.9868  0.3291 
   00034    0.4106   -5244.0678  0.3339 
   00035    0.4125   -5235.3041  0.3396 
   00036    0.4269   -5228.9914  0.3464 
   00037    0.4331   -5205.8775  0.3394 
   00038    0.4213   -5235.1951  0.3482 
   00039    0.4194   -5217.1597  0.3495 
   00040    0.4225   -5184.5488  0.3488 
   00041    0.4156   -5151.2346  0.3594 
   00042    0.4500   -5185.1860  0.3619 
   00043    0.4194   -5172.5364  0.3630 
   00044    0.4263   -5213.1136  0.3729 
   00045    0.4306   -5219.4918  0.3687 
   00046    0.4525   -5236.1878  0.3702 
   00047    0.4244   -5251.9882  0.3685 
   00048    0.4144   -5243.2348  0.3693 
   00049    0.4431   -5232.6784  0.3799 
   00050    0.4138   -5242.6486  0.3742 
   00051    0.4081   -5270.9654  0.3735 
   00052    0.4269   -5268.2885  0.3775 
   00053    0.4138   -5309.9084  0.3823 
   00054    0.4369   -5329.8370  0.3845 
   00055    0.4150   -5312.7456  0.3829 
   00056    0.4263   -5299.4321  0.3798 
   00057    0.4094   -5309.9365  0.3831 
   00058    0.4125   -5308.3024  0.3758 
   00059    0.4387   -5280.7080  0.3844 
   00060    0.4288   -5287.5462  0.3774 
   00061    0.4306   -5327.8618  0.3790 
   00062    0.4338   -5283.8046  0.3840 
   00063    0.3831   -5297.2748  0.3880 
   00064    0.4363   -5285.6258  0.3863 
   00065    0.4238   -5303.8943  0.3845 
   00066    0.4206   -5350.0721  0.3896 
   00067    0.4450   -5296.0633  0.3880 
   00068    0.4056   -5292.2243  0.3996 
   00069    0.4131   -5326.4079  0.3952 
   00070    0.4050   -5343.3690  0.3942 
   00071    0.4281   -5300.4062  0.3945 
   00072    0.4281   -5293.2575  0.3910 
   00073    0.4131   -5343.1251  0.3878 
   00074    0.4238   -5333.0380  0.3932 
   00075    0.4175   -5325.5533  0.4034 
   00076    0.3869   -5269.8704  0.3983 
   00077    0.4175   -5298.0784  0.4048 
   00078    0.3944   -5297.6045  0.4063 
   00079    0.4369   -5311.0022  0.4045 
   00080    0.4144   -5298.9039  0.3984 
   00081    0.4119   -5305.5240  0.3961 
   00082    0.4081   -5284.6070  0.3872 
   00083    0.4163   -5319.4913  0.3862 
   00084    0.4350   -5299.9719  0.3798 
   00085    0.4213   -5325.1385  0.3780 
   00086    0.4250   -5338.4828  0.3744 
   00087    0.4037   -5351.7731  0.3786 
   00088    0.4169   -5374.0926  0.3816 
   00089    0.3969   -5363.4586  0.3803 
   00090    0.4012   -5309.3121  0.3811 
   00091    0.4400   -5286.5617  0.3885 
   00092    0.3925   -5319.0099  0.3946 
   00093    0.3944   -5319.2566  0.3969 
   00094    0.4231   -5327.6548  0.4095 
   00095    0.4062   -5314.6601  0.4165 
   00096    0.4206   -5298.1655  0.4139 
   00097    0.4231   -5314.4941  0.4163 
   00098    0.3869   -5363.5557  0.4233 
   00099    0.4113   -5342.0739  0.4266 
   00100    0.4325   -5337.9170  0.4342 
   00101    0.4131   -5341.5831  0.4365 
   00102    0.4256   -5311.8260  0.4430 
   00103    0.3981   -5352.4260  0.4467 
   00104    0.4294   -5333.9731  0.4465 
   00105    0.4081   -5345.7411  0.4515 
   00106    0.4106   -5338.9011  0.4487 
   00107    0.4037   -5346.9555  0.4494 
   00108    0.4106   -5349.5227  0.4513 
   00109    0.4356   -5342.3744  0.4539 
   00110    0.4213   -5372.6761  0.4589 
   00111    0.4350   -5375.9653  0.4690 
   00112    0.4131   -5374.7952  0.4722 
   00113    0.4037   -5338.8566  0.4625 
   00114    0.4044   -5400.8392  0.4631 
   00115    0.4163   -5411.8060  0.4688 
   00116    0.3906   -5445.8006  0.4708 
   00117    0.4081   -5457.9025  0.4773 
   00118    0.4225   -5447.5606  0.4767 
   00119    0.4150   -5479.1017  0.4814 
   00120    0.4300   -5434.2995  0.4742 
   00121    0.4244   -5376.1828  0.4639 
   00122    0.4012   -5401.2665  0.4637 
   00123    0.4119   -5387.5025  0.4704 
   00124    0.3994   -5362.0179  0.4752 
   00125    0.4300   -5353.8606  0.4758 
   00126    0.4131   -5362.2578  0.4784 
   00127    0.4100   -5359.1188  0.4710 
   00128    0.4188   -5371.2960  0.4696 
   00129    0.4431   -5397.7949  0.4677 
   00130    0.4075   -5421.0150  0.4814 
   00131    0.4163   -5422.8062  0.4813 
   00132    0.4006   -5419.6626  0.4876 
   00133    0.4138   -5442.0588  0.4921 
   00134    0.4156   -5402.4332  0.4925 
   00135    0.4156   -5424.0375  0.4984 
   00136    0.4069   -5427.1358  0.4941 
   00137    0.4150   -5439.1806  0.4924 
   00138    0.4263   -5391.0793  0.4939 
   00139    0.4100   -5406.5188  0.4900 
   00140    0.4175   -5384.0160  0.4824 
   00141    0.4169   -5409.0037  0.4908 
   00142    0.3912   -5410.2231  0.4921 
   00143    0.4313   -5419.3703  0.4953 
   00144    0.3725   -5437.1023  0.4878 
   00145    0.4138   -5434.9767  0.4872 
   00146    0.4044   -5410.1643  0.4955 
   00147    0.4000   -5420.4656  0.4979 
   00148    0.4163   -5387.1647  0.4983 
   00149    0.4019   -5364.0037  0.4904 
   00150    0.4200   -5385.6152  0.5001 
   00151    0.3825   -5364.9526  0.4949 
   00152    0.4244   -5393.0776  0.5011 
   00153    0.4094   -5355.5234  0.4974 
   00154    0.4050   -5394.3527  0.4961 
   00155    0.4288   -5368.5830  0.4963 
   00156    0.4225   -5360.5244  0.5027 
   00157    0.4169   -5356.4624  0.4948 
   00158    0.3987   -5324.6595  0.4940 
   00159    0.4213   -5367.5180  0.4942 
   00160    0.4356   -5391.5209  0.5001 
   00161    0.4194   -5399.4264  0.4962 
   00162    0.4263   -5402.7296  0.4902 
   00163    0.4369   -5399.1378  0.4829 
   00164    0.4169   -5377.5873  0.4771 
   00165    0.4163   -5304.6134  0.4793 
   00166    0.4400   -5368.4043  0.4785 
   00167    0.4231   -5389.3002  0.4709 
   00168    0.4044   -5418.3474  0.4661 
   00169    0.4037   -5420.1017  0.4738 
   00170    0.4263   -5417.4353  0.4675 
   00171    0.4150   -5408.8921  0.4689 
   00172    0.3950   -5391.2752  0.4682 
   00173    0.4188   -5369.9842  0.4693 
   00174    0.3950   -5369.8879  0.4802 
   00175    0.4194   -5410.0438  0.4778 
   00176    0.3994   -5436.6809  0.4770 
   00177    0.4181   -5428.0176  0.4838 
   00178    0.4081   -5437.3433  0.4926 
   00179    0.4031   -5429.7833  0.5015 
   00180    0.4188   -5436.3388  0.5063 
   00181    0.4288   -5437.7165  0.5153 
   00182    0.4050   -5434.9596  0.5057 
   00183    0.4031   -5426.4403  0.4999 
   00184    0.3738   -5436.0151  0.5031 
   00185    0.4069   -5434.2516  0.5027 
   00186    0.4106   -5441.4012  0.4957 
   00187    0.4019   -5473.4547  0.4937 
   00188    0.4131   -5454.3733  0.4925 
   00189    0.3975   -5440.7916  0.4885 
   00190    0.4113   -5435.0683  0.4892 
   00191    0.4044   -5432.5879  0.4826 
   00192    0.4175   -5439.6164  0.4832 
   00193    0.4319   -5409.7176  0.4901 
   00194    0.4106   -5392.7042  0.4814 
   00195    0.3994   -5414.7095  0.4828 
   00196    0.4044   -5431.7804  0.4816 
   00197    0.4056   -5423.0526  0.4773 
   00198    0.4131   -5380.9519  0.4751 
   00199    0.4031   -5411.2306  0.4717 
   00200    0.4050   -5429.7143  0.4836 
   00201    0.4037   -5458.1636  0.4841 
   00202    0.4094   -5413.9665  0.4883 
   00203    0.4194   -5439.0599  0.4754 
   00204    0.4294   -5439.7314  0.4727 
   00205    0.4113   -5449.6647  0.4706 
   00206    0.4194   -5425.7452  0.4716 
   00207    0.4331   -5411.3826  0.4741 
   00208    0.4050   -5426.3474  0.4787 
   00209    0.4244   -5422.1313  0.4731 
   00210    0.4169   -5440.2618  0.4675 
   00211    0.3975   -5451.4545  0.4656 
   00212    0.3900   -5465.4735  0.4685 
   00213    0.4056   -5460.4655  0.4650 
   00214    0.4281   -5423.4117  0.4665 
   00215    0.4088   -5427.4715  0.4678 
   00216    0.3981   -5402.4479  0.4757 
   00217    0.4113   -5409.0773  0.4750 
   00218    0.4163   -5399.6134  0.4760 
   00219    0.4256   -5415.5608  0.4686 
   00220    0.4075   -5405.8376  0.4596 
   00221    0.4006   -5428.4611  0.4609 
   00222    0.4144   -5429.1854  0.4542 
   00223    0.4012   -5428.1212  0.4534 
   00224    0.3944   -5427.6871  0.4517 
   00225    0.4144   -5422.7289  0.4566 
   00226    0.4169   -5418.5321  0.4602 
   00227    0.4206   -5467.3390  0.4631 
   00228    0.4044   -5434.1705  0.4536 
   00229    0.4200   -5459.7228  0.4527 
   00230    0.4150   -5491.9582  0.4604 
   00231    0.4006   -5467.6665  0.4746 
   00232    0.4100   -5488.2081  0.4778 
   00233    0.4269   -5431.6684  0.4691 
   00234    0.3950   -5432.5810  0.4660 
   00235    0.4131   -5448.1629  0.4633 
   00236    0.4213   -5446.4324  0.4650 
   00237    0.3894   -5434.3823  0.4583 
   00238    0.3987   -5475.7931  0.4670 
   00239    0.4156   -5489.8826  0.4665 
   00240    0.3894   -5470.8657  0.4689 
   00241    0.3975   -5429.1779  0.4722 
   00242    0.4156   -5423.2225  0.4688 
   00243    0.3981   -5441.2104  0.4709 
   00244    0.4125   -5459.5009  0.4676 
   00245    0.4144   -5458.0974  0.4646 
   00246    0.4125   -5459.3934  0.4601 
   00247    0.4050   -5402.5662  0.4589 
   00248    0.4069   -5435.3463  0.4569 
   00249    0.4094   -5451.4174  0.4558 
   00250    0.4100   -5430.0510  0.4550 
   00251    0.4319   -5391.6385  0.4417 
   00252    0.4000   -5383.2974  0.4435 
   00253    0.4150   -5426.1017  0.4472 
   00254    0.4437   -5399.4087  0.4504 
   00255    0.4144   -5429.6172  0.4560 
   00256    0.3987   -5440.2214  0.4615 
   00257    0.3919   -5488.5001  0.4633 
   00258    0.3969   -5511.7320  0.4674 
   00259    0.3981   -5520.8948  0.4669 
   00260    0.4256   -5521.3469  0.4723 
   00261    0.4169   -5440.0115  0.4803 
   00262    0.4188   -5453.4438  0.4793 
   00263    0.3962   -5433.3642  0.4841 
   00264    0.3944   -5422.3236  0.4820 
   00265    0.4150   -5419.0411  0.4762 
   00266    0.4106   -5398.0358  0.4678 
   00267    0.4131   -5402.4388  0.4644 
   00268    0.4194   -5396.8321  0.4619 
   00269    0.4125   -5443.4163  0.4535 
   00270    0.4225   -5438.6301  0.4486 
   00271    0.4062   -5457.4189  0.4573 
   00272    0.4188   -5444.0634  0.4635 
   00273    0.4206   -5452.2577  0.4717 
   00274    0.4313   -5471.7145  0.4695 
   00275    0.4138   -5433.1027  0.4621 
   00276    0.4156   -5423.4301  0.4588 
   00277    0.4156   -5411.2852  0.4586 
   00278    0.3937   -5408.8393  0.4566 
   00279    0.4006   -5420.2770  0.4622 
   00280    0.4012   -5440.7523  0.4691 
   00281    0.3956   -5411.0598  0.4735 
   00282    0.3987   -5446.4198  0.4702 
   00283    0.4088   -5479.3094  0.4753 
   00284    0.4256   -5482.1068  0.4688 
   00285    0.3962   -5452.6370  0.4696 
   00286    0.4225   -5459.7597  0.4707 
   00287    0.4181   -5436.5536  0.4655 
   00288    0.4138   -5464.9030  0.4642 
   00289    0.4000   -5439.9155  0.4657 
   00290    0.4081   -5472.0728  0.4710 
   00291    0.4281   -5469.5558  0.4781 
   00292    0.3975   -5463.9418  0.4792 
   00293    0.4225   -5461.9925  0.4843 
   00294    0.4138   -5444.1904  0.4880 
   00295    0.4050   -5420.8203  0.4922 
   00296    0.4075   -5414.7958  0.4980 
   00297    0.3969   -5433.6150  0.4924 
   00298    0.4231   -5433.7020  0.5019 
   00299    0.3894   -5406.7183  0.4982 
   00300    0.4006   -5418.5598  0.4883 
   00301    0.4206   -5378.7311  0.4775 
   00302    0.3969   -5384.2788  0.4734 
   00303    0.3931   -5390.2095  0.4715 
   00304    0.4025   -5382.1202  0.4685 
   00305    0.4062   -5415.0218  0.4723 
   00306    0.4244   -5384.7702  0.4719 
   00307    0.4294   -5377.5213  0.4755 
   00308    0.4269   -5347.9947  0.4801 
   00309    0.4325   -5350.2299  0.4764 
   00310    0.4056   -5315.6841  0.4777 
   00311    0.4288   -5333.9800  0.4697 
   00312    0.4025   -5334.7587  0.4677 
   00313    0.3950   -5364.5610  0.4704 
   00314    0.4313   -5381.2912  0.4683 
   00315    0.4325   -5399.3815  0.4762 
   00316    0.4081   -5419.8691  0.4669 
   00317    0.4300   -5412.0293  0.4658 
   00318    0.4081   -5431.1447  0.4600 
   00319    0.4356   -5435.0936  0.4609 
   00320    0.4206   -5423.4983  0.4629 
   00321    0.4113   -5399.6276  0.4585 
   00322    0.4225   -5381.5798  0.4544 
   00323    0.3987   -5425.4639  0.4616 
   00324    0.4325   -5384.5001  0.4627 
   00325    0.4188   -5396.2509  0.4755 
   00326    0.4088   -5386.3899  0.4764 
   00327    0.4012   -5401.9636  0.4772 
   00328    0.4206   -5381.8739  0.4789 
   00329    0.4281   -5384.4914  0.4727 
   00330    0.4031   -5400.1994  0.4774 
   00331    0.4131   -5400.9360  0.4701 
   00332    0.3975   -5397.7809  0.4636 
   00333    0.4369   -5390.7948  0.4566 
   00334    0.4300   -5388.8828  0.4436 
   00335    0.4231   -5375.7774  0.4464 
   00336    0.4375   -5386.7678  0.4414 
   00337    0.4044   -5412.2141  0.4382 
   00338    0.4175   -5418.8591  0.4378 
   00339    0.4044   -5429.8852  0.4333 
   00340    0.4225   -5492.9907  0.4380 
   00341    0.4144   -5488.2175  0.4363 
   00342    0.3925   -5488.3221  0.4304 
   00343    0.4281   -5450.8827  0.4254 
   00344    0.4125   -5436.3372  0.4167 
   00345    0.4300   -5419.8492  0.4144 
   00346    0.4169   -5382.3347  0.4246 
   00347    0.4275   -5415.2729  0.4280 
   00348    0.4269   -5413.1527  0.4266 
   00349    0.4156   -5410.1478  0.4209 
   00350    0.4094   -5360.7906  0.4210 
   00351    0.4031   -5367.3955  0.4218 
   00352    0.4113   -5370.0020  0.4137 
   00353    0.4056   -5382.8153  0.4263 
   00354    0.4250   -5375.2148  0.4360 
   00355    0.4188   -5391.7204  0.4431 
   00356    0.4000   -5396.3384  0.4471 
   00357    0.4156   -5404.1767  0.4432 
   00358    0.4119   -5442.1238  0.4393 
   00359    0.4244   -5469.8969  0.4432 
   00360    0.4194   -5483.3607  0.4392 
   00361    0.4094   -5481.2074  0.4380 
   00362    0.3962   -5471.8045  0.4373 
   00363    0.4031   -5458.2270  0.4401 
   00364    0.3981   -5469.1306  0.4355 
   00365    0.4056   -5450.7955  0.4338 
   00366    0.4119   -5434.8236  0.4384 
   00367    0.3975   -5501.7098  0.4367 
   00368    0.3937   -5480.6006  0.4381 
   00369    0.3981   -5457.2949  0.4347 
   00370    0.4044   -5417.6391  0.4281 
   00371    0.3981   -5386.0205  0.4200 
   00372    0.4250   -5402.2976  0.4161 
   00373    0.4113   -5392.9555  0.4138 
   00374    0.4012   -5423.9851  0.4012 
   00375    0.4019   -5420.9028  0.4008 
   00376    0.4019   -5408.0327  0.3970 
   00377    0.3956   -5389.8170  0.3986 
   00378    0.4250   -5387.0948  0.4100 
   00379    0.4319   -5401.2695  0.4077 
   00380    0.4194   -5416.9190  0.4049 
   00381    0.4175   -5427.6500  0.4027 
   00382    0.4144   -5461.4996  0.4127 
   00383    0.4100   -5393.5060  0.4136 
   00384    0.4106   -5365.7817  0.4017 
   00385    0.4238   -5388.5667  0.3844 
   00386    0.4138   -5427.6666  0.3878 
   00387    0.4281   -5400.9235  0.3890 
   00388    0.4294   -5420.4596  0.3982 
   00389    0.4075   -5426.0183  0.3944 
   00390    0.3987   -5451.2259  0.3896 
   00391    0.3900   -5449.8694  0.3888 
   00392    0.4056   -5455.4424  0.3892 
   00393    0.4356   -5442.2605  0.3944 
   00394    0.4044   -5451.5552  0.3998 
   00395    0.4094   -5450.5816  0.4074 
   00396    0.4056   -5453.7748  0.4217 
   00397    0.4281   -5441.8300  0.4199 
   00398    0.3994   -5451.3473  0.4203 
   00399    0.4412   -5443.6949  0.4146 
   00400    0.4000   -5440.1036  0.4070 
   00401    0.3944   -5434.4462  0.4036 
   00402    0.4156   -5428.7912  0.4119 
   00403    0.4200   -5439.1556  0.4027 
   00404    0.4069   -5468.3439  0.4035 
   00405    0.4069   -5474.1115  0.4007 
   00406    0.3919   -5447.9107  0.4061 
   00407    0.4250   -5484.0526  0.4076 
   00408    0.4037   -5445.3779  0.4136 
   00409    0.4181   -5463.3570  0.4068 
   00410    0.4106   -5410.4911  0.4063 
   00411    0.4144   -5447.5085  0.4161 
   00412    0.3987   -5441.0510  0.4216 
   00413    0.4125   -5443.9380  0.4288 
   00414    0.4050   -5455.1464  0.4335 
   00415    0.4194   -5446.1815  0.4328 
   00416    0.3894   -5419.6130  0.4282 
   00417    0.4006   -5405.9538  0.4209 
   00418    0.4050   -5395.4474  0.4241 
   00419    0.4313   -5382.1217  0.4268 
   00420    0.4225   -5394.9246  0.4317 
   00421    0.4356   -5389.4528  0.4271 
   00422    0.4231   -5383.9889  0.4245 
   00423    0.4350   -5418.7049  0.4235 
   00424    0.4263   -5438.0121  0.4229 
   00425    0.3950   -5447.8505  0.4227 
   00426    0.4113   -5401.7188  0.4238 
   00427    0.4281   -5439.6284  0.4244 
   00428    0.3850   -5440.0212  0.4198 
   00429    0.4100   -5425.9958  0.4189 
   00430    0.4213   -5434.7683  0.4199 
   00431    0.4325   -5432.8844  0.4213 
   00432    0.3775   -5412.1813  0.4124 
   00433    0.4156   -5451.5290  0.4235 
   00434    0.3906   -5405.1150  0.4287 
   00435    0.4456   -5416.0630  0.4336 
   00436    0.4119   -5424.5042  0.4257 
   00437    0.4325   -5405.5987  0.4293 
   00438    0.4231   -5429.6305  0.4367 
   00439    0.4200   -5413.4799  0.4481 
   00440    0.3950   -5411.7630  0.4540 
   00441    0.4106   -5409.7749  0.4530 
   00442    0.3875   -5428.7319  0.4601 
   00443    0.4081   -5453.2374  0.4636 
   00444    0.3956   -5467.0943  0.4660 
   00445    0.4150   -5450.1003  0.4582 
   00446    0.4138   -5451.8051  0.4608 
   00447    0.4244   -5432.3125  0.4601 
   00448    0.4338   -5464.4201  0.4676 
   00449    0.3981   -5417.8583  0.4719 
   00450    0.4294   -5430.9745  0.4697 
   00451    0.4031   -5446.7749  0.4725 
   00452    0.4025   -5471.5473  0.4782 
   00453    0.3994   -5490.9025  0.4765 
   00454    0.3994   -5493.5528  0.4741 
   00455    0.4019   -5489.3451  0.4692 
   00456    0.3962   -5464.2385  0.4588 
   00457    0.4325   -5449.7620  0.4606 
   00458    0.4169   -5420.2060  0.4605 
   00459    0.4219   -5478.1895  0.4529 
   00460    0.4238   -5430.1860  0.4528 
   00461    0.4244   -5439.8617  0.4584 
   00462    0.4169   -5454.9612  0.4580 
   00463    0.4131   -5451.0558  0.4538 
   00464    0.4275   -5464.7812  0.4507 
   00465    0.4050   -5455.0790  0.4471 
   00466    0.4106   -5427.3367  0.4400 
   00467    0.4012   -5431.3166  0.4493 
   00468    0.4375   -5415.4027  0.4494 
   00469    0.4194   -5432.6075  0.4457 
   00470    0.4119   -5409.7067  0.4382 
   00471    0.4138   -5430.6205  0.4435 
   00472    0.4025   -5403.3556  0.4434 
   00473    0.4119   -5432.9296  0.4431 
   00474    0.4456   -5461.7434  0.4506 
   00475    0.3962   -5445.0596  0.4518 
   00476    0.4356   -5457.6414  0.4464 
   00477    0.4075   -5463.6460  0.4549 
   00478    0.4069   -5473.9012  0.4655 
   00479    0.3937   -5470.1411  0.4599 
   00480    0.4300   -5432.9206  0.4661 
   00481    0.4244   -5448.3943  0.4673 
   00482    0.3981   -5444.0911  0.4680 
   00483    0.4213   -5470.4618  0.4666 
   00484    0.4244   -5462.1230  0.4557 
   00485    0.4119   -5444.9642  0.4596 
   00486    0.3975   -5443.2061  0.4610 
   00487    0.4181   -5443.3037  0.4579 
   00488    0.4000   -5454.6340  0.4403 
   00489    0.4131   -5428.3236  0.4426 
   00490    0.4100   -5447.5324  0.4414 
   00491    0.4069   -5464.7538  0.4493 
   00492    0.4194   -5461.8125  0.4474 
   00493    0.4094   -5434.4761  0.4428 
   00494    0.4025   -5470.5343  0.4614 
   00495    0.4050   -5466.6345  0.4501 
   00496    0.3969   -5451.0806  0.4436 
   00497    0.4206   -5464.6304  0.4391 
   00498    0.4006   -5482.7075  0.4504 
   00499    0.4156   -5469.1997  0.4557 
   00500    0.4088   -5493.6566  0.4528 
   00501    0.4238   -5462.6103  0.4582 
   00502    0.4094   -5431.5992  0.4517 
   00503    0.4431   -5469.8489  0.4629 
   00504    0.4206   -5480.0302  0.4703 
   00505    0.4062   -5456.8862  0.4788 
   00506    0.4037   -5458.7915  0.4816 
   00507    0.4050   -5442.1707  0.4840 
   00508    0.4138   -5438.9145  0.4751 
   00509    0.4238   -5474.5394  0.4765 
   00510    0.4225   -5452.9793  0.4702 
   00511    0.4281   -5436.8479  0.4716 
   00512    0.4325   -5426.6839  0.4683 
   00513    0.4025   -5453.6334  0.4786 
   00514    0.4113   -5445.9189  0.4684 
   00515    0.4288   -5432.3262  0.4660 
   00516    0.3912   -5441.5334  0.4645 
   00517    0.3825   -5447.0526  0.4774 
   00518    0.4175   -5445.4064  0.4672 
   00519    0.4100   -5462.4292  0.4657 
   00520    0.4219   -5447.1146  0.4672 
   00521    0.4275   -5441.7647  0.4622 
   00522    0.4062   -5432.0412  0.4633 
   00523    0.4350   -5416.7449  0.4445 
   00524    0.4006   -5441.5923  0.4557 
   00525    0.3969   -5440.0059  0.4561 
   00526    0.3887   -5429.0332  0.4629 
   00527    0.4188   -5414.8513  0.4574 
   00528    0.4188   -5417.0671  0.4559 
   00529    0.3781   -5416.6490  0.4541 
   00530    0.3950   -5490.5885  0.4619 
   00531    0.4194   -5462.6803  0.4612 
   00532    0.3962   -5454.0466  0.4714 
   00533    0.4150   -5452.7398  0.4821 
   00534    0.4131   -5485.1329  0.4766 
   00535    0.4044   -5458.6784  0.4744 
   00536    0.4006   -5469.6377  0.4758 
   00537    0.4025   -5455.2371  0.4774 
   00538    0.4238   -5495.4066  0.4696 
   00539    0.4037   -5491.4750  0.4689 
   00540    0.4113   -5449.5145  0.4623 
   00541    0.3900   -5469.3133  0.4680 
   00542    0.3856   -5491.1315  0.4671 
   00543    0.4019   -5479.8006  0.4710 
   00544    0.4031   -5503.3628  0.4771 
   00545    0.4219   -5542.5413  0.4878 
   00546    0.4106   -5523.7716  0.4829 
   00547    0.3819   -5548.2191  0.4913 
   00548    0.4338   -5511.8444  0.4975 
   00549    0.4012   -5506.5640  0.4962 
   00550    0.3881   -5475.9416  0.5034 
   00551    0.4250   -5463.6480  0.5124 
   00552    0.4138   -5455.3484  0.5162 
   00553    0.3850   -5497.9647  0.5225 
   00554    0.4119   -5447.1510  0.5240 
   00555    0.4350   -5469.5287  0.5216 
   00556    0.3994   -5460.7142  0.5217 
   00557    0.4213   -5480.9776  0.5170 
   00558    0.3975   -5468.4275  0.5228 
   00559    0.3925   -5486.4212  0.5152 
   00560    0.4025   -5453.6435  0.5100 
   00561    0.4081   -5437.7442  0.5157 
   00562    0.4219   -5416.5276  0.5191 
   00563    0.4350   -5407.0072  0.5180 
   00564    0.4006   -5424.5883  0.5085 
   00565    0.3962   -5480.0133  0.5172 
   00566    0.4206   -5515.7598  0.5114 
   00567    0.3906   -5524.8559  0.5114 
   00568    0.4144   -5494.5525  0.5097 
   00569    0.4088   -5501.1102  0.5093 
   00570    0.4263   -5463.2787  0.4999 
   00571    0.3956   -5457.2996  0.4997 
   00572    0.4350   -5480.6675  0.4955 
   00573    0.4081   -5476.3401  0.4886 
   00574    0.4069   -5465.7581  0.4895 
   00575    0.4131   -5464.7226  0.4953 
   00576    0.4075   -5457.5734  0.4938 
   00577    0.4206   -5417.9168  0.4879 
   00578    0.4000   -5444.6037  0.4945 
   00579    0.4156   -5428.9633  0.4920 
   00580    0.4075   -5439.4290  0.4847 
   00581    0.4056   -5464.0158  0.4923 
   00582    0.4169   -5452.4681  0.4891 
   00583    0.4019   -5439.7472  0.4799 
   00584    0.4225   -5377.2419  0.4836 
   00585    0.4231   -5385.6589  0.4832 
   00586    0.4256   -5443.1203  0.4896 
   00587    0.4006   -5450.1203  0.4852 
   00588    0.4075   -5472.7687  0.4890 
   00589    0.4100   -5445.5900  0.4826 
   00590    0.3987   -5497.6769  0.4866 
   00591    0.4231   -5496.0980  0.4870 
   00592    0.4138   -5493.6406  0.4884 
   00593    0.4037   -5490.9392  0.4855 
   00594    0.3981   -5458.0923  0.4782 
   00595    0.4269   -5491.2826  0.4837 
   00596    0.4050   -5463.1119  0.4791 
   00597    0.4056   -5505.6190  0.4872 
   00598    0.4369   -5478.5583  0.4917 
   00599    0.4406   -5460.4661  0.4903 
   00600    0.3944   -5411.3244  0.4909 
   00601    0.4456   -5419.9454  0.4868 
   00602    0.4425   -5424.5611  0.4758 
   00603    0.4131   -5453.1835  0.4804 
   00604    0.3925   -5468.7920  0.4933 
   00605    0.4131   -5425.8895  0.4971 
   00606    0.4113   -5431.8949  0.4955 
   00607    0.4037   -5437.1126  0.5056 
   00608    0.3987   -5436.5909  0.5249 
   00609    0.4150   -5426.3095  0.5199 
   00610    0.4113   -5458.4544  0.5166 
   00611    0.4069   -5452.9206  0.5188 
   00612    0.4069   -5471.3276  0.5275 
   00613    0.4056   -5442.4504  0.5210 
   00614    0.4100   -5467.6993  0.5169 
   00615    0.4281   -5452.6626  0.5116 
   00616    0.3956   -5455.0886  0.5097 
   00617    0.4113   -5441.9024  0.5015 
   00618    0.3925   -5476.0470  0.4906 
   00619    0.4163   -5477.2476  0.4957 
   00620    0.3956   -5456.3997  0.4964 
   00621    0.4156   -5463.3021  0.4970 
   00622    0.4037   -5461.6274  0.5003 
   00623    0.4019   -5413.3792  0.4933 
   00624    0.3969   -5410.3155  0.4960 
   00625    0.4156   -5422.2297  0.4972 
   00626    0.4169   -5449.9304  0.4963 
   00627    0.4231   -5450.5502  0.4952 
   00628    0.4088   -5448.9807  0.4961 
   00629    0.4181   -5457.7290  0.4969 
   00630    0.4188   -5448.6113  0.4958 
   00631    0.4275   -5460.6870  0.4920 
   00632    0.4175   -5470.7823  0.4908 
   00633    0.4394   -5408.9366  0.4822 
   00634    0.4175   -5426.4951  0.4810 
   00635    0.4231   -5448.1610  0.4834 
   00636    0.4119   -5469.6373  0.4895 
   00637    0.4106   -5469.7019  0.4924 
   00638    0.4150   -5458.5575  0.4965 
   00639    0.4119   -5455.2684  0.4883 
   00640    0.4081   -5456.7953  0.4912 
   00641    0.4219   -5482.5756  0.4848 
   00642    0.4025   -5465.3845  0.4834 
   00643    0.4100   -5430.7855  0.4880 
   00644    0.4313   -5454.4302  0.4962 
   00645    0.4294   -5477.2012  0.4980 
   00646    0.3812   -5450.7542  0.5029 
   00647    0.4062   -5461.2493  0.5111 
   00648    0.4012   -5397.8082  0.5073 
   00649    0.4175   -5414.4027  0.5101 
   00650    0.4206   -5420.3030  0.5196 
   00651    0.4138   -5455.3704  0.5111 
   00652    0.4050   -5434.7684  0.4986 
   00653    0.4019   -5408.4176  0.4991 
   00654    0.4019   -5390.8433  0.5064 
   00655    0.4056   -5402.3055  0.5147 
   00656    0.4106   -5394.5068  0.5040 
   00657    0.4275   -5393.1755  0.5052 
   00658    0.4100   -5442.3754  0.5064 
   00659    0.3894   -5438.4543  0.5064 
   00660    0.4119   -5400.7142  0.5039 
   00661    0.4044   -5431.2338  0.5060 
   00662    0.3981   -5443.1922  0.5059 
   00663    0.4325   -5485.6207  0.5131 
   00664    0.4250   -5478.0623  0.4998 
   00665    0.4138   -5496.4669  0.4960 
   00666    0.3937   -5454.8018  0.4873 
   00667    0.4356   -5450.2065  0.4884 
   00668    0.4244   -5491.2577  0.4909 
   00669    0.3962   -5476.8668  0.4932 
   00670    0.4044   -5438.0167  0.5020 
   00671    0.4006   -5429.7537  0.4993 
   00672    0.4181   -5429.0992  0.5075 
   00673    0.4150   -5426.7744  0.4972 
   00674    0.4044   -5418.1928  0.5048 
   00675    0.3769   -5378.8224  0.5100 
   00676    0.4119   -5428.5675  0.5074 
   00677    0.4206   -5411.0038  0.5109 
   00678    0.4156   -5461.7018  0.5084 
   00679    0.4119   -5495.1049  0.5106 
   00680    0.3919   -5465.7283  0.5070 
   00681    0.4169   -5507.1941  0.5092 
   00682    0.4131   -5521.0907  0.5116 
   00683    0.3919   -5511.6475  0.5075 
   00684    0.4181   -5497.2554  0.5078 
   00685    0.4069   -5464.2445  0.5088 
   00686    0.3950   -5434.3837  0.5059 
   00687    0.4012   -5428.6688  0.5038 
   00688    0.3869   -5462.4589  0.4977 
   00689    0.4206   -5458.9119  0.4960 
   00690    0.4144   -5462.0202  0.4965 
   00691    0.4088   -5451.2991  0.5002 
   00692    0.3987   -5432.4256  0.5092 
   00693    0.4125   -5451.5073  0.5084 
   00694    0.4206   -5465.6155  0.5104 
   00695    0.3994   -5462.2447  0.5092 
   00696    0.4062   -5469.8788  0.5148 
   00697    0.4094   -5481.2836  0.5054 
   00698    0.4037   -5464.3340  0.5001 
   00699    0.4050   -5467.0040  0.4980 
   00700    0.4231   -5480.0363  0.5016 
   00701    0.4025   -5488.8465  0.5047 
   00702    0.4231   -5458.8051  0.5081 
   00703    0.4012   -5451.5316  0.5055 
   00704    0.4044   -5455.6936  0.5094 
   00705    0.3950   -5480.9097  0.5103 
   00706    0.3987   -5451.8726  0.5182 
   00707    0.4250   -5480.0284  0.5199 
   00708    0.4306   -5484.0537  0.5192 
   00709    0.4050   -5461.6695  0.5162 
   00710    0.4194   -5451.4692  0.5235 
   00711    0.4100   -5459.9899  0.5206 
   00712    0.4181   -5473.7579  0.5205 
   00713    0.4131   -5481.0198  0.5139 
   00714    0.4206   -5451.6279  0.5084 
   00715    0.4219   -5471.6543  0.5133 
   00716    0.4294   -5465.9592  0.5176 
   00717    0.4019   -5400.9258  0.5112 
   00718    0.4094   -5382.4293  0.5106 
   00719    0.4044   -5381.9109  0.5111 
   00720    0.4150   -5407.6784  0.5111 
   00721    0.4131   -5450.7616  0.5018 
   00722    0.4069   -5445.0646  0.5032 
   00723    0.4281   -5455.1329  0.4996 
   00724    0.4006   -5523.3047  0.5083 
   00725    0.4062   -5522.0765  0.5139 
   00726    0.3969   -5518.2777  0.5046 
   00727    0.3925   -5528.3882  0.5015 
   00728    0.4050   -5514.6005  0.4951 
   00729    0.4213   -5501.4210  0.4973 
   00730    0.4213   -5514.0181  0.4959 
   00731    0.4119   -5490.2345  0.4982 
   00732    0.4375   -5462.1556  0.5007 
   00733    0.4331   -5490.4524  0.5002 
   00734    0.3981   -5515.3875  0.4935 
   00735    0.4088   -5509.4656  0.4905 
   00736    0.4213   -5525.8050  0.4911 
   00737    0.3981   -5506.9809  0.4949 
   00738    0.3856   -5492.1981  0.4907 
   00739    0.4263   -5466.9212  0.4857 
   00740    0.4088   -5471.6626  0.4910 
   00741    0.4131   -5489.4478  0.4958 
   00742    0.4356   -5479.9106  0.4941 
   00743    0.4213   -5416.8731  0.4930 
   00744    0.4044   -5442.8088  0.4955 
   00745    0.4062   -5453.2953  0.4977 
   00746    0.3975   -5445.4893  0.4998 
   00747    0.4113   -5467.7043  0.4964 
   00748    0.3987   -5497.7413  0.4916 
   00749    0.4044   -5462.1510  0.4957 
   00750    0.4263   -5468.4027  0.4891 
   00751    0.4113   -5449.0596  0.4903 
   00752    0.3981   -5499.5947  0.5000 
   00753    0.4131   -5492.0100  0.5026 
   00754    0.4081   -5472.9405  0.4990 
   00755    0.4331   -5455.1775  0.4946 
   00756    0.3844   -5447.2780  0.4963 
   00757    0.4131   -5443.2369  0.5028 
   00758    0.4181   -5425.6700  0.4995 
   00759    0.3994   -5427.0661  0.4931 
   00760    0.3994   -5468.2732  0.4909 
   00761    0.4306   -5457.6435  0.4963 
   00762    0.4150   -5478.5473  0.5013 
   00763    0.4012   -5471.9295  0.5080 
   00764    0.3987   -5494.4939  0.5105 
   00765    0.4000   -5506.0901  0.5052 
   00766    0.4050   -5486.7802  0.5099 
   00767    0.4125   -5452.8264  0.5135 
   00768    0.4263   -5438.1378  0.5217 
   00769    0.3825   -5436.1962  0.5165 
   00770    0.4200   -5478.9423  0.5166 
   00771    0.4131   -5478.1985  0.5239 
   00772    0.4056   -5499.6825  0.5279 
   00773    0.4175   -5474.4332  0.5317 
   00774    0.3981   -5462.2251  0.5270 
   00775    0.4156   -5473.7094  0.5206 
   00776    0.4031   -5462.7722  0.5156 
   00777    0.4138   -5460.2257  0.5142 
   00778    0.4069   -5474.8405  0.5111 
   00779    0.4169   -5478.7080  0.5090 
   00780    0.4100   -5490.1040  0.5076 
   00781    0.4138   -5458.6388  0.5137 
   00782    0.4075   -5458.4195  0.5134 
   00783    0.4188   -5448.6946  0.5090 
   00784    0.4125   -5438.6852  0.5088 
   00785    0.4019   -5444.7333  0.5125 
   00786    0.4213   -5433.2163  0.5135 
   00787    0.4131   -5449.9137  0.5187 
   00788    0.4113   -5445.6327  0.5160 
   00789    0.4088   -5457.1162  0.5203 
   00790    0.4163   -5432.0543  0.5146 
   00791    0.4144   -5415.3204  0.5073 
   00792    0.4281   -5412.2688  0.5097 
   00793    0.4250   -5425.8735  0.5133 
   00794    0.3981   -5451.6629  0.5171 
   00795    0.4056   -5417.9292  0.5073 
   00796    0.4163   -5459.3852  0.4993 
   00797    0.4094   -5450.1013  0.5000 
   00798    0.4025   -5468.7812  0.5049 
   00799    0.4106   -5473.6841  0.4969 
   00800    0.4156   -5437.3566  0.5014 
   00801    0.4200   -5451.6553  0.5021 
   00802    0.4275   -5420.9628  0.5116 
   00803    0.4175   -5451.3447  0.5094 
   00804    0.4031   -5475.8655  0.5071 
   00805    0.4200   -5461.3358  0.5089 
   00806    0.4113   -5445.0329  0.5035 
   00807    0.3994   -5460.6003  0.5002 
   00808    0.4075   -5473.7399  0.5018 
   00809    0.3862   -5456.7096  0.4988 
   00810    0.4050   -5479.0780  0.4993 
   00811    0.3894   -5511.0857  0.5071 
   00812    0.4150   -5507.3830  0.5203 
   00813    0.4163   -5507.0307  0.5220 
   00814    0.4150   -5477.9968  0.5177 
   00815    0.4175   -5480.9413  0.5213 
   00816    0.4250   -5476.3890  0.5161 
   00817    0.4119   -5465.4166  0.5131 
   00818    0.4250   -5438.5282  0.5111 
   00819    0.4313   -5452.5420  0.5109 
   00820    0.4150   -5413.6921  0.5090 
   00821    0.4138   -5398.2585  0.5066 
   00822    0.4069   -5404.9288  0.5050 
   00823    0.4188   -5431.7513  0.4992 
   00824    0.4281   -5438.5515  0.4977 
   00825    0.4363   -5510.6613  0.5043 
   00826    0.4025   -5480.8434  0.5019 
   00827    0.4106   -5454.1678  0.5030 
   00828    0.4000   -5458.9594  0.4953 
   00829    0.4138   -5402.6241  0.4966 
   00830    0.4138   -5405.3819  0.4996 
   00831    0.4306   -5383.9738  0.4936 
   00832    0.4387   -5367.0702  0.4947 
   00833    0.4075   -5380.0234  0.4918 
   00834    0.3950   -5406.0853  0.4961 
   00835    0.4225   -5441.6956  0.4983 
   00836    0.4125   -5444.6574  0.4984 
   00837    0.4138   -5468.0423  0.5004 
   00838    0.4406   -5456.9258  0.5110 
   00839    0.3987   -5440.8092  0.5069 
   00840    0.4288   -5441.1671  0.5145 
   00841    0.4131   -5449.0972  0.5110 
   00842    0.4006   -5428.3295  0.5077 
   00843    0.4325   -5452.7202  0.5136 
   00844    0.4056   -5456.4478  0.5117 
   00845    0.4163   -5419.2212  0.5218 
   00846    0.4113   -5444.6425  0.5171 
   00847    0.4163   -5477.7380  0.5183 
   00848    0.4000   -5496.8500  0.5137 
   00849    0.4213   -5478.9180  0.5237 
   00850    0.4100   -5486.7117  0.5143 
   00851    0.4200   -5451.2419  0.5091 
   00852    0.4131   -5423.0188  0.5052 
   00853    0.4294   -5413.5450  0.4991 
   00854    0.4062   -5458.5697  0.4987 
   00855    0.3962   -5488.5608  0.5043 
   00856    0.3894   -5449.4809  0.4983 
   00857    0.4200   -5463.6718  0.5036 
   00858    0.4019   -5495.9269  0.5033 
   00859    0.3981   -5485.6900  0.5054 
   00860    0.4031   -5460.0930  0.4988 
   00861    0.4156   -5474.3110  0.4968 
   00862    0.4188   -5459.8285  0.4978 
   00863    0.3906   -5441.9898  0.4879 
   00864    0.4313   -5440.8233  0.4829 
   00865    0.4069   -5420.6930  0.4806 
   00866    0.4375   -5394.3231  0.4827 
   00867    0.4244   -5431.9887  0.4838 
   00868    0.4000   -5420.7249  0.4831 
   00869    0.4238   -5445.4391  0.4791 
   00870    0.4188   -5415.9464  0.4770 
   00871    0.4088   -5396.4909  0.4763 
   00872    0.4044   -5410.6395  0.4820 
   00873    0.4188   -5403.0044  0.4865 
   00874    0.4088   -5409.4299  0.4875 
   00875    0.4081   -5444.8302  0.4884 
   00876    0.4350   -5408.9567  0.4855 
   00877    0.4344   -5452.0034  0.4918 
   00878    0.4263   -5414.8878  0.4874 
   00879    0.4250   -5394.7387  0.4891 
   00880    0.4188   -5417.2472  0.4919 
   00881    0.4094   -5448.5313  0.4938 
   00882    0.4144   -5438.0048  0.5066 
   00883    0.4288   -5446.9624  0.5120 
   00884    0.4119   -5468.5676  0.5115 
   00885    0.3994   -5446.0962  0.5139 
   00886    0.4069   -5443.3601  0.5163 
   00887    0.4044   -5414.1325  0.5080 
   00888    0.4169   -5405.8417  0.5128 
   00889    0.4156   -5421.4590  0.5142 
   00890    0.4288   -5411.1185  0.5205 
   00891    0.4106   -5394.0704  0.5176 
   00892    0.3806   -5400.3878  0.5246 
   00893    0.4169   -5415.3403  0.5205 
   00894    0.4156   -5419.0762  0.5128 
   00895    0.4044   -5434.9053  0.5028 
   00896    0.3975   -5436.7726  0.5076 
   00897    0.4206   -5433.8110  0.5056 
   00898    0.4238   -5425.6473  0.5148 
   00899    0.3987   -5452.5583  0.5159 
   00900    0.3931   -5466.4983  0.5115 
   00901    0.4131   -5454.3884  0.5040 
   00902    0.3956   -5452.0158  0.4983 
   00903    0.4269   -5465.7274  0.4923 
   00904    0.4200   -5423.8645  0.4899 
   00905    0.4019   -5379.6407  0.4861 
   00906    0.4163   -5385.1620  0.4805 
   00907    0.4069   -5405.3885  0.4873 
   00908    0.4306   -5341.4408  0.4947 
   00909    0.4113   -5349.2309  0.4940 
   00910    0.4462   -5361.7482  0.4974 
   00911    0.4313   -5383.2091  0.4935 
   00912    0.4169   -5364.4386  0.4899 
   00913    0.4294   -5365.8390  0.4993 
   00914    0.4069   -5352.5167  0.5070 
   00915    0.4150   -5376.4579  0.5042 
   00916    0.4000   -5403.6896  0.4962 
   00917    0.4225   -5399.9360  0.4989 
   00918    0.3881   -5393.0518  0.5055 
   00919    0.4475   -5385.7117  0.5110 
   00920    0.3956   -5385.5968  0.5176 
   00921    0.4113   -5413.6032  0.5177 
   00922    0.4175   -5394.2262  0.5263 
   00923    0.4175   -5433.4550  0.5213 
   00924    0.4163   -5469.9827  0.5214 
   00925    0.4156   -5450.0227  0.5254 
   00926    0.4131   -5465.0117  0.5237 
   00927    0.4081   -5474.2674  0.5330 
   00928    0.4375   -5420.9747  0.5279 
   00929    0.3894   -5397.5877  0.5257 
   00930    0.4100   -5399.4868  0.5250 
   00931    0.4194   -5369.9746  0.5266 
   00932    0.4163   -5343.5334  0.5233 
   00933    0.4150   -5347.4792  0.5332 
   00934    0.4344   -5346.9442  0.5242 
   00935    0.4244   -5372.5539  0.5336 
   00936    0.3962   -5365.5915  0.5301 
   00937    0.4331   -5391.9539  0.5236 
   00938    0.4113   -5435.2928  0.5212 
   00939    0.4200   -5404.3623  0.5155 
   00940    0.3944   -5409.9541  0.5051 
   00941    0.4088   -5422.8668  0.5162 
   00942    0.4012   -5424.4845  0.5253 
   00943    0.4144   -5425.9654  0.5286 
   00944    0.4163   -5389.9912  0.5289 
   00945    0.4044   -5413.2329  0.5332 
   00946    0.4231   -5408.9113  0.5309 
   00947    0.4419   -5438.6259  0.5343 
   00948    0.4175   -5436.0075  0.5422 
   00949    0.4081   -5409.0802  0.5452 
   00950    0.4344   -5389.7610  0.5426 
   00951    0.4231   -5445.3910  0.5452 
   00952    0.3944   -5432.8986  0.5487 
   00953    0.4138   -5437.6866  0.5521 
   00954    0.4037   -5442.4782  0.5551 
   00955    0.3837   -5431.6769  0.5527 
   00956    0.4200   -5455.2482  0.5639 
   00957    0.3975   -5462.4163  0.5583 
   00958    0.4125   -5462.9824  0.5561 
   00959    0.3912   -5462.3350  0.5509 
   00960    0.4006   -5433.9292  0.5488 
   00961    0.4075   -5433.6608  0.5541 
   00962    0.4225   -5403.7415  0.5607 
   00963    0.3919   -5434.0754  0.5647 
   00964    0.4019   -5434.0367  0.5685 
   00965    0.4119   -5456.2103  0.5703 
   00966    0.4062   -5422.3457  0.5663 
   00967    0.4138   -5384.3879  0.5599 
   00968    0.4069   -5386.2683  0.5657 
   00969    0.4194   -5441.1959  0.5586 
   00970    0.4138   -5449.2579  0.5705 
   00971    0.4213   -5460.0761  0.5745 
   00972    0.4000   -5471.3878  0.5777 
   00973    0.4150   -5420.8502  0.5701 
   00974    0.4281   -5427.7493  0.5700 
   00975    0.4125   -5485.3732  0.5764 
   00976    0.3994   -5489.9212  0.5773 
   00977    0.3981   -5428.0888  0.5757 
   00978    0.4138   -5435.8109  0.5717 
   00979    0.4319   -5430.3628  0.5775 
   00980    0.3981   -5476.3175  0.5729 
   00981    0.3969   -5484.1324  0.5768 
   00982    0.4231   -5469.7718  0.5705 
   00983    0.4088   -5478.4541  0.5726 
   00984    0.4119   -5454.9810  0.5628 
   00985    0.3987   -5486.8140  0.5649 
   00986    0.4119   -5422.6714  0.5604 
   00987    0.4088   -5456.2635  0.5674 
   00988    0.4163   -5474.6086  0.5764 
   00989    0.4106   -5498.3781  0.5811 
   00990    0.4075   -5497.7228  0.5778 
   00991    0.3831   -5486.8141  0.5736 
   00992    0.3987   -5449.0314  0.5740 
   00993    0.4113   -5436.5444  0.5707 
   00994    0.4169   -5426.6088  0.5719 
   00995    0.4206   -5417.8521  0.5729 
   00996    0.4088   -5390.3986  0.5766 
   00997    0.4244   -5432.0166  0.5835 
   00998    0.4100   -5436.9924  0.5826 
   00999    0.4356   -5394.6735  0.5787 
   01000    0.4019   -5414.6987  0.5798 
