#=====================================================
# File created:        Tue-25-Feb-2025-at-08-58-28PM
# Size of lattice:     20x20
# Number of MC steps:  1000
# Reduced temperature: 0.500
# Run time (s):        0.238458
#=====================================================
# MC step:  Ratio:     Energy:   Order:
#=====================================================
   00000    0.5000    -408.3462  0.3170 
   00001    0.6900    -642.4999  0.2655 
   00002    0.5875    -756.4594  0.2962 
   00003    0.5925    -842.0495  0.3286 
   00004    0.5225    -921.7783  0.3680 
   00005    0.5175    -940.8723  0.3646 
   00006    0.5275   -1004.9327  0.3507 
   00007    0.5350   -1066.0122  0.3565 
   00008    0.5000   -1091.9494  0.3800 
   00009    0.4800   -1094.4048  0.3838 
   00010    0.4725   -1104.3948  0.3750 
   00011    0.4925   -1178.0295  0.3992 
   00012    0.4450   -1195.9332  0.4045 
   00013    0.4350   -1210.6803  0.4304 
   00014    0.4550   -1240.5377  0.4276 
   00015    0.4325   -1243.6407  0.4244 
   00016    0.4025   -1258.9266  0.4263 
   00017    0.4425   -1270.8363  0.4192 
   00018    0.4225   -1266.5893  0.4031 
   00019    0.4700   -1245.8883  0.3896 
   00020    0.4600   -1248.1729  0.3836 
   00021    0.4525   -1258.6065  0.3963 
   00022    0.4250   -1262.3006  0.3884 
   00023    0.4500   -1264.2765  0.4016 
   00024    0.4350   -1259.6059  0.3992 
   00025    0.4600   -1267.7121  0.3958 
   00026    0.4300   -1281.1781  0.3928 
   00027    0.4400   -1304.5005  0.4141 
   00028    0.4425   -1303.9944  0.4073 
   00029    0.3800   -1306.6512  0.4045 
   00030    0.3900   -1295.3585  0.4183 
   00031    0.4275   -1293.0917  0.4457 
   00032    0.4400   -1314.1207  0.4470 
   00033    0.4325   -1309.7055  0.4414 
   00034    0.4400   -1306.9080  0.4445 
   00035    0.4325   -1281.6515  0.4450 
   00036    0.4575   -1298.3989  0.4714 
   00037    0.4350   -1312.4812  0.4768 
   00038    0.3900   -1320.8246  0.4585 
   00039    0.3875   -1318.5087  0.4609 
   00040    0.4750   -1330.7765  0.4713 
   00041    0.4400   -1314.3510  0.4574 
   00042    0.4375   -1308.4950  0.4587 
   00043    0.4350   -1321.1174  0.4686 
   00044    0.4025   -1325.4685  0.4805 
   00045    0.4000   -1345.0960  0.4898 
   00046    0.4175   -1312.1439  0.4995 
   00047    0.4350   -1330.9916  0.5104 
   00048    0.3975   -1341.4515  0.5213 
   00049    0.3925   -1332.5576  0.5248 
   00050    0.3975   -1329.1047  0.5357 
   00051    0.4225   -1316.4134  0.5303 
   00052    0.4450   -1325.7254  0.5416 
   00053    0.4300   -1318.4872  0.5503 
   00054    0.3600   -1327.7503  0.5534 
   00055    0.4100   -1327.6113  0.5603 
   00056    0.3975   -1353.3807  0.5615 
   00057    0.4225   -1343.0104  0.5627 
   00058    0.3925   -1310.6285  0.5627 
   00059    0.4400   -1313.5905  0.5628 
   00060    0.4250   -1327.1026  0.5788 
   00061    0.4425   -1312.6989  0.5751 
   00062    0.3925   -1338.9687  0.5635 
   00063    0.4050   -1355.5410  0.5605 
   00064    0.3700   -1354.9017  0.5528 
   00065    0.4100   -1365.3756  0.5579 
   00066    0.4200   -1349.1670  0.5363 
   00067    0.4175   -1347.8029  0.5262 
   00068    0.4700   -1358.5937  0.5360 
   00069    0.4525   -1369.2610  0.5351 
   00070    0.4150   -1357.4799  0.5305 
   00071    0.4200   -1354.6774  0.5212 
   00072    0.3700   -1347.5175  0.5037 
   00073    0.4125   -1365.0060  0.5032 
   00074    0.3900   -1353.5431  0.5182 
   00075    0.4075   -1341.9718  0.5111 
   00076    0.3525   -1349.7797  0.5199 
   00077    0.4500   -1345.1583  0.5251 
   00078    0.4125   -1346.0547  0.5244 
   00079    0.4075   -1341.2363  0.5359 
   00080    0.4400   -1352.2359  0.5311 
   00081    0.4325   -1351.5650  0.5360 
   00082    0.4200   -1350.8544  0.5416 
   00083    0.4200   -1342.2246  0.5546 
   00084    0.4025   -1348.2892  0.5667 
   00085    0.4250   -1342.3149  0.5625 
   00086    0.4275   -1341.0221  0.5731 
   00087    0.3800   -1343.6119  0.5658 
   00088    0.4400   -1341.3939  0.5806 
   00089    0.4500   -1337.4294  0.5727 
   00090    0.4125   -1332.0368  0.5829 
   00091    0.4225   -1327.8640  0.5796 
   00092    0.4150   -1319.9308  0.5840 
   00093    0.4100   -1328.5913  0.6030 
   00094    0.4050   -1343.6759  0.6093 
   00095    0.4200   -1355.6559  0.6062 
   00096    0.4200   -1370.4294  0.6200 
   00097    0.3900   -1368.6520  0.6242 
   00098    0.3825   -1354.1324  0.6095 
   00099    0.4075   -1346.2528  0.6066 
   00100    0.4350   -1312.3834  0.6097 
   00101    0.4500   -1317.9213  0.6123 
   00102    0.3825   -1326.3706  0.5936 
   00103    0.4000   -1335.4645  0.5926 
   00104    0.4450   -1336.5595  0.5898 
   00105    0.4225   -1320.8013  0.5883 
   00106    0.4100   -1333.7276  0.5925 
   00107    0.4250   -1326.0287  0.5783 
   00108    0.4200   -1324.3681  0.5720 
   00109    0.3825   -1314.3180  0.5691 
   00110    0.4150   -1301.1053  0.5842 
   00111    0.4250   -1287.0084  0.6122 
   00112    0.4275   -1285.1014  0.6012 
   00113    0.4375   -1317.5819  0.6113 
   00114    0.3825   -1328.9296  0.6218 
   00115    0.4350   -1333.6430  0.6233 
   00116    0.4225   -1349.0607  0.6220 
   00117    0.4400   -1348.0569  0.6160 
   00118    0.4300   -1335.3987  0.6108 
   00119    0.4550   -1317.1984  0.6171 
   00120    0.3875   -1337.8767  0.6275 
   00121    0.4475   -1339.9939  0.6236 
   00122    0.4225   -1341.8814  0.6220 
   00123    0.4525   -1330.7793  0.6263 
   00124    0.4400   -1342.8742  0.6179 
   00125    0.4050   -1344.2296  0.6296 
   00126    0.4150   -1343.8621  0.6369 
   00127    0.3900   -1332.9228  0.6441 
   00128    0.4300   -1327.1875  0.6448 
   00129    0.4050   -1334.7617  0.6418 
   00130    0.4075   -1347.9736  0.6429 
   00131    0.3550   -1356.7139  0.6495 
   00132    0.3800   -1367.4791  0.6441 
   00133    0.3800   -1353.3002  0.6545 
   00134    0.4225   -1364.1044  0.6505 
   00135    0.3475   -1366.8092  0.6597 
   00136    0.4250   -1362.7910  0.6557 
   00137    0.4125   -1353.6307  0.6596 
   00138    0.3775   -1371.4631  0.6804 
   00139    0.4275   -1353.2160  0.6938 
   00140    0.4100   -1349.4057  0.6939 
   00141    0.4000   -1340.8045  0.7054 
   00142    0.4100   -1328.0997  0.7027 
   00143    0.4300   -1317.3855  0.7010 
   00144    0.4200   -1330.1308  0.6948 
   00145    0.3900   -1327.7712  0.6881 
   00146    0.4425   -1341.5364  0.6977 
   00147    0.4550   -1333.4604  0.6910 
   00148    0.4350   -1329.1800  0.6933 
   00149    0.3950   -1326.4662  0.6941 
   00150    0.4275   -1326.7248  0.6884 
   00151    0.3875   -1337.2259  0.6933 
   00152    0.4325   -1342.7601  0.6854 
   00153    0.4100   -1356.1649  0.6925 
   00154    0.3775   -1338.3502  0.6805 
   00155    0.4275   -1326.5397  0.6883 
   00156    0.4525   -1332.1666  0.6999 
   00157    0.3725   -1332.4114  0.7055 
   00158    0.4050   -1334.0983  0.7001 
   00159    0.4200   -1343.6379  0.6934 
   00160    0.4200   -1358.6470  0.7124 
   00161    0.4375   -1357.8467  0.7069 
   00162    0.3875   -1348.0873  0.6993 
   00163    0.3850   -1347.7251  0.7005 
   00164    0.4300   -1336.2617  0.6893 
   00165    0.4325   -1343.9268  0.6968 
   00166    0.3975   -1337.6549  0.7138 
   00167    0.3875   -1330.8077  0.7066 
   00168    0.4675   -1337.5581  0.7027 
   00169    0.4375   -1337.8153  0.6997 
   00170    0.4175   -1334.6287  0.7036 
   00171    0.4550   -1331.2946  0.7067 
   00172    0.4325   -1339.5371  0.7001 
   00173    0.3925   -1340.9703  0.6924 
   00174    0.4275   -1333.4900  0.6883 
   00175    0.4550   -1342.0258  0.6842 
   00176    0.4250   -1336.4213  0.6939 
   00177    0.4250   -1331.1059  0.6875 
   00178    0.4400   -1344.3756  0.6968 
   00179    0.4350   -1335.9869  0.7026 
   00180    0.4350   -1360.0716  0.7053 
   00181    0.3850   -1350.6067  0.7048 
   00182    0.4500   -1346.6010  0.7013 
   00183    0.4050   -1347.1124  0.7183 
   00184    0.4100   -1368.5006  0.7281 
   00185    0.4200   -1361.8501  0.7281 
   00186    0.3850   -1358.0946  0.7270 
   00187    0.4025   -1351.4092  0.7178 
   00188    0.3700   -1361.0985  0.7065 
   00189    0.4275   -1365.3736  0.7115 
   00190    0.4125   -1375.2738  0.7205 
   00191    0.4125   -1366.6728  0.7234 
   00192    0.4475   -1366.2730  0.7350 
   00193    0.4075   -1354.5361  0.7371 
   00194    0.4400   -1337.9532  0.7325 
   00195    0.3975   -1340.7249  0.7416 
   00196    0.4175   -1338.1531  0.7513 
   00197    0.3925   -1329.5629  0.7396 
   00198    0.4025   -1342.1593  0.7444 
   00199    0.4475   -1353.3416  0.7435 
   00200    0.4175   -1350.8671  0.7540 
   00201    0.4150   -1365.1177  0.7652 
   00202    0.4450   -1356.8179  0.7701 
   00203    0.4075   -1359.2973  0.7735 
   00204    0.4125   -1347.1260  0.7627 
   00205    0.3675   -1354.7952  0.7755 
   00206    0.3975   -1358.1929  0.7879 
   00207    0.4000   -1353.9679  0.8023 
   00208    0.4125   -1352.7940  0.8103 
   00209    0.4200   -1362.1474  0.8109 
   00210    0.4050   -1354.5791  0.8060 
   00211    0.4175   -1340.5034  0.8161 
   00212    0.4150   -1342.5959  0.8186 
   00213    0.3750   -1358.1506  0.8207 
   00214    0.3825   -1358.8361  0.8286 
   00215    0.4000   -1360.8976  0.8296 
   00216    0.3975   -1369.4510  0.8301 
   00217    0.3825   -1374.6282  0.8218 
   00218    0.3600   -1379.8510  0.8300 
   00219    0.4025   -1397.2513  0.8345 
   00220    0.4025   -1397.3441  0.8344 
   00221    0.4300   -1400.7477  0.8403 
   00222    0.4425   -1366.8752  0.8231 
   00223    0.4325   -1382.2153  0.8345 
   00224    0.3450   -1364.2056  0.8383 
   00225    0.3800   -1376.8100  0.8462 
   00226    0.4150   -1369.7330  0.8411 
   00227    0.4200   -1365.4488  0.8381 
   00228    0.4250   -1373.9260  0.8386 
   00229    0.4000   -1388.4174  0.8397 
   00230    0.4275   -1396.3223  0.8402 
   00231    0.3950   -1397.3673  0.8374 
   00232    0.3925   -1393.1301  0.8380 
   00233    0.4050   -1378.6822  0.8339 
   00234    0.3775   -1400.7483  0.8538 
   00235    0.4075   -1388.0612  0.8455 
   00236    0.4125   -1377.4044  0.8406 
   00237    0.4050   -1370.8984  0.8383 
   00238    0.4075   -1359.2152  0.8356 
   00239    0.4200   -1377.2312  0.8372 
   00240    0.4600   -1370.4595  0.8494 
   00241    0.3650   -1373.5432  0.8453 
   00242    0.4275   -1379.8873  0.8444 
   00243    0.4100   -1375.1604  0.8409 
   00244    0.3950   -1387.9764  0.8428 
   00245    0.3600   -1401.0535  0.8637 
   00246    0.3800   -1396.9741  0.8655 
   00247    0.4175   -1398.8680  0.8666 
   00248    0.4250   -1410.5141  0.8733 
   00249    0.4175   -1388.4996  0.8527 
   00250    0.4150   -1389.5348  0.8584 
   00251    0.3750   -1384.0439  0.8614 
   00252    0.4075   -1388.7191  0.8653 
   00253    0.4000   -1400.2285  0.8687 
   00254    0.3975   -1406.6531  0.8720 
   00255    0.3750   -1414.4371  0.8706 
   00256    0.4150   -1392.7191  0.8567 
   00257    0.4025   -1399.6572  0.8588 
   00258    0.4100   -1393.2404  0.8560 
   00259    0.3675   -1406.8819  0.8672 
   00260    0.4250   -1377.7971  0.8662 
   00261    0.3975   -1373.1221  0.8661 
   00262    0.3875   -1375.2530  0.8626 
   00263    0.4075   -1367.1114  0.8615 
   00264    0.3875   -1401.1728  0.8785 
   00265    0.3675   -1407.2519  0.8755 
   00266    0.4350   -1400.1681  0.8743 
   00267    0.3900   -1404.2058  0.8748 
   00268    0.4275   -1397.5521  0.8752 
   00269    0.4200   -1374.3113  0.8624 
   00270    0.4175   -1384.1539  0.8585 
   00271    0.4175   -1379.8756  0.8519 
   00272    0.4450   -1377.8627  0.8523 
   00273    0.4250   -1382.2470  0.8444 
   00274    0.4400   -1378.3154  0.8497 
   00275    0.4450   -1382.4875  0.8555 
   00276    0.4050   -1376.3079  0.8506 
   00277    0.3700   -1380.6968  0.8523 
   00278    0.3825   -1381.1382  0.8524 
   00279    0.4550   -1393.6075  0.8498 
   00280    0.3700   -1383.8746  0.8538 
   00281    0.4600   -1386.1139  0.8682 
   00282    0.4000   -1379.7194  0.8605 
   00283    0.4400   -1387.9251  0.8595 
   00284    0.3950   -1375.3777  0.8438 
   00285    0.3775   -1374.1182  0.8442 
   00286    0.3975   -1368.5267  0.8514 
   00287    0.4350   -1352.5783  0.8469 
   00288    0.3800   -1369.1700  0.8560 
   00289    0.4150   -1355.8849  0.8526 
   00290    0.3950   -1369.3782  0.8657 
   00291    0.3850   -1368.9268  0.8712 
   00292    0.3900   -1358.5077  0.8668 
   00293    0.4450   -1375.2632  0.8712 
   00294    0.4100   -1352.3596  0.8605 
   00295    0.4325   -1340.2673  0.8471 
   00296    0.4350   -1361.9646  0.8520 
   00297    0.3725   -1367.1850  0.8600 
   00298    0.4575   -1381.1891  0.8597 
   00299    0.3850   -1374.7750  0.8541 
   00300    0.4125   -1385.6876  0.8561 
   00301    0.3950   -1389.1735  0.8552 
   00302    0.4300   -1384.7189  0.8516 
   00303    0.4075   -1385.6750  0.8500 
   00304    0.3825   -1404.1974  0.8630 
   00305    0.4350   -1401.7622  0.8608 
   00306    0.3900   -1382.0246  0.8686 
   00307    0.3950   -1396.3844  0.8786 
   00308    0.4025   -1398.0400  0.8769 
   00309    0.4100   -1392.1595  0.8746 
   00310    0.3875   -1379.7985  0.8737 
   00311    0.4000   -1388.6122  0.8814 
   00312    0.3850   -1394.6190  0.8882 
   00313    0.4300   -1406.6609  0.8874 
   00314    0.3850   -1396.2687  0.8896 
   00315    0.3575   -1399.4833  0.8875 
   00316    0.4075   -1387.7062  0.8865 
   00317    0.4050   -1395.8372  0.8871 
   00318    0.3950   -1407.0597  0.8845 
   00319    0.3975   -1396.3355  0.8845 
   00320    0.3525   -1388.5656  0.8811 
   00321    0.3875   -1375.7863  0.8705 
   00322    0.4025   -1381.1977  0.8664 
   00323    0.4325   -1379.4301  0.8624 
   00324    0.4500   -1359.9508  0.8602 
   00325    0.4075   -1382.4729  0.8700 
   00326    0.3575   -1384.8467  0.8689 
   00327    0.4375   -1374.7360  0.8613 
   00328    0.4425   -1366.3907  0.8633 
   00329    0.3975   -1374.8175  0.8665 
   00330    0.4075   -1376.4214  0.8715 
   00331    0.3925   -1372.1620  0.8682 
   00332    0.4100   -1377.1166  0.8665 
   00333    0.3800   -1389.5104  0.8724 
   00334    0.3950   -1377.7686  0.8741 
   00335    0.4350   -1372.9752  0.8778 
   00336    0.3975   -1385.7217  0.8808 
   00337    0.4450   -1356.3062  0.8682 
   00338    0.3975   -1359.2691  0.8680 
   00339    0.4175   -1358.9962  0.8666 
   00340    0.4150   -1369.7410  0.8718 
   00341    0.4050   -1370.6247  0.8742 
   00342    0.4350   -1363.8864  0.8654 
   00343    0.4275   -1371.7346  0.8755 
   00344    0.4000   -1369.6774  0.8742 
   00345    0.4200   -1353.9179  0.8630 
   00346    0.3875   -1361.2730  0.8695 
   00347    0.4050   -1359.1964  0.8605 
   00348    0.4000   -1354.1688  0.8531 
   00349    0.4250   -1353.3742  0.8575 
   00350    0.4025   -1355.6945  0.8632 
   00351    0.4050   -1360.6844  0.8693 
   00352    0.4000   -1354.0686  0.8630 
   00353    0.4425   -1371.8990  0.8624 
   00354    0.3775   -1382.7728  0.8729 
   00355    0.3675   -1381.1025  0.8730 
   00356    0.4000   -1387.4733  0.8727 
   00357    0.3925   -1390.9843  0.8751 
   00358    0.4275   -1392.3964  0.8760 
   00359    0.4025   -1381.2158  0.8679 
   00360    0.4575   -1386.9478  0.8694 
   00361    0.3925   -1370.4426  0.8653 
   00362    0.4525   -1363.2635  0.8611 
   00363    0.4100   -1376.6852  0.8628 
   00364    0.3975   -1379.6208  0.8685 
   00365    0.4475   -1375.7964  0.8581 
   00366    0.3700   -1368.9569  0.8562 
   00367    0.4200   -1384.4118  0.8723 
   00368    0.4300   -1373.1568  0.8723 
   00369    0.4250   -1384.9329  0.8866 
   00370    0.4300   -1390.5095  0.8879 
   00371    0.4200   -1388.9923  0.8797 
   00372    0.3975   -1393.5190  0.8817 
   00373    0.4125   -1408.6446  0.8855 
   00374    0.4200   -1412.2335  0.8828 
   00375    0.4000   -1407.2196  0.8835 
   00376    0.3675   -1406.9291  0.8844 
   00377    0.4500   -1398.1730  0.8821 
   00378    0.4125   -1382.1511  0.8738 
   00379    0.4650   -1380.4004  0.8750 
   00380    0.4600   -1381.5029  0.8795 
   00381    0.4125   -1383.6570  0.8882 
   00382    0.4200   -1393.1937  0.8874 
   00383    0.4275   -1373.0701  0.8727 
   00384    0.3900   -1384.2581  0.8790 
   00385    0.3850   -1377.1086  0.8824 
   00386    0.4200   -1382.9212  0.8794 
   00387    0.4150   -1392.8587  0.8907 
   00388    0.4550   -1398.6707  0.8946 
   00389    0.4175   -1388.3331  0.8874 
   00390    0.3875   -1402.4266  0.8929 
   00391    0.3675   -1412.4744  0.8961 
   00392    0.4325   -1414.4602  0.8964 
   00393    0.3900   -1411.6546  0.9002 
   00394    0.3900   -1403.8944  0.8925 
   00395    0.3925   -1403.0013  0.8909 
   00396    0.4225   -1396.3315  0.8934 
   00397    0.4225   -1394.6213  0.8923 
   00398    0.4125   -1377.5055  0.8884 
   00399    0.4275   -1391.2840  0.8886 
   00400    0.4025   -1364.6643  0.8788 
   00401    0.4625   -1373.6539  0.8798 
   00402    0.3775   -1370.3452  0.8838 
   00403    0.3925   -1377.3398  0.8789 
   00404    0.3675   -1382.9652  0.8782 
   00405    0.4325   -1372.3696  0.8735 
   00406    0.3825   -1374.0777  0.8662 
   00407    0.3525   -1381.5590  0.8666 
   00408    0.3800   -1367.6628  0.8683 
   00409    0.4025   -1367.5630  0.8666 
   00410    0.3825   -1367.6171  0.8708 
   00411    0.4525   -1387.8096  0.8759 
   00412    0.3950   -1371.6580  0.8687 
   00413    0.4075   -1364.8168  0.8668 
   00414    0.4175   -1375.2896  0.8684 
   00415    0.4150   -1367.5711  0.8603 
   00416    0.4225   -1376.6455  0.8688 
   00417    0.4425   -1359.6882  0.8533 
   00418    0.4025   -1373.9686  0.8620 
   00419    0.4225   -1372.3884  0.8547 
   00420    0.4125   -1376.6104  0.8673 
   00421    0.4125   -1397.7422  0.8722 
   00422    0.4500   -1388.6126  0.8636 
   00423    0.4475   -1412.2156  0.8729 
   00424    0.3850   -1398.8657  0.8695 
   00425    0.4500   -1400.6825  0.8689 
   00426    0.4100   -1391.0140  0.8502 
   00427    0.4025   -1394.2194  0.8615 
   00428    0.4025   -1403.9868  0.8626 
   00429    0.3875   -1387.4065  0.8597 
   00430    0.4350   -1378.0041  0.8607 
   00431    0.4150   -1375.6930  0.8579 
   00432    0.4200   -1385.8130  0.8620 
   00433    0.3625   -1393.9360  0.8499 
   00434    0.4175   -1381.5697  0.8408 
   00435    0.3800   -1378.9206  0.8416 
   00436    0.3500   -1382.3783  0.8320 
   00437    0.3950   -1377.7638  0.8275 
   00438    0.3750   -1381.9053  0.8355 
   00439    0.4175   -1372.3252  0.8311 
   00440    0.4200   -1363.6097  0.8212 
   00441    0.4275   -1361.7439  0.8293 
   00442    0.3700   -1351.3730  0.8273 
   00443    0.3925   -1354.1406  0.8353 
   00444    0.3525   -1359.8172  0.8329 
   00445    0.4425   -1347.9761  0.8297 
   00446    0.4025   -1343.0403  0.8286 
   00447    0.4525   -1348.6880  0.8240 
   00448    0.3950   -1365.9146  0.8313 
   00449    0.4150   -1356.4189  0.8345 
   00450    0.4375   -1367.9091  0.8504 
   00451    0.4125   -1355.2630  0.8481 
   00452    0.4125   -1369.0304  0.8573 
   00453    0.4275   -1395.5790  0.8681 
   00454    0.4000   -1391.2845  0.8583 
   00455    0.3975   -1368.6119  0.8553 
   00456    0.4175   -1388.9554  0.8656 
   00457    0.3525   -1381.4434  0.8548 
   00458    0.4150   -1382.1299  0.8620 
   00459    0.3875   -1394.6608  0.8665 
   00460    0.3925   -1391.3549  0.8636 
   00461    0.3675   -1382.5275  0.8682 
   00462    0.4225   -1386.7531  0.8758 
   00463    0.4125   -1380.9487  0.8700 
   00464    0.4275   -1374.4448  0.8600 
   00465    0.4050   -1370.1615  0.8539 
   00466    0.4275   -1359.3592  0.8439 
   00467    0.4000   -1373.3750  0.8589 
   00468    0.4975   -1381.6464  0.8597 
   00469    0.4200   -1370.8021  0.8564 
   00470    0.4050   -1374.6080  0.8545 
   00471    0.4400   -1371.4308  0.8533 
   00472    0.4200   -1370.4362  0.8609 
   00473    0.3900   -1347.0074  0.8540 
   00474    0.4075   -1340.6043  0.8497 
   00475    0.4100   -1352.9646  0.8504 
   00476    0.4125   -1369.6095  0.8586 
   00477    0.3950   -1379.4881  0.8636 
   00478    0.3950   -1377.3501  0.8669 
   00479    0.3975   -1394.6831  0.8660 
   00480    0.4125   -1383.2483  0.8696 
   00481    0.3800   -1388.4778  0.8759 
   00482    0.4025   -1395.7071  0.8760 
   00483    0.3925   -1391.6578  0.8776 
   00484    0.4900   -1370.0026  0.8723 
   00485    0.4100   -1367.9086  0.8754 
   00486    0.4225   -1373.6120  0.8738 
   00487    0.4150   -1382.0564  0.8776 
   00488    0.4000   -1386.5836  0.8749 
   00489    0.3950   -1387.8478  0.8734 
   00490    0.4200   -1369.1394  0.8712 
   00491    0.4275   -1378.0435  0.8675 
   00492    0.4225   -1387.5536  0.8791 
   00493    0.4125   -1386.6590  0.8681 
   00494    0.3950   -1380.2569  0.8616 
   00495    0.3750   -1359.7191  0.8519 
   00496    0.4350   -1359.9366  0.8590 
   00497    0.4175   -1362.9303  0.8561 
   00498    0.3825   -1374.3638  0.8544 
   00499    0.4575   -1385.6341  0.8612 
   00500    0.3925   -1400.3558  0.8710 
   00501    0.3325   -1403.1800  0.8693 
   00502    0.3800   -1392.2103  0.8722 
   00503    0.3550   -1406.9440  0.8719 
   00504    0.3725   -1399.5490  0.8753 
   00505    0.4350   -1377.0186  0.8779 
   00506    0.4300   -1376.8281  0.8703 
   00507    0.4500   -1374.2139  0.8690 
   00508    0.4125   -1384.5528  0.8757 
   00509    0.4075   -1403.6545  0.8865 
   00510    0.3600   -1390.5712  0.8822 
   00511    0.3600   -1401.0145  0.8861 
   00512    0.4100   -1404.0064  0.8783 
   00513    0.4375   -1387.6592  0.8757 
   00514    0.3750   -1383.3366  0.8778 
   00515    0.4225   -1382.6868  0.8788 
   00516    0.3800   -1400.4266  0.8781 
   00517    0.4375   -1375.4568  0.8603 
   00518    0.4075   -1367.9282  0.8608 
   00519    0.4300   -1371.8175  0.8564 
   00520    0.4075   -1364.8629  0.8588 
   00521    0.4125   -1361.9637  0.8565 
   00522    0.4600   -1363.0489  0.8621 
   00523    0.4000   -1360.6877  0.8684 
   00524    0.4600   -1349.7102  0.8651 
   00525    0.4200   -1360.3655  0.8684 
   00526    0.4250   -1349.3369  0.8620 
   00527    0.3875   -1321.1080  0.8393 
   00528    0.4200   -1333.4605  0.8549 
   00529    0.3675   -1342.6374  0.8553 
   00530    0.5050   -1375.9296  0.8787 
   00531    0.4550   -1388.2868  0.8843 
   00532    0.3725   -1394.8621  0.8860 
   00533    0.4150   -1398.2401  0.8841 
   00534    0.3950   -1388.9799  0.8871 
   00535    0.3900   -1374.6137  0.8789 
   00536    0.3875   -1386.9084  0.8885 
   00537    0.4300   -1378.2520  0.8780 
   00538    0.4225   -1386.8854  0.8712 
   00539    0.4350   -1374.2107  0.8699 
   00540    0.4275   -1376.9022  0.8688 
   00541    0.4100   -1363.0654  0.8592 
   00542    0.4150   -1360.8726  0.8560 
   00543    0.4325   -1362.8026  0.8651 
   00544    0.3875   -1381.1419  0.8706 
   00545    0.4225   -1375.0072  0.8688 
   00546    0.4050   -1381.3174  0.8714 
   00547    0.3375   -1389.2904  0.8769 
   00548    0.3700   -1383.2978  0.8713 
   00549    0.4550   -1374.8950  0.8758 
   00550    0.4300   -1367.9453  0.8751 
   00551    0.3800   -1389.3554  0.8728 
   00552    0.4250   -1398.9198  0.8757 
   00553    0.4050   -1394.0984  0.8910 
   00554    0.3550   -1397.8047  0.8927 
   00555    0.3950   -1402.0283  0.8973 
   00556    0.4025   -1397.9969  0.8953 
   00557    0.3300   -1391.4352  0.8970 
   00558    0.4000   -1385.3736  0.8953 
   00559    0.4125   -1379.7111  0.8981 
   00560    0.4275   -1357.5527  0.8798 
   00561    0.4100   -1362.9190  0.8853 
   00562    0.3925   -1366.3072  0.8839 
   00563    0.4075   -1375.1182  0.8955 
   00564    0.4125   -1368.1223  0.8845 
   00565    0.4475   -1387.2684  0.8923 
   00566    0.3825   -1395.8865  0.8951 
   00567    0.4125   -1380.1710  0.8856 
   00568    0.3850   -1386.8671  0.8861 
   00569    0.4525   -1377.8747  0.8807 
   00570    0.4200   -1374.9294  0.8847 
   00571    0.4100   -1384.2611  0.8874 
   00572    0.4600   -1398.8335  0.8879 
   00573    0.4400   -1390.2540  0.8888 
   00574    0.4000   -1369.7165  0.8777 
   00575    0.4325   -1353.3328  0.8695 
   00576    0.4275   -1365.3235  0.8774 
   00577    0.4175   -1368.7586  0.8834 
   00578    0.4100   -1374.1153  0.8752 
   00579    0.3800   -1366.4140  0.8750 
   00580    0.4025   -1375.2718  0.8708 
   00581    0.4050   -1378.4580  0.8626 
   00582    0.4150   -1355.6238  0.8586 
   00583    0.4000   -1345.8277  0.8471 
   00584    0.4150   -1370.0845  0.8576 
   00585    0.4575   -1373.1710  0.8629 
   00586    0.4425   -1377.0274  0.8708 
   00587    0.3825   -1382.3732  0.8750 
   00588    0.4200   -1365.7012  0.8704 
   00589    0.4125   -1369.2287  0.8724 
   00590    0.3925   -1363.6030  0.8669 
   00591    0.4250   -1357.6942  0.8660 
   00592    0.4850   -1367.8749  0.8739 
   00593    0.3950   -1358.2385  0.8714 
   00594    0.4175   -1378.3703  0.8758 
   00595    0.3625   -1389.6066  0.8861 
   00596    0.4325   -1392.9809  0.8881 
   00597    0.4100   -1378.5132  0.8806 
   00598    0.4275   -1375.4485  0.8694 
   00599    0.3925   -1383.8441  0.8742 
   00600    0.4075   -1364.8310  0.8714 
   00601    0.4050   -1375.1411  0.8848 
   00602    0.4400   -1389.0642  0.8918 
   00603    0.4350   -1391.0818  0.9000 
   00604    0.4350   -1387.5724  0.8898 
   00605    0.4550   -1364.1247  0.8851 
   00606    0.4275   -1369.3779  0.8825 
   00607    0.4225   -1366.9488  0.8846 
   00608    0.3750   -1373.9918  0.8868 
   00609    0.3900   -1382.6578  0.8792 
   00610    0.4150   -1382.1203  0.8757 
   00611    0.3875   -1375.3237  0.8762 
   00612    0.4200   -1377.6191  0.8729 
   00613    0.3750   -1375.7083  0.8706 
   00614    0.3975   -1373.0060  0.8723 
   00615    0.3975   -1369.0810  0.8666 
   00616    0.4750   -1353.1092  0.8663 
   00617    0.4175   -1342.6640  0.8518 
   00618    0.4225   -1358.5129  0.8516 
   00619    0.4350   -1366.3364  0.8493 
   00620    0.4625   -1363.3082  0.8477 
   00621    0.4250   -1354.1334  0.8403 
   00622    0.3725   -1354.3736  0.8435 
   00623    0.3975   -1365.1921  0.8400 
   00624    0.3775   -1369.5297  0.8379 
   00625    0.3775   -1365.5685  0.8267 
   00626    0.4200   -1364.8404  0.8298 
   00627    0.4100   -1368.2370  0.8341 
   00628    0.3750   -1355.5179  0.8297 
   00629    0.3850   -1383.1926  0.8383 
   00630    0.3700   -1374.3283  0.8381 
   00631    0.4400   -1375.1521  0.8414 
   00632    0.4475   -1373.3328  0.8243 
   00633    0.4025   -1386.3922  0.8409 
   00634    0.3950   -1394.1761  0.8508 
   00635    0.3825   -1388.3188  0.8338 
   00636    0.3850   -1368.9596  0.8194 
   00637    0.4025   -1367.9790  0.8232 
   00638    0.4225   -1385.6156  0.8194 
   00639    0.3900   -1380.9217  0.8143 
   00640    0.4050   -1378.5124  0.8185 
   00641    0.3625   -1382.3194  0.8084 
   00642    0.4450   -1372.1134  0.8035 
   00643    0.3850   -1362.7458  0.7892 
   00644    0.4250   -1356.4244  0.7922 
   00645    0.4125   -1369.1683  0.7967 
   00646    0.4200   -1360.6958  0.7961 
   00647    0.4225   -1360.4581  0.7822 
   00648    0.4175   -1347.1307  0.7743 
   00649    0.4350   -1357.7743  0.7921 
   00650    0.3775   -1347.3400  0.7841 
   00651    0.4525   -1351.0230  0.7997 
   00652    0.4200   -1341.1193  0.8018 
   00653    0.4425   -1345.5212  0.8052 
   00654    0.4200   -1355.2935  0.8176 
   00655    0.4425   -1325.7612  0.8093 
   00656    0.3975   -1340.8390  0.8117 
   00657    0.4375   -1350.9613  0.8243 
   00658    0.3950   -1357.8797  0.8337 
   00659    0.4275   -1367.7071  0.8402 
   00660    0.4250   -1371.0273  0.8491 
   00661    0.4325   -1363.6920  0.8443 
   00662    0.4100   -1365.1888  0.8453 
   00663    0.4075   -1363.9923  0.8448 
   00664    0.4300   -1355.7067  0.8357 
   00665    0.4050   -1359.3830  0.8368 
   00666    0.4025   -1364.9318  0.8312 
   00667    0.3975   -1374.4479  0.8338 
   00668    0.4025   -1365.9293  0.8304 
   00669    0.4050   -1376.5880  0.8329 
   00670    0.3925   -1369.6028  0.8289 
   00671    0.4075   -1350.2618  0.8177 
   00672    0.4400   -1342.5989  0.8071 
   00673    0.4350   -1366.6404  0.8251 
   00674    0.3950   -1378.0705  0.8351 
   00675    0.3975   -1379.8637  0.8431 
   00676    0.3675   -1383.8914  0.8545 
   00677    0.4375   -1376.8929  0.8415 
   00678    0.4150   -1379.2098  0.8367 
   00679    0.4025   -1389.3943  0.8467 
   00680    0.3625   -1396.1502  0.8415 
   00681    0.4025   -1389.8663  0.8512 
   00682    0.3900   -1380.4211  0.8510 
   00683    0.4425   -1390.3392  0.8579 
   00684    0.4150   -1401.0826  0.8741 
   00685    0.4200   -1395.1443  0.8750 
   00686    0.4175   -1391.2128  0.8659 
   00687    0.4325   -1387.7091  0.8651 
   00688    0.4150   -1398.0141  0.8648 
   00689    0.4100   -1373.7075  0.8432 
   00690    0.3925   -1365.1629  0.8365 
   00691    0.4000   -1355.3200  0.8412 
   00692    0.4200   -1361.7195  0.8404 
   00693    0.4375   -1360.0036  0.8426 
   00694    0.3850   -1376.7605  0.8382 
   00695    0.4050   -1359.4062  0.8318 
   00696    0.4375   -1356.0235  0.8307 
   00697    0.4075   -1392.2087  0.8431 
   00698    0.3750   -1403.5412  0.8501 
   00699    0.4300   -1409.1576  0.8401 
   00700    0.4175   -1403.2081  0.8336 
   00701    0.4200   -1382.0052  0.8166 
   00702    0.4300   -1374.2547  0.8179 
   00703    0.4500   -1388.0515  0.8176 
   00704    0.3875   -1387.9464  0.8110 
   00705    0.3750   -1403.6402  0.8144 
   00706    0.3975   -1391.7739  0.8006 
   00707    0.3775   -1377.9810  0.8062 
   00708    0.4225   -1388.0643  0.8078 
   00709    0.4300   -1389.6575  0.8036 
   00710    0.3850   -1390.3551  0.8120 
   00711    0.3725   -1392.2128  0.8112 
   00712    0.4075   -1382.8691  0.8182 
   00713    0.4225   -1384.2063  0.8105 
   00714    0.4250   -1385.0060  0.8093 
   00715    0.4025   -1381.1500  0.8160 
   00716    0.3725   -1376.8242  0.8130 
   00717    0.4275   -1378.8560  0.8221 
   00718    0.3950   -1381.6870  0.8275 
   00719    0.4475   -1368.9950  0.8265 
   00720    0.4325   -1349.6910  0.8225 
   00721    0.4175   -1354.5138  0.8095 
   00722    0.3825   -1355.8470  0.8154 
   00723    0.4375   -1365.2351  0.8263 
   00724    0.3850   -1379.4691  0.8346 
   00725    0.4250   -1383.9693  0.8371 
   00726    0.3600   -1374.4734  0.8248 
   00727    0.4300   -1356.9425  0.8195 
   00728    0.3750   -1372.4555  0.8316 
   00729    0.3650   -1364.1337  0.8274 
   00730    0.3975   -1370.2400  0.8280 
   00731    0.4125   -1368.1225  0.8163 
   00732    0.4150   -1374.0768  0.8079 
   00733    0.4100   -1366.8606  0.8205 
   00734    0.3950   -1377.0009  0.8293 
   00735    0.4200   -1364.8899  0.8306 
   00736    0.4075   -1385.9565  0.8315 
   00737    0.3925   -1387.6923  0.8343 
   00738    0.3850   -1376.9144  0.8338 
   00739    0.4075   -1362.6468  0.8289 
   00740    0.4475   -1358.4053  0.8307 
   00741    0.4150   -1344.7046  0.8291 
   00742    0.3775   -1358.7131  0.8360 
   00743    0.4175   -1344.7338  0.8303 
   00744    0.4225   -1344.5478  0.8278 
   00745    0.4400   -1365.5065  0.8227 
   00746    0.4075   -1378.4859  0.8328 
   00747    0.4125   -1356.1567  0.8241 
   00748    0.4150   -1343.0237  0.8197 
   00749    0.4275   -1366.0733  0.8216 
   00750    0.3675   -1357.8830  0.8192 
   00751    0.4275   -1359.6761  0.8179 
   00752    0.3975   -1353.3673  0.8331 
   00753    0.4150   -1366.9155  0.8379 
   00754    0.4050   -1372.8972  0.8357 
   00755    0.3950   -1367.0601  0.8281 
   00756    0.4175   -1358.6621  0.8230 
   00757    0.3775   -1377.4784  0.8371 
   00758    0.4425   -1373.3568  0.8315 
   00759    0.4200   -1371.7145  0.8268 
   00760    0.3650   -1355.0281  0.8263 
   00761    0.3750   -1368.8965  0.8276 
   00762    0.4400   -1354.2925  0.8247 
   00763    0.4200   -1352.1338  0.8170 
   00764    0.4325   -1359.8007  0.8144 
   00765    0.4125   -1354.5653  0.8202 
   00766    0.4375   -1336.3952  0.8045 
   00767    0.4275   -1331.4009  0.7989 
   00768    0.4200   -1345.1609  0.7905 
   00769    0.4350   -1349.3054  0.8016 
   00770    0.3800   -1354.8880  0.8046 
   00771    0.4300   -1355.9748  0.8041 
   00772    0.4325   -1358.6032  0.8115 
   00773    0.3925   -1361.8079  0.8070 
   00774    0.4075   -1348.0194  0.7996 
   00775    0.4075   -1361.0767  0.8077 
   00776    0.3900   -1366.8656  0.8203 
   00777    0.4275   -1363.4439  0.8172 
   00778    0.3900   -1365.7489  0.8115 
   00779    0.4150   -1362.5582  0.7992 
   00780    0.3700   -1370.3375  0.8042 
   00781    0.4100   -1363.8127  0.8023 
   00782    0.4650   -1368.0643  0.8085 
   00783    0.3775   -1379.6746  0.7998 
   00784    0.4200   -1364.4970  0.7995 
   00785    0.4425   -1381.3345  0.8119 
   00786    0.4325   -1362.4189  0.8083 
   00787    0.4475   -1389.5287  0.8298 
   00788    0.4125   -1374.1327  0.8344 
   00789    0.4325   -1338.1353  0.8275 
   00790    0.4625   -1351.5989  0.8233 
   00791    0.4300   -1337.5085  0.8207 
   00792    0.4300   -1362.8727  0.8367 
   00793    0.3900   -1375.7686  0.8388 
   00794    0.3900   -1358.6751  0.8360 
   00795    0.3975   -1340.2335  0.8216 
   00796    0.4000   -1363.4397  0.8207 
   00797    0.4025   -1344.5137  0.8148 
   00798    0.4375   -1344.2278  0.8170 
   00799    0.4175   -1326.9444  0.8129 
   00800    0.4450   -1348.7660  0.8234 
   00801    0.4475   -1338.9093  0.8254 
   00802    0.4350   -1361.4423  0.8457 
   00803    0.3900   -1346.3061  0.8450 
   00804    0.3900   -1363.2037  0.8471 
   00805    0.4125   -1370.4633  0.8504 
   00806    0.4425   -1381.3268  0.8520 
   00807    0.3900   -1381.1013  0.8483 
   00808    0.4100   -1391.5891  0.8507 
   00809    0.4575   -1381.4856  0.8488 
   00810    0.4225   -1371.3438  0.8353 
   00811    0.4150   -1390.1108  0.8382 
   00812    0.4475   -1373.9061  0.8405 
   00813    0.3850   -1366.1109  0.8492 
   00814    0.3950   -1360.4413  0.8439 
   00815    0.3750   -1362.9316  0.8422 
   00816    0.4550   -1382.1648  0.8433 
   00817    0.4125   -1373.9686  0.8303 
   00818    0.4200   -1366.6047  0.8293 
   00819    0.3750   -1377.3032  0.8406 
   00820    0.3650   -1360.5702  0.8310 
   00821    0.4525   -1344.3973  0.8246 
   00822    0.4400   -1340.0953  0.8258 
   00823    0.3950   -1362.7329  0.8336 
   00824    0.4425   -1353.8385  0.8320 
   00825    0.4525   -1367.9134  0.8376 
   00826    0.4100   -1372.3489  0.8371 
   00827    0.4375   -1382.1135  0.8394 
   00828    0.4500   -1378.1282  0.8387 
   00829    0.3925   -1375.4986  0.8451 
   00830    0.4175   -1372.1358  0.8358 
   00831    0.4025   -1376.9272  0.8346 
   00832    0.4075   -1368.6723  0.8277 
   00833    0.4200   -1365.2846  0.8214 
   00834    0.4600   -1382.9841  0.8393 
   00835    0.4225   -1390.5854  0.8522 
   00836    0.4325   -1373.4354  0.8393 
   00837    0.4050   -1375.3888  0.8458 
   00838    0.4000   -1381.7013  0.8466 
   00839    0.3975   -1383.5497  0.8473 
   00840    0.3975   -1384.5663  0.8569 
   00841    0.3975   -1385.9247  0.8506 
   00842    0.3850   -1387.4039  0.8420 
   00843    0.4475   -1373.4277  0.8332 
   00844    0.4000   -1363.8746  0.8350 
   00845    0.4300   -1372.6292  0.8337 
   00846    0.4025   -1374.6601  0.8345 
   00847    0.4000   -1380.0612  0.8341 
   00848    0.4350   -1378.3884  0.8489 
   00849    0.4375   -1384.0641  0.8513 
   00850    0.3925   -1388.9417  0.8518 
   00851    0.4100   -1386.3254  0.8508 
   00852    0.4250   -1391.6342  0.8580 
   00853    0.4125   -1387.6487  0.8548 
   00854    0.4200   -1386.6170  0.8564 
   00855    0.4100   -1382.0049  0.8527 
   00856    0.4225   -1362.9983  0.8432 
   00857    0.3800   -1381.6763  0.8579 
   00858    0.3975   -1379.8606  0.8644 
   00859    0.4175   -1377.9543  0.8644 
   00860    0.3950   -1390.0045  0.8690 
   00861    0.4350   -1390.8831  0.8699 
   00862    0.3925   -1376.3056  0.8541 
   00863    0.3975   -1366.0433  0.8551 
   00864    0.4000   -1353.7387  0.8537 
   00865    0.4025   -1374.2388  0.8648 
   00866    0.4150   -1383.1896  0.8720 
   00867    0.4625   -1359.3167  0.8634 
   00868    0.3850   -1344.2829  0.8594 
   00869    0.4325   -1344.1897  0.8651 
   00870    0.4075   -1361.8142  0.8680 
   00871    0.4000   -1368.3892  0.8693 
   00872    0.4250   -1365.9767  0.8688 
   00873    0.4100   -1379.8905  0.8721 
   00874    0.3825   -1372.5680  0.8693 
   00875    0.3850   -1364.6366  0.8691 
   00876    0.3800   -1369.5347  0.8697 
   00877    0.3975   -1362.4870  0.8752 
   00878    0.4175   -1378.3281  0.8834 
   00879    0.3900   -1378.6705  0.8849 
   00880    0.3925   -1376.8923  0.8796 
   00881    0.4025   -1389.7188  0.8815 
   00882    0.4875   -1373.3012  0.8814 
   00883    0.4150   -1399.4624  0.8863 
   00884    0.3500   -1394.0996  0.8856 
   00885    0.3825   -1389.2211  0.8883 
   00886    0.4025   -1396.6736  0.8923 
   00887    0.3675   -1390.6603  0.8868 
   00888    0.4050   -1384.9750  0.8820 
   00889    0.4000   -1379.1992  0.8740 
   00890    0.4475   -1380.0256  0.8763 
   00891    0.3675   -1392.4827  0.8809 
   00892    0.3525   -1378.9179  0.8756 
   00893    0.3675   -1373.6426  0.8823 
   00894    0.3850   -1375.8794  0.8774 
   00895    0.4325   -1376.4007  0.8655 
   00896    0.4300   -1390.3734  0.8783 
   00897    0.3900   -1384.6703  0.8787 
   00898    0.4075   -1387.5141  0.8918 
   00899    0.4075   -1396.1955  0.8905 
   00900    0.3875   -1396.5980  0.8834 
   00901    0.4175   -1387.1512  0.8780 
   00902    0.4050   -1373.4923  0.8715 
   00903    0.4150   -1389.6576  0.8735 
   00904    0.4275   -1379.1788  0.8667 
   00905    0.4050   -1386.3626  0.8652 
   00906    0.4025   -1396.8184  0.8698 
   00907    0.3575   -1397.7044  0.8675 
   00908    0.4075   -1399.6680  0.8590 
   00909    0.4125   -1378.0387  0.8506 
   00910    0.4225   -1368.1091  0.8430 
   00911    0.4050   -1371.8501  0.8344 
   00912    0.4050   -1369.4942  0.8394 
   00913    0.4175   -1365.3179  0.8256 
   00914    0.3950   -1382.0948  0.8221 
   00915    0.4175   -1357.1588  0.8366 
   00916    0.4200   -1373.1839  0.8275 
   00917    0.3975   -1383.6568  0.8354 
   00918    0.4300   -1393.2499  0.8363 
   00919    0.4050   -1378.4432  0.8334 
   00920    0.3425   -1366.6471  0.8230 
   00921    0.4250   -1380.9481  0.8292 
   00922    0.3825   -1391.8717  0.8417 
   00923    0.3825   -1385.9501  0.8389 
   00924    0.4350   -1388.8016  0.8381 
   00925    0.3950   -1347.5300  0.8262 
   00926    0.4100   -1360.5755  0.8332 
   00927    0.3875   -1354.9956  0.8299 
   00928    0.4000   -1353.4079  0.8263 
   00929    0.3875   -1388.2447  0.8432 
   00930    0.3650   -1383.1190  0.8480 
   00931    0.4025   -1387.8390  0.8459 
   00932    0.3900   -1382.3468  0.8430 
   00933    0.3650   -1379.9678  0.8431 
   00934    0.3875   -1381.3000  0.8427 
   00935    0.3875   -1372.5410  0.8365 
   00936    0.4550   -1372.4680  0.8397 
   00937    0.4175   -1379.8449  0.8463 
   00938    0.3950   -1402.4190  0.8544 
   00939    0.3650   -1404.8741  0.8490 
   00940    0.3925   -1398.5312  0.8467 
   00941    0.3900   -1392.4652  0.8455 
   00942    0.4025   -1387.1760  0.8497 
   00943    0.3850   -1387.3395  0.8572 
   00944    0.4250   -1392.8152  0.8598 
   00945    0.4475   -1392.6089  0.8552 
   00946    0.4400   -1383.9547  0.8531 
   00947    0.4000   -1385.6635  0.8475 
   00948    0.4100   -1368.7734  0.8309 
   00949    0.4050   -1379.4871  0.8384 
   00950    0.4075   -1376.7339  0.8405 
   00951    0.4025   -1368.5370  0.8329 
   00952    0.3675   -1375.2961  0.8296 
   00953    0.4350   -1378.5613  0.8444 
   00954    0.3550   -1383.6688  0.8529 
   00955    0.3975   -1384.7005  0.8507 
   00956    0.4050   -1384.7500  0.8483 
   00957    0.4025   -1378.2850  0.8382 
   00958    0.3950   -1369.5413  0.8308 
   00959    0.3950   -1377.9166  0.8377 
   00960    0.4200   -1371.9859  0.8324 
   00961    0.3950   -1352.2334  0.8206 
   00962    0.4050   -1369.6263  0.8269 
   00963    0.4475   -1378.0712  0.8218 
   00964    0.4425   -1384.9730  0.8237 
   00965    0.4100   -1392.3394  0.8332 
   00966    0.4075   -1376.6004  0.8341 
   00967    0.4400   -1384.2873  0.8461 
   00968    0.3850   -1385.8158  0.8518 
   00969    0.4225   -1381.3249  0.8507 
   00970    0.4100   -1388.4554  0.8479 
   00971    0.4175   -1382.7056  0.8363 
   00972    0.3775   -1401.1279  0.8471 
   00973    0.4100   -1390.4490  0.8567 
   00974    0.4325   -1387.4535  0.8531 
   00975    0.4275   -1392.6580  0.8592 
   00976    0.3875   -1381.6437  0.8576 
   00977    0.4275   -1389.7735  0.8539 
   00978    0.3950   -1379.8685  0.8560 
   00979    0.4300   -1391.7734  0.8544 
   00980    0.4025   -1391.3159  0.8636 
   00981    0.3725   -1383.8969  0.8566 
   00982    0.4000   -1388.8587  0.8627 
   00983    0.3650   -1377.4737  0.8511 
   00984    0.3900   -1384.5308  0.8604 
   00985    0.3850   -1377.5319  0.8626 
   00986    0.4150   -1376.1046  0.8682 
   00987    0.4125   -1377.1839  0.8695 
   00988    0.4200   -1388.9846  0.8672 
   00989    0.3725   -1380.3388  0.8716 
   00990    0.4175   -1364.6311  0.8676 
   00991    0.3725   -1360.3053  0.8710 
   00992    0.3800   -1367.4187  0.8646 
   00993    0.3675   -1361.5762  0.8602 
   00994    0.4175   -1344.1378  0.8473 
   00995    0.3525   -1372.6027  0.8591 
   00996    0.3875   -1381.6197  0.8644 
   00997    0.4000   -1386.4862  0.8595 
   00998    0.4200   -1397.2528  0.8664 
   00999    0.3625   -1389.8971  0.8640 
   01000    0.4050   -1391.2952  0.8678 
