#=====================================================
# File created:        Tue-25-Feb-2025-at-08-51-11PM
# Size of lattice:     20x20
# Number of MC steps:  200
# Reduced temperature: 0.500
# Run time (s):        1.247082
#=====================================================
# MC step:  Ratio:     Energy:   Order:
#=====================================================
   00000    0.5000    -361.6504  0.2573 
   00001    0.7175    -602.6126  0.2616 
   00002    0.6450    -738.2252  0.2799 
   00003    0.5525    -873.4596  0.2933 
   00004    0.5200    -954.5186  0.3027 
   00005    0.4750    -994.2583  0.3110 
   00006    0.5100   -1036.7794  0.3403 
   00007    0.4900   -1047.0648  0.3386 
   00008    0.4750   -1075.7983  0.3202 
   00009    0.4875   -1094.6756  0.3397 
   00010    0.5025   -1123.6505  0.3296 
   00011    0.4775   -1122.4199  0.3241 
   00012    0.4500   -1137.5782  0.3149 
   00013    0.4675   -1164.2215  0.3402 
   00014    0.4475   -1181.9606  0.3349 
   00015    0.4475   -1171.9508  0.3282 
   00016    0.4525   -1187.4187  0.3438 
   00017    0.3900   -1185.0729  0.3341 
   00018    0.3975   -1194.2461  0.3517 
   00019    0.4150   -1192.0631  0.3395 
   00020    0.4925   -1200.5721  0.3512 
   00021    0.4700   -1218.8594  0.3557 
   00022    0.4475   -1248.0970  0.3812 
   00023    0.4200   -1232.1983  0.3658 
   00024    0.4575   -1237.5686  0.3782 
   00025    0.4600   -1240.8805  0.3679 
   00026    0.4350   -1236.1142  0.3594 
   00027    0.4725   -1234.8572  0.3703 
   00028    0.4300   -1232.5631  0.3738 
   00029    0.4425   -1238.9838  0.3956 
   00030    0.4500   -1255.8347  0.4220 
   00031    0.4625   -1289.7464  0.4307 
   00032    0.4475   -1284.4801  0.4250 
   00033    0.3900   -1282.5235  0.4209 
   00034    0.4175   -1296.3501  0.4283 
   00035    0.4075   -1289.3378  0.4304 
   00036    0.4750   -1307.4996  0.4487 
   00037    0.4675   -1306.1979  0.4603 
   00038    0.3775   -1308.2244  0.4585 
   00039    0.4050   -1304.2819  0.4750 
   00040    0.4325   -1314.4014  0.4814 
   00041    0.4425   -1314.4027  0.4765 
   00042    0.3800   -1319.5243  0.4844 
   00043    0.4325   -1336.4889  0.4983 
   00044    0.4375   -1332.3650  0.5054 
   00045    0.4350   -1331.1404  0.5302 
   00046    0.4000   -1338.6971  0.5310 
   00047    0.4025   -1326.7660  0.5212 
   00048    0.4250   -1309.2054  0.5252 
   00049    0.4600   -1306.5630  0.5404 
   00050    0.4125   -1325.4335  0.5530 
   00051    0.4325   -1322.3780  0.5621 
   00052    0.4425   -1309.9967  0.5483 
   00053    0.4650   -1312.9552  0.5589 
   00054    0.4050   -1314.4245  0.5354 
   00055    0.3925   -1313.8264  0.5358 
   00056    0.4175   -1323.7449  0.5389 
   00057    0.4075   -1319.7667  0.5393 
   00058    0.4550   -1319.2175  0.5785 
   00059    0.4050   -1318.9832  0.5702 
   00060    0.4150   -1322.7595  0.5890 
   00061    0.4250   -1306.4673  0.5763 
   00062    0.3950   -1327.4564  0.5905 
   00063    0.4275   -1340.5469  0.5968 
   00064    0.4300   -1331.3983  0.6046 
   00065    0.4050   -1318.8070  0.6003 
   00066    0.4175   -1329.6854  0.6075 
   00067    0.4050   -1330.7718  0.6148 
   00068    0.4775   -1323.4459  0.6084 
   00069    0.4200   -1321.9450  0.6167 
   00070    0.4175   -1320.2427  0.6371 
   00071    0.4400   -1322.1438  0.6254 
   00072    0.4325   -1323.2500  0.6374 
   00073    0.3875   -1331.5579  0.6215 
   00074    0.4350   -1342.2318  0.6076 
   00075    0.4250   -1327.5731  0.5905 
   00076    0.4500   -1327.0452  0.6053 
   00077    0.4300   -1335.8337  0.6078 
   00078    0.4125   -1343.2268  0.6302 
   00079    0.4050   -1349.2471  0.6135 
   00080    0.4175   -1356.9064  0.6308 
   00081    0.3775   -1329.9922  0.6265 
   00082    0.4300   -1331.0444  0.6220 
   00083    0.4200   -1325.5674  0.6081 
   00084    0.4100   -1337.2789  0.5988 
   00085    0.4475   -1339.9265  0.5960 
   00086    0.3975   -1351.0962  0.5916 
   00087    0.4075   -1347.2142  0.5848 
   00088    0.4150   -1334.6931  0.5760 
   00089    0.3925   -1338.6283  0.6052 
   00090    0.4450   -1335.0871  0.6187 
   00091    0.3975   -1345.8695  0.6086 
   00092    0.4025   -1346.0793  0.6070 
   00093    0.3875   -1335.3096  0.5902 
   00094    0.3625   -1343.2807  0.6042 
   00095    0.3925   -1332.3452  0.6002 
   00096    0.4425   -1323.0998  0.6018 
   00097    0.4275   -1312.5625  0.6175 
   00098    0.4275   -1324.3573  0.6256 
   00099    0.3825   -1322.7616  0.6156 
   00100    0.4725   -1330.7305  0.6157 
   00101    0.4050   -1336.6431  0.6070 
   00102    0.4275   -1345.6481  0.6080 
   00103    0.3725   -1346.0464  0.6243 
   00104    0.3825   -1328.2700  0.6263 
   00105    0.3925   -1325.8390  0.6276 
   00106    0.4025   -1312.7342  0.6319 
   00107    0.4575   -1308.9275  0.6393 
   00108    0.4400   -1309.9843  0.6199 
   00109    0.4225   -1335.0140  0.6416 
   00110    0.4075   -1323.5532  0.6350 
   00111    0.4575   -1325.2956  0.6212 
   00112    0.3600   -1332.4551  0.6194 
   00113    0.4025   -1335.6755  0.6331 
   00114    0.4075   -1314.6652  0.6190 
   00115    0.4125   -1309.3319  0.6305 
   00116    0.4050   -1294.8494  0.6528 
   00117    0.4000   -1320.6963  0.6618 
   00118    0.4625   -1336.3496  0.6676 
   00119    0.4200   -1346.4981  0.6835 
   00120    0.4450   -1344.7773  0.6973 
   00121    0.4000   -1352.7356  0.7333 
   00122    0.4075   -1340.7267  0.7281 
   00123    0.4175   -1344.4753  0.7479 
   00124    0.4250   -1351.4833  0.7437 
   00125    0.4250   -1327.8054  0.7523 
   00126    0.4175   -1329.4593  0.7592 
   00127    0.4075   -1323.5251  0.7673 
   00128    0.3900   -1343.4902  0.7636 
   00129    0.4075   -1332.5701  0.7539 
   00130    0.4050   -1329.9978  0.7634 
   00131    0.4800   -1344.6524  0.7521 
   00132    0.4500   -1356.1027  0.7710 
   00133    0.4225   -1354.9173  0.7692 
   00134    0.3875   -1343.0910  0.7780 
   00135    0.4350   -1358.2717  0.7816 
   00136    0.4200   -1360.5068  0.7991 
   00137    0.4250   -1365.0722  0.8048 
   00138    0.3650   -1362.4024  0.7991 
   00139    0.4250   -1355.2930  0.7929 
   00140    0.4075   -1351.4289  0.8026 
   00141    0.4350   -1357.6450  0.8043 
   00142    0.4125   -1357.1658  0.8046 
   00143    0.4025   -1357.1687  0.7986 
   00144    0.3550   -1358.7404  0.8129 
   00145    0.3675   -1357.6349  0.8119 
   00146    0.4150   -1370.5955  0.8211 
   00147    0.4325   -1352.8337  0.8149 
   00148    0.4200   -1360.4815  0.8239 
   00149    0.4425   -1363.8956  0.8204 
   00150    0.4275   -1356.2555  0.8240 
   00151    0.3975   -1375.5810  0.8205 
   00152    0.4400   -1390.3245  0.8338 
   00153    0.4050   -1386.9689  0.8521 
   00154    0.4225   -1371.0881  0.8492 
   00155    0.4175   -1368.2586  0.8427 
   00156    0.4100   -1396.9312  0.8653 
   00157    0.3750   -1387.6339  0.8555 
   00158    0.4225   -1402.1008  0.8496 
   00159    0.4200   -1389.2049  0.8470 
   00160    0.3900   -1381.2126  0.8510 
   00161    0.4100   -1372.4667  0.8557 
   00162    0.4625   -1393.5519  0.8650 
   00163    0.4200   -1391.9861  0.8670 
   00164    0.4125   -1389.8312  0.8654 
   00165    0.4125   -1396.2980  0.8696 
   00166    0.4175   -1403.2806  0.8751 
   00167    0.4200   -1398.9614  0.8758 
   00168    0.4175   -1384.7218  0.8733 
   00169    0.4425   -1376.2279  0.8667 
   00170    0.3700   -1379.6356  0.8721 
   00171    0.3700   -1367.1046  0.8756 
   00172    0.4075   -1378.6976  0.8814 
   00173    0.3800   -1359.8454  0.8748 
   00174    0.4125   -1367.5137  0.8815 
   00175    0.3750   -1378.2507  0.8823 
   00176    0.4275   -1379.5570  0.8808 
   00177    0.3925   -1372.7915  0.8793 
   00178    0.4350   -1362.8769  0.8749 
   00179    0.4150   -1369.4468  0.8702 
   00180    0.4125   -1370.9324  0.8623 
   00181    0.4350   -1364.9150  0.8673 
   00182    0.4000   -1370.1047  0.8757 
   00183    0.4775   -1365.5332  0.8685 
   00184    0.3850   -1371.3151  0.8674 
   00185    0.4050   -1377.1857  0.8665 
   00186    0.3700   -1380.0498  0.8619 
   00187    0.4475   -1369.8834  0.8571 
   00188    0.4075   -1366.3862  0.8547 
   00189    0.4025   -1361.2988  0.8518 
   00190    0.4075   -1368.9271  0.8550 
   00191    0.4125   -1375.9825  0.8617 
   00192    0.3925   -1386.2175  0.8603 
   00193    0.3725   -1370.5901  0.8509 
   00194    0.4250   -1375.4996  0.8483 
   00195    0.3950   -1367.1780  0.8397 
   00196    0.4425   -1384.3231  0.8429 
   00197    0.4600   -1384.9008  0.8517 
   00198    0.4275   -1384.6205  0.8590 
   00199    0.4050   -1384.0157  0.8570 
   00200    0.4200   -1378.2461  0.8593 
