#=====================================================
# File created:        Wed-26-Feb-2025-at-04-33-26AM
# Size of lattice:     60x60
# Number of MC steps:  1000
# Reduced temperature: 0.500
# Run time (s):        1.929340
#=====================================================
# MC step:  Ratio:     Energy:   Order:
#=====================================================
   00000    0.5000   -3616.9889  0.2599 
   00001    0.6961   -5529.0600  0.2575 
   00002    0.6194   -6747.4018  0.2616 
   00003    0.5883   -7616.5901  0.2683 
   00004    0.5558   -8341.8220  0.2692 
   00005    0.5292   -8838.3599  0.2659 
   00006    0.5083   -9164.2897  0.2774 
   00007    0.4975   -9591.5308  0.2814 
   00008    0.4761   -9876.6637  0.2825 
   00009    0.4853  -10087.6449  0.2781 
   00010    0.4725  -10174.4826  0.2808 
   00011    0.4831  -10332.2467  0.2818 
   00012    0.4503  -10470.0051  0.2832 
   00013    0.4528  -10600.5432  0.2936 
   00014    0.4669  -10679.9330  0.2981 
   00015    0.4600  -10782.0585  0.3025 
   00016    0.4506  -10892.3231  0.3017 
   00017    0.4486  -10985.9828  0.3068 
   00018    0.4406  -11026.5374  0.3098 
   00019    0.4439  -11035.7910  0.3154 
   00020    0.4436  -11119.6010  0.3224 
   00021    0.4394  -11133.2351  0.3230 
   00022    0.4578  -11191.1007  0.3249 
   00023    0.4383  -11228.4718  0.3243 
   00024    0.4347  -11314.6763  0.3274 
   00025    0.4333  -11364.3561  0.3324 
   00026    0.4275  -11430.7249  0.3342 
   00027    0.4267  -11483.4844  0.3368 
   00028    0.4314  -11519.5399  0.3412 
   00029    0.4222  -11529.1429  0.3377 
   00030    0.4328  -11629.1710  0.3382 
   00031    0.4236  -11598.9245  0.3416 
   00032    0.4347  -11622.3521  0.3450 
   00033    0.4375  -11566.7300  0.3450 
   00034    0.4219  -11538.5192  0.3472 
   00035    0.4433  -11579.4899  0.3445 
   00036    0.4333  -11612.8125  0.3445 
   00037    0.4269  -11635.5490  0.3433 
   00038    0.4114  -11688.6759  0.3394 
   00039    0.4222  -11737.3326  0.3384 
   00040    0.4275  -11739.8755  0.3430 
   00041    0.4261  -11758.9782  0.3423 
   00042    0.4314  -11793.0872  0.3393 
   00043    0.4175  -11762.4007  0.3346 
   00044    0.4169  -11759.1077  0.3407 
   00045    0.4122  -11738.8929  0.3438 
   00046    0.4297  -11800.6682  0.3448 
   00047    0.4136  -11793.1132  0.3429 
   00048    0.4256  -11779.7566  0.3412 
   00049    0.4103  -11804.0720  0.3423 
   00050    0.4167  -11789.4767  0.3411 
   00051    0.4306  -11806.7246  0.3454 
   00052    0.4269  -11783.5977  0.3438 
   00053    0.4064  -11784.1152  0.3497 
   00054    0.4247  -11777.7122  0.3457 
   00055    0.4314  -11764.7088  0.3429 
   00056    0.4186  -11814.2764  0.3469 
   00057    0.4378  -11778.2719  0.3450 
   00058    0.4097  -11816.8033  0.3430 
   00059    0.4375  -11814.2563  0.3398 
   00060    0.4103  -11809.2446  0.3420 
   00061    0.4125  -11839.4833  0.3410 
   00062    0.4236  -11836.6376  0.3439 
   00063    0.4217  -11841.0995  0.3464 
   00064    0.4178  -11820.6413  0.3404 
   00065    0.4203  -11867.2163  0.3340 
   00066    0.4156  -11821.8476  0.3340 
   00067    0.4203  -11859.6386  0.3323 
   00068    0.4153  -11847.3049  0.3354 
   00069    0.4258  -11822.4907  0.3359 
   00070    0.4283  -11829.0315  0.3361 
   00071    0.4239  -11822.1375  0.3361 
   00072    0.4278  -11882.9542  0.3398 
   00073    0.4100  -11891.2644  0.3426 
   00074    0.4147  -11932.0302  0.3427 
   00075    0.4156  -11943.0494  0.3411 
   00076    0.4242  -11992.9114  0.3445 
   00077    0.4203  -11940.4694  0.3466 
   00078    0.4264  -11984.8657  0.3509 
   00079    0.4228  -11963.8225  0.3454 
   00080    0.4222  -11929.7926  0.3423 
   00081    0.4203  -11899.6712  0.3473 
   00082    0.4236  -11948.7816  0.3442 
   00083    0.4172  -11917.7619  0.3462 
   00084    0.4122  -11951.2195  0.3444 
   00085    0.4239  -12020.1000  0.3444 
   00086    0.4183  -11914.6227  0.3412 
   00087    0.4281  -11914.9942  0.3384 
   00088    0.4381  -11967.6007  0.3373 
   00089    0.4272  -12007.4489  0.3377 
   00090    0.4211  -11980.6829  0.3432 
   00091    0.4314  -11917.2397  0.3336 
   00092    0.4069  -11919.2636  0.3388 
   00093    0.4197  -11983.0156  0.3388 
   00094    0.4178  -11946.0562  0.3389 
   00095    0.4217  -11946.8402  0.3386 
   00096    0.4106  -11893.8152  0.3376 
   00097    0.4200  -11993.9794  0.3376 
   00098    0.4167  -11921.5460  0.3334 
   00099    0.4147  -11914.6533  0.3281 
   00100    0.4178  -11958.8436  0.3394 
   00101    0.4286  -11897.8075  0.3403 
   00102    0.4175  -11919.9612  0.3428 
   00103    0.4078  -11891.4012  0.3412 
   00104    0.4258  -11921.3843  0.3429 
   00105    0.4139  -11997.6137  0.3415 
   00106    0.4103  -12010.1743  0.3411 
   00107    0.4119  -12046.3443  0.3438 
   00108    0.4031  -11999.4349  0.3514 
   00109    0.4197  -12030.9565  0.3530 
   00110    0.4183  -12048.7321  0.3489 
   00111    0.4275  -12012.3250  0.3495 
   00112    0.4111  -12007.8908  0.3522 
   00113    0.4206  -12029.4999  0.3504 
   00114    0.4200  -12058.8917  0.3551 
   00115    0.4103  -12026.6551  0.3644 
   00116    0.4192  -12015.9656  0.3666 
   00117    0.4158  -12018.1853  0.3665 
   00118    0.4147  -11983.8890  0.3701 
   00119    0.4306  -12049.0974  0.3753 
   00120    0.4161  -12058.9288  0.3814 
   00121    0.4225  -12101.6126  0.3774 
   00122    0.4336  -12096.1665  0.3779 
   00123    0.4164  -12111.9155  0.3784 
   00124    0.4050  -12121.7641  0.3709 
   00125    0.4136  -12112.5271  0.3660 
   00126    0.4192  -12122.7543  0.3603 
   00127    0.4069  -12123.2651  0.3615 
   00128    0.4217  -12111.2087  0.3611 
   00129    0.4117  -12076.0328  0.3555 
   00130    0.4050  -12069.7964  0.3565 
   00131    0.4200  -12087.8734  0.3545 
   00132    0.4186  -12069.8071  0.3561 
   00133    0.4072  -12026.0796  0.3583 
   00134    0.4125  -12063.7720  0.3638 
   00135    0.4269  -12098.7070  0.3645 
   00136    0.4275  -12019.2087  0.3662 
   00137    0.4181  -12029.6046  0.3641 
   00138    0.4147  -12093.4186  0.3644 
   00139    0.4208  -12105.8428  0.3645 
   00140    0.4161  -12092.5358  0.3627 
   00141    0.4089  -12074.6889  0.3692 
   00142    0.4267  -12099.5647  0.3706 
   00143    0.3967  -12080.4110  0.3684 
   00144    0.4200  -12123.8831  0.3614 
   00145    0.4111  -12085.7527  0.3663 
   00146    0.4208  -12094.2757  0.3690 
   00147    0.4314  -12073.4961  0.3679 
   00148    0.3939  -12077.5733  0.3714 
   00149    0.4194  -12031.1806  0.3689 
   00150    0.4100  -11990.7239  0.3631 
   00151    0.4147  -12142.7329  0.3682 
   00152    0.4200  -12079.5464  0.3653 
   00153    0.4242  -12146.6391  0.3618 
   00154    0.4144  -12176.6125  0.3623 
   00155    0.4203  -12159.5838  0.3645 
   00156    0.4058  -12165.6059  0.3583 
   00157    0.4083  -12152.1280  0.3585 
   00158    0.4056  -12180.1195  0.3559 
   00159    0.4033  -12198.3059  0.3691 
   00160    0.4242  -12156.3302  0.3673 
   00161    0.4250  -12045.9118  0.3611 
   00162    0.4131  -12122.1076  0.3615 
   00163    0.4075  -12154.8637  0.3588 
   00164    0.4217  -12082.3624  0.3665 
   00165    0.4106  -12030.1600  0.3690 
   00166    0.4119  -12070.5759  0.3681 
   00167    0.4189  -12108.1474  0.3687 
   00168    0.4189  -12129.8761  0.3599 
   00169    0.4086  -12154.1546  0.3551 
   00170    0.4050  -12147.5631  0.3579 
   00171    0.4153  -12152.3233  0.3587 
   00172    0.4133  -12064.9135  0.3578 
   00173    0.4119  -12103.3727  0.3487 
   00174    0.4278  -12084.4293  0.3548 
   00175    0.4158  -12073.5120  0.3553 
   00176    0.4144  -12049.7884  0.3582 
   00177    0.4033  -12060.4110  0.3552 
   00178    0.4050  -12087.3749  0.3571 
   00179    0.4067  -12050.1930  0.3523 
   00180    0.4158  -12099.5781  0.3511 
   00181    0.4172  -12120.5746  0.3526 
   00182    0.4181  -12084.7073  0.3513 
   00183    0.4103  -12101.7334  0.3441 
   00184    0.4081  -12072.8719  0.3430 
   00185    0.4133  -12083.5931  0.3456 
   00186    0.4236  -12086.1247  0.3460 
   00187    0.4097  -12068.2987  0.3485 
   00188    0.4114  -12031.4539  0.3463 
   00189    0.4103  -12150.6873  0.3413 
   00190    0.4272  -12156.0009  0.3388 
   00191    0.3953  -12105.6177  0.3377 
   00192    0.4117  -12065.0035  0.3388 
   00193    0.4181  -12041.6123  0.3341 
   00194    0.4131  -12090.8658  0.3342 
   00195    0.4022  -12091.0892  0.3396 
   00196    0.4156  -12085.3157  0.3399 
   00197    0.4242  -12029.5551  0.3402 
   00198    0.4128  -12069.8973  0.3390 
   00199    0.4128  -12098.8991  0.3372 
   00200    0.4061  -12101.4997  0.3365 
   00201    0.4111  -12040.5233  0.3348 
   00202    0.4153  -12087.3086  0.3326 
   00203    0.4161  -12095.9584  0.3262 
   00204    0.4106  -12074.5828  0.3244 
   00205    0.4231  -12073.2360  0.3270 
   00206    0.4178  -12036.5894  0.3327 
   00207    0.4214  -12072.5683  0.3304 
   00208    0.4061  -12081.7407  0.3279 
   00209    0.4153  -12150.5242  0.3282 
   00210    0.4197  -12130.2871  0.3272 
   00211    0.4278  -12118.0296  0.3198 
   00212    0.4189  -12147.1535  0.3246 
   00213    0.4214  -12150.7100  0.3201 
   00214    0.4214  -12128.8903  0.3198 
   00215    0.4092  -12160.8351  0.3191 
   00216    0.4264  -12164.1677  0.3176 
   00217    0.4136  -12170.1390  0.3151 
   00218    0.4172  -12179.1866  0.3173 
   00219    0.4069  -12181.2581  0.3267 
   00220    0.4100  -12204.7783  0.3264 
   00221    0.4128  -12225.5365  0.3286 
   00222    0.4050  -12237.1300  0.3279 
   00223    0.4083  -12164.5104  0.3219 
   00224    0.4178  -12207.0147  0.3271 
   00225    0.4189  -12207.1723  0.3283 
   00226    0.4242  -12161.0071  0.3298 
   00227    0.4117  -12142.0672  0.3260 
   00228    0.4100  -12137.7035  0.3278 
   00229    0.4275  -12102.0093  0.3335 
   00230    0.4317  -12142.0597  0.3326 
   00231    0.4069  -12083.2629  0.3316 
   00232    0.4078  -12121.1331  0.3331 
   00233    0.4097  -12121.1687  0.3321 
   00234    0.4261  -12181.2643  0.3352 
   00235    0.4214  -12173.8133  0.3332 
   00236    0.4008  -12153.1109  0.3306 
   00237    0.4206  -12156.8259  0.3374 
   00238    0.4156  -12131.1228  0.3446 
   00239    0.4192  -12110.8069  0.3454 
   00240    0.4161  -12078.4865  0.3478 
   00241    0.4169  -12112.0731  0.3429 
   00242    0.4228  -12177.2486  0.3358 
   00243    0.4078  -12198.8439  0.3419 
   00244    0.4219  -12224.9684  0.3417 
   00245    0.4122  -12182.1699  0.3437 
   00246    0.4100  -12160.8469  0.3394 
   00247    0.4122  -12181.5021  0.3411 
   00248    0.4083  -12125.0839  0.3446 
   00249    0.4153  -12158.9403  0.3451 
   00250    0.4158  -12132.3518  0.3380 
   00251    0.4022  -12142.7589  0.3423 
   00252    0.3964  -12153.6203  0.3429 
   00253    0.4081  -12095.3742  0.3412 
   00254    0.4108  -12145.2102  0.3419 
   00255    0.4233  -12131.8334  0.3415 
   00256    0.3986  -12161.2599  0.3483 
   00257    0.3983  -12150.7791  0.3505 
   00258    0.4244  -12157.3869  0.3489 
   00259    0.4083  -12127.5767  0.3433 
   00260    0.4231  -12135.5735  0.3406 
   00261    0.4069  -12113.7230  0.3408 
   00262    0.4247  -12148.0147  0.3379 
   00263    0.4175  -12181.9448  0.3384 
   00264    0.4178  -12191.8391  0.3379 
   00265    0.3942  -12109.6227  0.3323 
   00266    0.4033  -12112.9253  0.3338 
   00267    0.4256  -12148.2874  0.3332 
   00268    0.4164  -12161.6887  0.3336 
   00269    0.4108  -12128.2593  0.3348 
   00270    0.4150  -12194.9016  0.3333 
   00271    0.4103  -12215.6761  0.3384 
   00272    0.4203  -12128.4673  0.3385 
   00273    0.4125  -12120.0802  0.3331 
   00274    0.4172  -12187.5440  0.3431 
   00275    0.4003  -12170.7449  0.3367 
   00276    0.4097  -12129.8306  0.3439 
   00277    0.4092  -12134.2461  0.3380 
   00278    0.4150  -12136.1768  0.3401 
   00279    0.4283  -12154.1746  0.3449 
   00280    0.4069  -12185.8298  0.3460 
   00281    0.4161  -12156.3498  0.3402 
   00282    0.4161  -12148.9478  0.3463 
   00283    0.4042  -12178.3105  0.3424 
   00284    0.4064  -12192.5152  0.3434 
   00285    0.4097  -12192.8383  0.3486 
   00286    0.4164  -12133.2141  0.3459 
   00287    0.4150  -12104.5979  0.3407 
   00288    0.4025  -12121.8815  0.3428 
   00289    0.4158  -12150.7179  0.3428 
   00290    0.4178  -12171.9370  0.3422 
   00291    0.4108  -12200.6776  0.3390 
   00292    0.4056  -12181.6156  0.3418 
   00293    0.4206  -12102.8278  0.3394 
   00294    0.4100  -12075.2035  0.3427 
   00295    0.4133  -12086.6390  0.3435 
   00296    0.4144  -12086.3365  0.3460 
   00297    0.4208  -12106.0826  0.3434 
   00298    0.4222  -12120.2652  0.3425 
   00299    0.4022  -12093.8433  0.3406 
   00300    0.4228  -12105.2460  0.3377 
   00301    0.4058  -12125.7758  0.3400 
   00302    0.4133  -12156.8593  0.3388 
   00303    0.4169  -12115.3213  0.3374 
   00304    0.4236  -12190.1104  0.3363 
   00305    0.4133  -12197.4354  0.3388 
   00306    0.4211  -12220.9004  0.3384 
   00307    0.4058  -12185.4770  0.3315 
   00308    0.4214  -12162.0053  0.3352 
   00309    0.4069  -12098.7526  0.3358 
   00310    0.4108  -12122.8199  0.3322 
   00311    0.4228  -12162.4534  0.3278 
   00312    0.4183  -12142.4337  0.3238 
   00313    0.4181  -12081.8819  0.3251 
   00314    0.4208  -12051.2831  0.3236 
   00315    0.4364  -12099.5355  0.3257 
   00316    0.4147  -12166.5535  0.3270 
   00317    0.4142  -12140.7032  0.3282 
   00318    0.4219  -12138.8640  0.3228 
   00319    0.4019  -12169.2670  0.3197 
   00320    0.4075  -12141.1242  0.3192 
   00321    0.4156  -12108.1858  0.3207 
   00322    0.4139  -12157.3306  0.3135 
   00323    0.4067  -12181.7915  0.3125 
   00324    0.4172  -12202.7222  0.3120 
   00325    0.4092  -12125.5363  0.3099 
   00326    0.4100  -12114.6939  0.3107 
   00327    0.4086  -12118.7262  0.3077 
   00328    0.4244  -12167.1722  0.3097 
   00329    0.4125  -12136.6816  0.3029 
   00330    0.4086  -12133.8685  0.3085 
   00331    0.4100  -12225.5202  0.3153 
   00332    0.4217  -12155.7294  0.3134 
   00333    0.4094  -12202.4078  0.3227 
   00334    0.4192  -12185.3834  0.3239 
   00335    0.4017  -12171.3425  0.3240 
   00336    0.4092  -12219.2783  0.3230 
   00337    0.4197  -12178.4164  0.3204 
   00338    0.3994  -12129.2297  0.3121 
   00339    0.4186  -12140.4125  0.3119 
   00340    0.4058  -12150.1701  0.3134 
   00341    0.4039  -12127.7508  0.3108 
   00342    0.3894  -12146.6791  0.3139 
   00343    0.4189  -12224.9316  0.3078 
   00344    0.4194  -12177.0522  0.3004 
   00345    0.4153  -12115.8816  0.3031 
   00346    0.4061  -12167.1389  0.3044 
   00347    0.4114  -12220.0723  0.3091 
   00348    0.4150  -12224.3072  0.3101 
   00349    0.4211  -12257.2589  0.3040 
   00350    0.4200  -12246.4436  0.3072 
   00351    0.4256  -12238.3077  0.3115 
   00352    0.4064  -12261.1637  0.3074 
   00353    0.4094  -12229.7803  0.3074 
   00354    0.4078  -12173.4016  0.3115 
   00355    0.4169  -12160.2281  0.3098 
   00356    0.4153  -12168.9072  0.3128 
   00357    0.4300  -12193.2211  0.3170 
   00358    0.4139  -12223.7723  0.3123 
   00359    0.4200  -12175.6681  0.3083 
   00360    0.4033  -12267.9116  0.3085 
   00361    0.4119  -12260.4629  0.3064 
   00362    0.4069  -12228.6202  0.3027 
   00363    0.4125  -12183.0398  0.3089 
   00364    0.4047  -12172.9780  0.3067 
   00365    0.4186  -12225.6107  0.3108 
   00366    0.4108  -12239.8394  0.3065 
   00367    0.3964  -12250.0456  0.3000 
   00368    0.4208  -12187.2869  0.2968 
   00369    0.4269  -12141.9126  0.2998 
   00370    0.4253  -12144.2022  0.3042 
   00371    0.4147  -12154.0172  0.3001 
   00372    0.4169  -12173.5175  0.3009 
   00373    0.4139  -12180.2000  0.3023 
   00374    0.4150  -12212.5880  0.3104 
   00375    0.4219  -12222.9589  0.3056 
   00376    0.4292  -12178.2092  0.3049 
   00377    0.4122  -12127.1006  0.3067 
   00378    0.4100  -12176.5845  0.3087 
   00379    0.4222  -12228.5210  0.3170 
   00380    0.4019  -12225.9730  0.3140 
   00381    0.4208  -12217.8926  0.3179 
   00382    0.4131  -12178.7281  0.3276 
   00383    0.4033  -12136.3579  0.3247 
   00384    0.4242  -12182.3128  0.3220 
   00385    0.4131  -12173.6905  0.3224 
   00386    0.4278  -12167.4374  0.3248 
   00387    0.4283  -12164.7960  0.3185 
   00388    0.4008  -12181.5502  0.3152 
   00389    0.4019  -12165.4773  0.3176 
   00390    0.4019  -12107.2844  0.3170 
   00391    0.4161  -12102.3049  0.3125 
   00392    0.4186  -12136.0600  0.3136 
   00393    0.4233  -12165.2228  0.3177 
   00394    0.4144  -12116.4705  0.3167 
   00395    0.4128  -12106.5601  0.3213 
   00396    0.4258  -12088.7774  0.3247 
   00397    0.4197  -12145.2954  0.3289 
   00398    0.4208  -12195.0309  0.3326 
   00399    0.4231  -12161.9357  0.3312 
   00400    0.4122  -12247.4501  0.3308 
   00401    0.4067  -12228.4970  0.3333 
   00402    0.4261  -12233.1250  0.3330 
   00403    0.4208  -12239.0562  0.3318 
   00404    0.4200  -12238.5336  0.3370 
   00405    0.4175  -12213.6284  0.3299 
   00406    0.4042  -12214.2455  0.3320 
   00407    0.4114  -12206.5366  0.3332 
   00408    0.3897  -12200.0596  0.3356 
   00409    0.3997  -12174.6972  0.3311 
   00410    0.4050  -12173.1593  0.3333 
   00411    0.4211  -12230.7095  0.3311 
   00412    0.4228  -12172.0398  0.3269 
   00413    0.4136  -12170.2236  0.3241 
   00414    0.4147  -12193.7896  0.3264 
   00415    0.4103  -12230.2035  0.3240 
   00416    0.4153  -12187.2031  0.3236 
   00417    0.4122  -12216.3654  0.3256 
   00418    0.4192  -12250.9719  0.3255 
   00419    0.4072  -12267.5224  0.3201 
   00420    0.4033  -12237.2769  0.3183 
   00421    0.4117  -12205.9308  0.3148 
   00422    0.4161  -12224.7022  0.3161 
   00423    0.4283  -12208.9613  0.3160 
   00424    0.4133  -12245.2242  0.3200 
   00425    0.4150  -12228.3676  0.3237 
   00426    0.4108  -12235.5947  0.3335 
   00427    0.4125  -12249.9699  0.3347 
   00428    0.4122  -12332.8579  0.3335 
   00429    0.4008  -12254.2077  0.3409 
   00430    0.4225  -12244.3428  0.3478 
   00431    0.4075  -12290.8331  0.3453 
   00432    0.4142  -12279.1635  0.3457 
   00433    0.4147  -12219.6218  0.3490 
   00434    0.4044  -12215.8113  0.3440 
   00435    0.4067  -12139.4733  0.3437 
   00436    0.4256  -12185.3890  0.3514 
   00437    0.4169  -12217.9052  0.3491 
   00438    0.3992  -12185.8257  0.3499 
   00439    0.4200  -12261.7945  0.3500 
   00440    0.4236  -12281.3816  0.3501 
   00441    0.4117  -12289.2522  0.3530 
   00442    0.4103  -12301.4928  0.3552 
   00443    0.4089  -12321.9195  0.3554 
   00444    0.4006  -12292.0419  0.3553 
   00445    0.4064  -12261.4590  0.3518 
   00446    0.4286  -12271.7785  0.3557 
   00447    0.4142  -12274.5823  0.3514 
   00448    0.4172  -12257.1713  0.3477 
   00449    0.4069  -12252.5677  0.3481 
   00450    0.4081  -12251.9342  0.3476 
   00451    0.4203  -12258.1142  0.3507 
   00452    0.4119  -12242.0147  0.3468 
   00453    0.4086  -12266.1025  0.3450 
   00454    0.4028  -12273.7141  0.3464 
   00455    0.4106  -12234.5809  0.3438 
   00456    0.4133  -12212.6157  0.3420 
   00457    0.4153  -12215.2269  0.3447 
   00458    0.4258  -12251.3085  0.3475 
   00459    0.4142  -12261.2391  0.3418 
   00460    0.4053  -12293.7196  0.3414 
   00461    0.4083  -12244.6954  0.3438 
   00462    0.4161  -12233.5058  0.3413 
   00463    0.4150  -12268.3643  0.3377 
   00464    0.4106  -12296.9435  0.3369 
   00465    0.4289  -12243.7856  0.3298 
   00466    0.4189  -12253.6242  0.3343 
   00467    0.4042  -12246.2738  0.3323 
   00468    0.4150  -12234.6961  0.3296 
   00469    0.3975  -12227.6938  0.3272 
   00470    0.4175  -12202.7114  0.3258 
   00471    0.4217  -12207.7847  0.3265 
   00472    0.4203  -12245.2914  0.3247 
   00473    0.4078  -12286.5844  0.3295 
   00474    0.4139  -12214.1070  0.3284 
   00475    0.4061  -12266.0986  0.3268 
   00476    0.4011  -12223.3784  0.3280 
   00477    0.4114  -12274.0698  0.3246 
   00478    0.4103  -12267.1802  0.3207 
   00479    0.4003  -12229.8504  0.3177 
   00480    0.4278  -12274.9414  0.3177 
   00481    0.4069  -12284.2657  0.3157 
   00482    0.4119  -12240.4130  0.3200 
   00483    0.4039  -12229.8759  0.3208 
   00484    0.4206  -12263.7987  0.3187 
   00485    0.4147  -12301.2203  0.3172 
   00486    0.4153  -12238.6195  0.3147 
   00487    0.4256  -12254.6231  0.3124 
   00488    0.4161  -12268.3472  0.3120 
   00489    0.4067  -12239.2888  0.3091 
   00490    0.4153  -12268.6114  0.3039 
   00491    0.4094  -12216.9875  0.3028 
   00492    0.3931  -12248.3023  0.3014 
   00493    0.4128  -12290.7778  0.3008 
   00494    0.4097  -12296.2012  0.3008 
   00495    0.4161  -12271.6607  0.2939 
   00496    0.4186  -12284.8705  0.3006 
   00497    0.4003  -12304.2365  0.3033 
   00498    0.4144  -12318.2829  0.3012 
   00499    0.4039  -12250.2917  0.2944 
   00500    0.4136  -12252.6538  0.2959 
   00501    0.4064  -12208.5827  0.2933 
   00502    0.4194  -12191.7112  0.2965 
   00503    0.4267  -12216.1561  0.2986 
   00504    0.4158  -12238.4508  0.2986 
   00505    0.4058  -12273.3442  0.2982 
   00506    0.4078  -12238.4477  0.2992 
   00507    0.4167  -12255.4391  0.2966 
   00508    0.4242  -12231.5071  0.2937 
   00509    0.4081  -12244.9424  0.2915 
   00510    0.4333  -12166.8254  0.2917 
   00511    0.4317  -12169.9053  0.2917 
   00512    0.4075  -12196.2391  0.2933 
   00513    0.4239  -12260.4578  0.2881 
   00514    0.3958  -12306.2045  0.2892 
   00515    0.3967  -12279.8104  0.2930 
   00516    0.4117  -12356.0101  0.2930 
   00517    0.3997  -12298.7636  0.2940 
   00518    0.4050  -12240.0590  0.2969 
   00519    0.4194  -12265.5601  0.2940 
   00520    0.4128  -12309.8780  0.2995 
   00521    0.4236  -12281.1733  0.2947 
   00522    0.4011  -12304.3700  0.2969 
   00523    0.4031  -12294.6883  0.3037 
   00524    0.4094  -12278.6767  0.3037 
   00525    0.4053  -12312.6777  0.3026 
   00526    0.4217  -12318.1618  0.2995 
   00527    0.4164  -12228.5369  0.3009 
   00528    0.4122  -12199.8244  0.3044 
   00529    0.4169  -12239.5701  0.3013 
   00530    0.3958  -12270.0973  0.3050 
   00531    0.3950  -12285.0605  0.3047 
   00532    0.4094  -12290.2738  0.3008 
   00533    0.4125  -12282.1352  0.3027 
   00534    0.4117  -12288.7174  0.3021 
   00535    0.3867  -12269.3459  0.3063 
   00536    0.3919  -12274.4124  0.3056 
   00537    0.4161  -12243.9620  0.3091 
   00538    0.4228  -12254.3943  0.3056 
   00539    0.4244  -12246.4189  0.3123 
   00540    0.4072  -12277.7689  0.3145 
   00541    0.4206  -12211.0725  0.3079 
   00542    0.4247  -12208.7056  0.3094 
   00543    0.4028  -12260.2316  0.3129 
   00544    0.4028  -12248.0650  0.3136 
   00545    0.4142  -12275.6866  0.3194 
   00546    0.4264  -12282.6855  0.3197 
   00547    0.4053  -12277.9031  0.3186 
   00548    0.4222  -12324.5815  0.3269 
   00549    0.4194  -12369.3434  0.3308 
   00550    0.4172  -12275.2918  0.3274 
   00551    0.4186  -12281.9821  0.3316 
   00552    0.4106  -12328.9942  0.3271 
   00553    0.4086  -12285.6226  0.3223 
   00554    0.3964  -12279.7554  0.3238 
   00555    0.4192  -12235.2667  0.3248 
   00556    0.4025  -12167.8095  0.3245 
   00557    0.4094  -12238.6505  0.3241 
   00558    0.4042  -12273.1958  0.3241 
   00559    0.4064  -12269.8733  0.3239 
   00560    0.4058  -12262.9504  0.3233 
   00561    0.4036  -12289.7905  0.3254 
   00562    0.4131  -12302.9178  0.3289 
   00563    0.4106  -12238.6975  0.3294 
   00564    0.4106  -12248.8612  0.3242 
   00565    0.4086  -12247.1420  0.3246 
   00566    0.4114  -12276.8806  0.3235 
   00567    0.4142  -12321.5415  0.3234 
   00568    0.4089  -12247.2490  0.3181 
   00569    0.4167  -12273.1138  0.3208 
   00570    0.4056  -12275.5484  0.3238 
   00571    0.4081  -12288.3581  0.3290 
   00572    0.3983  -12222.0220  0.3259 
   00573    0.4097  -12255.0631  0.3301 
   00574    0.4169  -12255.1890  0.3291 
   00575    0.4167  -12277.0161  0.3324 
   00576    0.4214  -12232.5720  0.3376 
   00577    0.4128  -12215.8604  0.3401 
   00578    0.4106  -12197.8940  0.3379 
   00579    0.4097  -12199.5243  0.3347 
   00580    0.4011  -12223.3841  0.3364 
   00581    0.4186  -12263.8641  0.3396 
   00582    0.4106  -12303.7818  0.3416 
   00583    0.4050  -12260.3612  0.3413 
   00584    0.4094  -12241.7518  0.3455 
   00585    0.3981  -12251.5643  0.3435 
   00586    0.4131  -12235.3329  0.3455 
   00587    0.4175  -12284.2177  0.3455 
   00588    0.4147  -12313.1362  0.3499 
   00589    0.4064  -12289.9657  0.3514 
   00590    0.4181  -12239.9381  0.3484 
   00591    0.4083  -12260.3395  0.3505 
   00592    0.3994  -12265.9521  0.3484 
   00593    0.3950  -12198.5429  0.3422 
   00594    0.4139  -12219.7230  0.3406 
   00595    0.4219  -12245.3300  0.3374 
   00596    0.4211  -12232.1295  0.3405 
   00597    0.3967  -12240.7271  0.3398 
   00598    0.4119  -12201.7166  0.3396 
   00599    0.4164  -12256.3253  0.3436 
   00600    0.4075  -12256.8831  0.3412 
   00601    0.4139  -12282.9423  0.3450 
   00602    0.4183  -12236.5483  0.3511 
   00603    0.4169  -12243.6079  0.3517 
   00604    0.4217  -12237.9727  0.3534 
   00605    0.4236  -12252.4360  0.3546 
   00606    0.4144  -12261.9066  0.3522 
   00607    0.4172  -12258.6174  0.3497 
   00608    0.4200  -12232.5546  0.3474 
   00609    0.4142  -12191.6564  0.3467 
   00610    0.4042  -12199.3048  0.3505 
   00611    0.4183  -12239.2848  0.3527 
   00612    0.4078  -12226.8835  0.3597 
   00613    0.4167  -12266.9001  0.3591 
   00614    0.4144  -12242.9761  0.3589 
   00615    0.4042  -12223.9967  0.3570 
   00616    0.4169  -12202.8881  0.3596 
   00617    0.4089  -12197.0571  0.3591 
   00618    0.4214  -12236.7430  0.3609 
   00619    0.4250  -12227.6296  0.3595 
   00620    0.4136  -12245.0352  0.3551 
   00621    0.4164  -12294.3640  0.3569 
   00622    0.4067  -12330.7090  0.3664 
   00623    0.4136  -12330.9973  0.3670 
   00624    0.4144  -12268.0512  0.3631 
   00625    0.3947  -12293.6350  0.3679 
   00626    0.4164  -12343.5341  0.3664 
   00627    0.4011  -12325.8491  0.3667 
   00628    0.4158  -12274.9846  0.3675 
   00629    0.4072  -12265.5338  0.3655 
   00630    0.4119  -12293.3074  0.3668 
   00631    0.4097  -12337.7242  0.3673 
   00632    0.4078  -12312.2997  0.3678 
   00633    0.4111  -12351.4726  0.3630 
   00634    0.4222  -12313.6419  0.3633 
   00635    0.4022  -12283.6020  0.3612 
   00636    0.4100  -12279.9990  0.3671 
   00637    0.3967  -12278.9536  0.3657 
   00638    0.4203  -12267.8272  0.3678 
   00639    0.4147  -12345.5394  0.3647 
   00640    0.4067  -12361.1316  0.3636 
   00641    0.4083  -12362.0103  0.3699 
   00642    0.4100  -12296.3129  0.3633 
   00643    0.4050  -12302.7294  0.3631 
   00644    0.4197  -12264.5422  0.3648 
   00645    0.4175  -12248.5337  0.3705 
   00646    0.4156  -12252.9217  0.3774 
   00647    0.4239  -12274.6226  0.3794 
   00648    0.3950  -12341.4876  0.3821 
   00649    0.4189  -12402.2491  0.3839 
   00650    0.4178  -12376.8614  0.3810 
   00651    0.4231  -12402.2095  0.3795 
   00652    0.4017  -12380.7875  0.3835 
   00653    0.4067  -12341.2042  0.3774 
   00654    0.4028  -12284.5954  0.3800 
   00655    0.4356  -12238.3582  0.3833 
   00656    0.4106  -12250.8637  0.3813 
   00657    0.4111  -12338.1495  0.3802 
   00658    0.4094  -12383.8751  0.3810 
   00659    0.4058  -12288.3076  0.3828 
   00660    0.4206  -12297.9158  0.3844 
   00661    0.4128  -12274.1450  0.3836 
   00662    0.4117  -12216.2460  0.3853 
   00663    0.4139  -12317.2988  0.3876 
   00664    0.4031  -12308.4670  0.3849 
   00665    0.4075  -12300.2234  0.3844 
   00666    0.4283  -12237.2905  0.3861 
   00667    0.4222  -12240.8460  0.3829 
   00668    0.4153  -12298.7059  0.3829 
   00669    0.4103  -12249.6423  0.3806 
   00670    0.4158  -12312.7021  0.3796 
   00671    0.4267  -12281.6663  0.3786 
   00672    0.4094  -12254.8980  0.3856 
   00673    0.3992  -12266.7470  0.3946 
   00674    0.4253  -12226.0359  0.4024 
   00675    0.4097  -12241.1391  0.4024 
   00676    0.4194  -12273.8277  0.4086 
   00677    0.4128  -12296.9542  0.4122 
   00678    0.4219  -12272.0766  0.4091 
   00679    0.4089  -12268.0752  0.4060 
   00680    0.4156  -12199.5926  0.4066 
   00681    0.4217  -12213.9733  0.4059 
   00682    0.3967  -12234.8478  0.4044 
   00683    0.4225  -12251.2450  0.4048 
   00684    0.4086  -12212.5313  0.4084 
   00685    0.4075  -12222.2204  0.4086 
   00686    0.4189  -12299.0910  0.4050 
   00687    0.3967  -12333.8815  0.4091 
   00688    0.4039  -12287.4283  0.4057 
   00689    0.4072  -12303.4612  0.4051 
   00690    0.4106  -12332.1241  0.4051 
   00691    0.3981  -12331.5759  0.4111 
   00692    0.3975  -12289.7196  0.4117 
   00693    0.4103  -12291.1545  0.4132 
   00694    0.4119  -12250.6727  0.4137 
   00695    0.4089  -12297.7817  0.4165 
   00696    0.4017  -12292.6996  0.4158 
   00697    0.3858  -12299.9115  0.4159 
   00698    0.4008  -12350.5178  0.4182 
   00699    0.4097  -12315.1133  0.4169 
   00700    0.4144  -12289.8637  0.4186 
   00701    0.4006  -12246.0551  0.4161 
   00702    0.4178  -12211.6846  0.4156 
   00703    0.4039  -12267.1892  0.4173 
   00704    0.4094  -12387.3276  0.4226 
   00705    0.4131  -12359.9127  0.4232 
   00706    0.3972  -12316.5463  0.4221 
   00707    0.4119  -12276.3916  0.4221 
   00708    0.4133  -12262.3561  0.4240 
   00709    0.4072  -12270.1408  0.4263 
   00710    0.3964  -12260.1949  0.4266 
   00711    0.4172  -12296.3642  0.4298 
   00712    0.4142  -12326.0229  0.4247 
   00713    0.4094  -12303.9510  0.4235 
   00714    0.4178  -12269.3398  0.4216 
   00715    0.4069  -12284.3929  0.4256 
   00716    0.4053  -12321.6568  0.4250 
   00717    0.4086  -12314.4218  0.4249 
   00718    0.4092  -12293.8596  0.4272 
   00719    0.4106  -12310.6428  0.4282 
   00720    0.4025  -12343.4316  0.4249 
   00721    0.4078  -12281.4445  0.4252 
   00722    0.4181  -12277.3969  0.4237 
   00723    0.4022  -12260.7635  0.4227 
   00724    0.3961  -12250.5572  0.4273 
   00725    0.4114  -12265.2503  0.4231 
   00726    0.3989  -12247.6452  0.4235 
   00727    0.4114  -12212.8574  0.4253 
   00728    0.4136  -12238.7410  0.4298 
   00729    0.3989  -12228.1230  0.4314 
   00730    0.4164  -12201.1016  0.4380 
   00731    0.4189  -12236.2376  0.4450 
   00732    0.3967  -12243.5105  0.4431 
   00733    0.3958  -12311.1493  0.4393 
   00734    0.3986  -12311.5881  0.4398 
   00735    0.3881  -12334.0162  0.4405 
   00736    0.4044  -12313.6928  0.4372 
   00737    0.4086  -12323.0794  0.4401 
   00738    0.4164  -12266.1920  0.4404 
   00739    0.4114  -12324.9597  0.4366 
   00740    0.4025  -12319.5097  0.4320 
   00741    0.4211  -12314.9101  0.4290 
   00742    0.4061  -12406.0281  0.4322 
   00743    0.4158  -12373.5929  0.4310 
   00744    0.4017  -12359.1063  0.4318 
   00745    0.4083  -12357.1754  0.4289 
   00746    0.4258  -12326.0571  0.4327 
   00747    0.4131  -12317.4002  0.4316 
   00748    0.4092  -12292.4401  0.4298 
   00749    0.4061  -12303.2668  0.4367 
   00750    0.4086  -12301.0671  0.4411 
   00751    0.4061  -12331.2200  0.4390 
   00752    0.4233  -12300.3933  0.4326 
   00753    0.4072  -12282.7367  0.4336 
   00754    0.4147  -12291.9395  0.4350 
   00755    0.4100  -12268.1440  0.4361 
   00756    0.3947  -12266.4791  0.4357 
   00757    0.4222  -12270.9612  0.4340 
   00758    0.4103  -12344.1716  0.4295 
   00759    0.4158  -12273.3346  0.4288 
   00760    0.4033  -12303.0430  0.4264 
   00761    0.4056  -12306.9925  0.4320 
   00762    0.4097  -12353.5603  0.4321 
   00763    0.4097  -12279.1376  0.4311 
   00764    0.4125  -12297.7792  0.4337 
   00765    0.4056  -12283.8961  0.4353 
   00766    0.4133  -12255.7687  0.4341 
   00767    0.4044  -12280.2578  0.4341 
   00768    0.3992  -12274.1665  0.4353 
   00769    0.4153  -12307.1893  0.4383 
   00770    0.4275  -12218.4008  0.4390 
   00771    0.4239  -12243.8561  0.4361 
   00772    0.4039  -12261.2089  0.4360 
   00773    0.4000  -12264.4561  0.4305 
   00774    0.4131  -12307.7888  0.4277 
   00775    0.3969  -12286.1948  0.4281 
   00776    0.4161  -12352.1849  0.4236 
   00777    0.4106  -12298.5222  0.4221 
   00778    0.4100  -12241.1856  0.4188 
   00779    0.4217  -12228.8132  0.4114 
   00780    0.4156  -12247.5504  0.4176 
   00781    0.4256  -12242.5368  0.4203 
   00782    0.4131  -12252.9632  0.4235 
   00783    0.4094  -12227.3160  0.4241 
   00784    0.4247  -12215.8876  0.4239 
   00785    0.4303  -12292.9885  0.4246 
   00786    0.4131  -12287.0492  0.4195 
   00787    0.4122  -12327.9991  0.4149 
   00788    0.4069  -12323.1193  0.4153 
   00789    0.4067  -12328.5949  0.4254 
   00790    0.4114  -12384.8223  0.4242 
   00791    0.4083  -12290.4635  0.4271 
   00792    0.4225  -12266.3628  0.4248 
   00793    0.4156  -12276.3447  0.4195 
   00794    0.4142  -12268.1743  0.4184 
   00795    0.4133  -12277.3534  0.4199 
   00796    0.4222  -12303.9440  0.4243 
   00797    0.4175  -12276.9231  0.4264 
   00798    0.4258  -12237.5455  0.4281 
   00799    0.4333  -12238.8115  0.4227 
   00800    0.4294  -12255.9270  0.4272 
   00801    0.4136  -12175.7079  0.4248 
   00802    0.4314  -12282.7777  0.4278 
   00803    0.4061  -12268.0511  0.4312 
   00804    0.4086  -12232.2454  0.4354 
   00805    0.4067  -12242.0686  0.4360 
   00806    0.4075  -12239.5646  0.4320 
   00807    0.4039  -12289.6126  0.4297 
   00808    0.4097  -12318.9610  0.4321 
   00809    0.4172  -12345.8369  0.4336 
   00810    0.4222  -12313.4217  0.4372 
   00811    0.4244  -12313.4054  0.4354 
   00812    0.4114  -12301.5682  0.4387 
   00813    0.4150  -12300.7990  0.4422 
   00814    0.4128  -12286.2209  0.4407 
   00815    0.4064  -12293.5015  0.4381 
   00816    0.4081  -12347.1852  0.4373 
   00817    0.4075  -12370.8319  0.4382 
   00818    0.3886  -12400.1778  0.4380 
   00819    0.4047  -12362.1006  0.4351 
   00820    0.4028  -12320.3311  0.4350 
   00821    0.4147  -12349.3793  0.4320 
   00822    0.4147  -12335.2279  0.4395 
   00823    0.4006  -12343.2316  0.4480 
   00824    0.4133  -12313.8870  0.4460 
   00825    0.4000  -12292.9646  0.4464 
   00826    0.4094  -12328.8749  0.4474 
   00827    0.4156  -12329.0513  0.4433 
   00828    0.4125  -12298.6450  0.4484 
   00829    0.4122  -12306.0851  0.4461 
   00830    0.4075  -12282.2214  0.4437 
   00831    0.4114  -12288.8199  0.4455 
   00832    0.4122  -12305.3625  0.4458 
   00833    0.4072  -12363.9425  0.4406 
   00834    0.4011  -12368.1179  0.4411 
   00835    0.4108  -12362.0009  0.4406 
   00836    0.4114  -12312.1895  0.4450 
   00837    0.4094  -12311.0469  0.4497 
   00838    0.4100  -12330.9939  0.4568 
   00839    0.4178  -12310.1337  0.4550 
   00840    0.4133  -12309.5179  0.4589 
   00841    0.4092  -12312.0292  0.4596 
   00842    0.4072  -12289.0589  0.4596 
   00843    0.3922  -12314.7032  0.4634 
   00844    0.4042  -12334.8485  0.4621 
   00845    0.4078  -12333.9321  0.4630 
   00846    0.4203  -12331.9999  0.4618 
   00847    0.4178  -12386.8398  0.4592 
   00848    0.4072  -12369.7029  0.4549 
   00849    0.4186  -12302.7752  0.4567 
   00850    0.4003  -12341.0815  0.4541 
   00851    0.4142  -12320.1217  0.4540 
   00852    0.4039  -12263.5228  0.4514 
   00853    0.4147  -12261.1191  0.4565 
   00854    0.4194  -12260.6708  0.4514 
   00855    0.4125  -12305.9575  0.4539 
   00856    0.4044  -12322.7388  0.4533 
   00857    0.4069  -12391.8874  0.4555 
   00858    0.4022  -12398.5645  0.4567 
   00859    0.4086  -12348.6367  0.4525 
   00860    0.4206  -12313.7385  0.4516 
   00861    0.3972  -12281.5502  0.4548 
   00862    0.4089  -12293.6505  0.4540 
   00863    0.4267  -12336.3520  0.4558 
   00864    0.3997  -12257.3690  0.4522 
   00865    0.3953  -12306.8680  0.4591 
   00866    0.4050  -12356.9756  0.4579 
   00867    0.4100  -12379.3222  0.4605 
   00868    0.4022  -12422.3621  0.4626 
   00869    0.4058  -12394.5768  0.4591 
   00870    0.4022  -12371.9660  0.4591 
   00871    0.4000  -12386.7944  0.4636 
   00872    0.3972  -12373.5947  0.4627 
   00873    0.4000  -12343.1962  0.4602 
   00874    0.3956  -12364.3731  0.4506 
   00875    0.3925  -12357.9177  0.4523 
   00876    0.4186  -12318.8511  0.4518 
   00877    0.4094  -12339.0746  0.4552 
   00878    0.4136  -12289.8885  0.4587 
   00879    0.4006  -12280.2368  0.4607 
   00880    0.4119  -12316.8374  0.4602 
   00881    0.4042  -12257.5324  0.4519 
   00882    0.4186  -12251.3959  0.4539 
   00883    0.4083  -12311.2044  0.4549 
   00884    0.4094  -12296.5236  0.4566 
   00885    0.4100  -12313.2325  0.4523 
   00886    0.4258  -12327.8361  0.4485 
   00887    0.4206  -12276.7739  0.4516 
   00888    0.3975  -12295.8957  0.4560 
   00889    0.4019  -12301.5580  0.4565 
   00890    0.4050  -12286.2742  0.4624 
   00891    0.4053  -12236.7852  0.4618 
   00892    0.4147  -12225.5177  0.4560 
   00893    0.4092  -12246.6737  0.4582 
   00894    0.4036  -12269.3466  0.4574 
   00895    0.4053  -12258.2522  0.4620 
   00896    0.4139  -12200.6060  0.4615 
   00897    0.4022  -12202.9578  0.4631 
   00898    0.4058  -12268.9122  0.4618 
   00899    0.4058  -12217.6751  0.4602 
   00900    0.4231  -12267.3578  0.4624 
   00901    0.4164  -12259.9957  0.4581 
   00902    0.4153  -12225.6153  0.4559 
   00903    0.4108  -12232.8637  0.4490 
   00904    0.4050  -12275.6528  0.4469 
   00905    0.4064  -12288.0847  0.4465 
   00906    0.4033  -12344.3894  0.4456 
   00907    0.4197  -12318.5103  0.4423 
   00908    0.4117  -12327.3099  0.4476 
   00909    0.4106  -12337.2224  0.4483 
   00910    0.4031  -12315.3974  0.4439 
   00911    0.3931  -12311.5089  0.4369 
   00912    0.4172  -12294.6486  0.4329 
   00913    0.4094  -12284.8673  0.4341 
   00914    0.3983  -12315.0498  0.4342 
   00915    0.4094  -12350.8669  0.4350 
   00916    0.4011  -12368.2148  0.4303 
   00917    0.4033  -12353.2286  0.4299 
   00918    0.3944  -12363.7816  0.4303 
   00919    0.4278  -12325.3144  0.4282 
   00920    0.4011  -12328.0094  0.4282 
   00921    0.4017  -12366.4357  0.4287 
   00922    0.4128  -12280.9746  0.4340 
   00923    0.4011  -12264.3729  0.4346 
   00924    0.4144  -12238.0856  0.4355 
   00925    0.4181  -12282.6369  0.4398 
   00926    0.3975  -12322.2086  0.4426 
   00927    0.4022  -12318.6128  0.4388 
   00928    0.4147  -12349.0986  0.4402 
   00929    0.3972  -12353.6452  0.4447 
   00930    0.4069  -12316.3431  0.4450 
   00931    0.4072  -12345.7990  0.4468 
   00932    0.4019  -12375.8204  0.4461 
   00933    0.4256  -12362.8704  0.4405 
   00934    0.4156  -12372.9824  0.4461 
   00935    0.4167  -12375.0822  0.4499 
   00936    0.4136  -12325.3275  0.4469 
   00937    0.4028  -12301.8261  0.4427 
   00938    0.4119  -12315.0109  0.4422 
   00939    0.4056  -12346.5936  0.4414 
   00940    0.4047  -12365.5046  0.4419 
   00941    0.4017  -12376.2330  0.4459 
   00942    0.4203  -12287.2977  0.4437 
   00943    0.4097  -12322.7311  0.4451 
   00944    0.4083  -12355.7471  0.4414 
   00945    0.4003  -12375.4903  0.4433 
   00946    0.4178  -12343.7231  0.4390 
   00947    0.4108  -12317.0923  0.4427 
   00948    0.4053  -12329.5504  0.4414 
   00949    0.4036  -12309.8720  0.4418 
   00950    0.4019  -12302.4363  0.4374 
   00951    0.4175  -12349.1423  0.4352 
   00952    0.4092  -12342.3495  0.4341 
   00953    0.4092  -12385.0079  0.4334 
   00954    0.4139  -12357.1815  0.4304 
   00955    0.4075  -12306.9778  0.4322 
   00956    0.4058  -12325.5671  0.4408 
   00957    0.4172  -12323.8500  0.4360 
   00958    0.4117  -12303.8146  0.4315 
   00959    0.4025  -12281.3921  0.4317 
   00960    0.4147  -12266.3058  0.4332 
   00961    0.4103  -12295.2267  0.4315 
   00962    0.4156  -12334.5930  0.4307 
   00963    0.4086  -12306.0850  0.4353 
   00964    0.4175  -12303.9450  0.4367 
   00965    0.4078  -12308.8312  0.4315 
   00966    0.4175  -12301.3764  0.4306 
   00967    0.4108  -12305.9328  0.4273 
   00968    0.3858  -12348.3805  0.4275 
   00969    0.4178  -12354.9029  0.4288 
   00970    0.4069  -12329.5439  0.4248 
   00971    0.4064  -12296.8061  0.4279 
   00972    0.4011  -12298.9798  0.4282 
   00973    0.4056  -12314.4335  0.4289 
   00974    0.4036  -12293.1691  0.4351 
   00975    0.4036  -12306.0348  0.4337 
   00976    0.3964  -12322.6988  0.4390 
   00977    0.4147  -12304.9050  0.4415 
   00978    0.4061  -12314.5382  0.4369 
   00979    0.3994  -12304.7478  0.4322 
   00980    0.4169  -12281.0017  0.4356 
   00981    0.4017  -12266.2042  0.4315 
   00982    0.4078  -12289.7861  0.4277 
   00983    0.4131  -12265.1699  0.4223 
   00984    0.4161  -12201.6113  0.4275 
   00985    0.4181  -12196.8191  0.4260 
   00986    0.4217  -12270.9761  0.4277 
   00987    0.4133  -12309.3204  0.4352 
   00988    0.4100  -12265.3665  0.4351 
   00989    0.4072  -12208.0136  0.4317 
   00990    0.4158  -12190.1923  0.4318 
   00991    0.4161  -12216.0981  0.4319 
   00992    0.4172  -12235.1773  0.4277 
   00993    0.4306  -12272.2935  0.4262 
   00994    0.3986  -12309.2899  0.4288 
   00995    0.4172  -12288.1461  0.4257 
   00996    0.4183  -12305.7380  0.4285 
   00997    0.4178  -12300.0654  0.4244 
   00998    0.4072  -12300.1263  0.4262 
   00999    0.4078  -12259.0997  0.4210 
   01000    0.4125  -12274.7822  0.4263 
