#=====================================================
# File created:        Wed-26-Feb-2025-at-03-57-05AM
# Size of lattice:     20x20
# Number of MC steps:  1000
# Reduced temperature: 0.500
# Run time (s):        2.833825
#=====================================================
# MC step:  Ratio:     Energy:   Order:
#=====================================================
   00000    0.5000    -403.3173  0.2625 
   00001    0.7100    -671.8371  0.2982 
   00002    0.5900    -807.9329  0.2847 
   00003    0.5300    -893.3826  0.2850 
   00004    0.4975    -959.8310  0.2842 
   00005    0.4625   -1001.3899  0.2668 
   00006    0.4625   -1040.3330  0.2779 
   00007    0.4925   -1075.9391  0.3101 
   00008    0.4375   -1092.0387  0.3305 
   00009    0.3850   -1096.9460  0.3299 
   00010    0.4750   -1116.0865  0.3279 
   00011    0.4825   -1126.4862  0.3264 
   00012    0.4775   -1140.9008  0.3354 
   00013    0.4375   -1152.9706  0.3541 
   00014    0.4650   -1172.6385  0.3523 
   00015    0.4550   -1197.0280  0.3550 
   00016    0.4025   -1200.9977  0.3462 
   00017    0.4175   -1216.7510  0.3333 
   00018    0.4425   -1243.4153  0.3255 
   00019    0.4100   -1222.6837  0.3320 
   00020    0.4200   -1230.4299  0.3534 
   00021    0.4475   -1240.4910  0.3335 
   00022    0.4275   -1237.7844  0.3266 
   00023    0.4275   -1227.5501  0.3307 
   00024    0.4025   -1241.8922  0.3356 
   00025    0.3600   -1252.0842  0.3405 
   00026    0.4425   -1248.6163  0.3361 
   00027    0.3950   -1255.2768  0.3453 
   00028    0.3675   -1256.7388  0.3415 
   00029    0.4100   -1253.6906  0.3352 
   00030    0.4075   -1254.3141  0.3309 
   00031    0.3950   -1239.4048  0.3372 
   00032    0.4100   -1250.2557  0.3326 
   00033    0.3750   -1269.5524  0.3478 
   00034    0.4500   -1277.1471  0.3649 
   00035    0.3900   -1276.0430  0.3489 
   00036    0.3875   -1261.3344  0.3683 
   00037    0.3725   -1254.5625  0.3740 
   00038    0.4000   -1271.7944  0.3695 
   00039    0.4050   -1295.5771  0.3677 
   00040    0.4275   -1282.2275  0.3664 
   00041    0.3775   -1288.3803  0.3672 
   00042    0.3875   -1288.9666  0.3715 
   00043    0.4350   -1271.4413  0.3758 
   00044    0.4650   -1261.6988  0.3821 
   00045    0.4100   -1261.2494  0.3685 
   00046    0.4100   -1254.7938  0.3963 
   00047    0.4325   -1259.9963  0.3903 
   00048    0.3800   -1248.5564  0.4055 
   00049    0.4200   -1254.4526  0.3982 
   00050    0.3975   -1274.9781  0.3884 
   00051    0.3750   -1247.6572  0.3733 
   00052    0.3975   -1271.9913  0.3696 
   00053    0.3700   -1279.3892  0.3713 
   00054    0.3850   -1300.8649  0.3734 
   00055    0.3875   -1288.6643  0.3650 
   00056    0.3800   -1287.9911  0.3685 
   00057    0.3700   -1297.6822  0.3724 
   00058    0.3975   -1297.3714  0.3689 
   00059    0.3875   -1329.0778  0.3639 
   00060    0.3850   -1315.2465  0.3673 
   00061    0.3875   -1315.3409  0.3596 
   00062    0.3425   -1303.4538  0.3580 
   00063    0.3700   -1291.4957  0.3595 
   00064    0.4025   -1298.3690  0.3552 
   00065    0.4525   -1303.0306  0.3473 
   00066    0.4125   -1292.2442  0.3547 
   00067    0.4250   -1280.2188  0.3823 
   00068    0.4300   -1289.8710  0.3769 
   00069    0.3975   -1271.9490  0.3824 
   00070    0.4250   -1269.9791  0.3866 
   00071    0.3775   -1263.1961  0.3945 
   00072    0.4275   -1262.1177  0.3985 
   00073    0.4400   -1246.3137  0.4096 
   00074    0.4050   -1254.2985  0.3858 
   00075    0.4275   -1250.6879  0.3917 
   00076    0.4200   -1235.8431  0.3782 
   00077    0.4150   -1257.9148  0.3638 
   00078    0.4400   -1268.1061  0.3611 
   00079    0.3700   -1271.8661  0.3577 
   00080    0.3925   -1258.7368  0.3572 
   00081    0.3925   -1251.0575  0.3506 
   00082    0.4200   -1267.8852  0.3468 
   00083    0.4225   -1263.1638  0.3585 
   00084    0.4075   -1251.1019  0.3601 
   00085    0.3875   -1270.6976  0.3482 
   00086    0.3850   -1261.4420  0.3500 
   00087    0.3675   -1257.3467  0.3643 
   00088    0.4450   -1258.9611  0.3554 
   00089    0.4375   -1253.6748  0.3467 
   00090    0.3975   -1269.3161  0.3426 
   00091    0.3900   -1248.0190  0.3528 
   00092    0.4350   -1258.1961  0.3376 
   00093    0.3700   -1260.5834  0.3425 
   00094    0.4350   -1245.2196  0.3105 
   00095    0.4225   -1265.8649  0.2999 
   00096    0.4500   -1263.3820  0.2992 
   00097    0.4325   -1270.9603  0.3176 
   00098    0.4175   -1274.5411  0.3308 
   00099    0.4175   -1287.7571  0.3328 
   00100    0.4075   -1266.0262  0.3362 
   00101    0.3950   -1265.5298  0.3445 
   00102    0.3825   -1259.6761  0.3546 
   00103    0.3850   -1265.3550  0.3493 
   00104    0.3875   -1260.1853  0.3689 
   00105    0.4500   -1235.3221  0.3748 
   00106    0.4450   -1244.4404  0.3836 
   00107    0.4125   -1228.1323  0.3886 
   00108    0.3975   -1248.3180  0.4182 
   00109    0.3600   -1245.2883  0.4233 
   00110    0.3850   -1261.3989  0.4280 
   00111    0.4150   -1272.2585  0.4392 
   00112    0.3775   -1258.6331  0.4335 
   00113    0.4150   -1260.0447  0.4373 
   00114    0.4025   -1263.3376  0.4461 
   00115    0.3850   -1261.9476  0.4459 
   00116    0.4175   -1271.1363  0.4413 
   00117    0.3775   -1262.6730  0.4341 
   00118    0.4200   -1272.3922  0.4284 
   00119    0.4300   -1269.3500  0.4327 
   00120    0.4175   -1267.9398  0.4409 
   00121    0.4275   -1261.6941  0.4563 
   00122    0.4300   -1284.6821  0.4556 
   00123    0.3700   -1283.5722  0.4573 
   00124    0.3675   -1270.4599  0.4687 
   00125    0.4125   -1254.5594  0.4722 
   00126    0.4125   -1255.0239  0.4445 
   00127    0.4450   -1281.3815  0.4522 
   00128    0.3925   -1289.6713  0.4429 
   00129    0.3675   -1290.3273  0.4596 
   00130    0.3950   -1289.0311  0.4594 
   00131    0.4200   -1281.0646  0.4605 
   00132    0.4125   -1296.4990  0.4582 
   00133    0.3550   -1307.2150  0.4439 
   00134    0.3950   -1299.5925  0.4546 
   00135    0.4100   -1297.5838  0.4470 
   00136    0.4100   -1289.7783  0.4387 
   00137    0.3975   -1296.9881  0.4291 
   00138    0.4200   -1299.0042  0.4243 
   00139    0.3575   -1275.9877  0.4341 
   00140    0.4125   -1282.6167  0.4426 
   00141    0.4525   -1266.9212  0.4420 
   00142    0.4475   -1281.7246  0.4431 
   00143    0.4375   -1289.8627  0.4561 
   00144    0.4075   -1304.5365  0.4576 
   00145    0.4300   -1304.0816  0.4500 
   00146    0.4150   -1307.0053  0.4673 
   00147    0.3550   -1311.6009  0.4490 
   00148    0.3750   -1281.3964  0.4374 
   00149    0.3700   -1299.0147  0.4597 
   00150    0.3975   -1301.1187  0.4705 
   00151    0.3975   -1301.9520  0.4602 
   00152    0.3725   -1295.6623  0.4712 
   00153    0.4100   -1291.9987  0.4689 
   00154    0.4025   -1290.1678  0.4752 
   00155    0.4025   -1285.2653  0.4875 
   00156    0.4250   -1274.6583  0.4710 
   00157    0.3550   -1276.9264  0.4612 
   00158    0.4075   -1264.8082  0.4589 
   00159    0.4200   -1255.0160  0.4650 
   00160    0.3825   -1272.5931  0.4611 
   00161    0.4150   -1271.3594  0.4507 
   00162    0.4100   -1265.0371  0.4506 
   00163    0.4175   -1274.1445  0.4742 
   00164    0.3500   -1282.0804  0.4801 
   00165    0.3700   -1282.4669  0.4839 
   00166    0.4200   -1270.6410  0.4752 
   00167    0.3775   -1269.4652  0.4734 
   00168    0.4125   -1255.7028  0.4721 
   00169    0.4675   -1260.7106  0.4642 
   00170    0.3975   -1257.4084  0.4608 
   00171    0.4325   -1283.2355  0.4668 
   00172    0.3875   -1280.4143  0.4627 
   00173    0.4075   -1274.6615  0.4659 
   00174    0.4475   -1275.6579  0.4688 
   00175    0.3625   -1278.7144  0.4676 
   00176    0.4000   -1276.8932  0.4690 
   00177    0.4375   -1309.2705  0.4906 
   00178    0.3425   -1293.3081  0.4959 
   00179    0.3900   -1294.5848  0.4856 
   00180    0.3875   -1273.4296  0.4779 
   00181    0.3925   -1278.8004  0.4934 
   00182    0.4375   -1265.9929  0.4988 
   00183    0.3875   -1270.5230  0.4834 
   00184    0.4275   -1269.8586  0.4701 
   00185    0.4300   -1253.4021  0.4551 
   00186    0.4050   -1263.9609  0.4558 
   00187    0.3975   -1314.5147  0.4526 
   00188    0.4075   -1298.3567  0.4370 
   00189    0.3450   -1306.5060  0.4574 
   00190    0.3975   -1274.7196  0.4421 
   00191    0.3700   -1282.6397  0.4492 
   00192    0.4075   -1292.9855  0.4556 
   00193    0.3925   -1274.6728  0.4652 
   00194    0.3875   -1279.8661  0.4639 
   00195    0.4700   -1292.9492  0.4596 
   00196    0.3825   -1294.4477  0.4531 
   00197    0.3900   -1292.1252  0.4493 
   00198    0.3525   -1292.4410  0.4563 
   00199    0.3300   -1296.7109  0.4621 
   00200    0.3775   -1291.4832  0.4610 
   00201    0.4275   -1276.4294  0.4585 
   00202    0.3775   -1280.4028  0.4561 
   00203    0.3950   -1288.7990  0.4529 
   00204    0.3975   -1286.6837  0.4440 
   00205    0.4200   -1295.1509  0.4628 
   00206    0.3800   -1291.7064  0.4704 
   00207    0.4250   -1292.2835  0.4685 
   00208    0.4350   -1289.6373  0.4503 
   00209    0.3725   -1300.4577  0.4671 
   00210    0.3800   -1300.9935  0.4685 
   00211    0.4075   -1286.9742  0.4726 
   00212    0.3825   -1284.8880  0.4662 
   00213    0.3750   -1285.7623  0.4633 
   00214    0.3625   -1289.8653  0.4646 
   00215    0.3850   -1287.8656  0.4440 
   00216    0.3950   -1278.1713  0.4519 
   00217    0.3900   -1277.3127  0.4554 
   00218    0.3675   -1253.1470  0.4510 
   00219    0.3975   -1256.9779  0.4543 
   00220    0.4275   -1270.6711  0.4515 
   00221    0.4200   -1293.2155  0.4596 
   00222    0.3800   -1299.4079  0.4625 
   00223    0.3675   -1296.9224  0.4489 
   00224    0.4100   -1283.2354  0.4608 
   00225    0.3625   -1285.4204  0.4635 
   00226    0.4200   -1285.2314  0.4683 
   00227    0.3900   -1292.0601  0.4752 
   00228    0.3375   -1286.3279  0.4690 
   00229    0.3800   -1287.9726  0.4736 
   00230    0.3775   -1298.7688  0.4515 
   00231    0.3025   -1288.8077  0.4573 
   00232    0.4100   -1283.4983  0.4660 
   00233    0.3975   -1304.7107  0.4581 
   00234    0.3975   -1290.6361  0.4610 
   00235    0.3750   -1288.8175  0.4643 
   00236    0.3600   -1273.1041  0.4538 
   00237    0.4225   -1292.0473  0.4642 
   00238    0.4525   -1308.4287  0.4653 
   00239    0.3825   -1299.8184  0.4764 
   00240    0.3750   -1308.1348  0.4689 
   00241    0.3800   -1324.0704  0.4740 
   00242    0.3850   -1310.9349  0.4778 
   00243    0.3975   -1309.2003  0.4907 
   00244    0.3750   -1315.0235  0.4926 
   00245    0.4125   -1294.0037  0.4844 
   00246    0.4025   -1295.1449  0.5034 
   00247    0.3575   -1312.2546  0.5096 
   00248    0.3875   -1292.4487  0.5105 
   00249    0.3975   -1286.3003  0.5113 
   00250    0.4050   -1268.4158  0.4936 
   00251    0.3925   -1271.7154  0.4983 
   00252    0.3775   -1284.3377  0.5047 
   00253    0.4150   -1286.5198  0.5268 
   00254    0.3950   -1298.1437  0.5384 
   00255    0.3700   -1277.6660  0.5244 
   00256    0.4300   -1275.9456  0.5232 
   00257    0.4250   -1270.1070  0.5189 
   00258    0.4225   -1286.2165  0.5369 
   00259    0.3825   -1293.9724  0.5304 
   00260    0.4375   -1296.0157  0.5313 
   00261    0.4000   -1292.8123  0.5293 
   00262    0.4025   -1292.4171  0.5341 
   00263    0.3750   -1307.0926  0.5587 
   00264    0.3750   -1327.0083  0.5708 
   00265    0.3975   -1293.9218  0.5673 
   00266    0.4100   -1315.3029  0.5612 
   00267    0.4475   -1310.0847  0.5608 
   00268    0.3650   -1308.6491  0.5649 
   00269    0.3900   -1302.4618  0.5704 
   00270    0.3925   -1295.8380  0.5754 
   00271    0.3475   -1291.4835  0.5688 
   00272    0.3725   -1295.2394  0.5596 
   00273    0.4200   -1294.4891  0.5686 
   00274    0.3850   -1300.2784  0.5691 
   00275    0.3850   -1307.7811  0.5696 
   00276    0.3500   -1316.2122  0.5723 
   00277    0.3800   -1330.0791  0.5729 
   00278    0.3850   -1306.8474  0.5910 
   00279    0.3950   -1306.0172  0.5958 
   00280    0.3950   -1293.7563  0.5915 
   00281    0.3850   -1312.9227  0.5943 
   00282    0.4000   -1320.1828  0.5734 
   00283    0.4175   -1314.5337  0.5535 
   00284    0.3625   -1314.9627  0.5684 
   00285    0.4000   -1320.1370  0.5784 
   00286    0.3775   -1305.7268  0.5726 
   00287    0.4025   -1287.1182  0.5769 
   00288    0.3950   -1280.2257  0.5808 
   00289    0.4000   -1285.3062  0.5976 
   00290    0.4225   -1298.5270  0.6029 
   00291    0.3900   -1305.3461  0.5986 
   00292    0.3900   -1323.7918  0.6052 
   00293    0.3825   -1301.0822  0.6081 
   00294    0.3625   -1310.3735  0.6091 
   00295    0.3600   -1312.4261  0.5989 
   00296    0.4000   -1304.8165  0.5985 
   00297    0.4125   -1305.8594  0.6210 
   00298    0.3275   -1299.5717  0.6183 
   00299    0.3850   -1313.1701  0.6183 
   00300    0.4050   -1305.8900  0.6124 
   00301    0.3800   -1275.6596  0.6119 
   00302    0.3700   -1316.0465  0.6156 
   00303    0.3625   -1339.1609  0.6317 
   00304    0.4125   -1315.7616  0.6269 
   00305    0.3925   -1308.1454  0.6114 
   00306    0.4000   -1317.5703  0.6152 
   00307    0.3800   -1326.8550  0.6133 
   00308    0.3975   -1311.1939  0.6041 
   00309    0.3700   -1323.9842  0.6061 
   00310    0.3575   -1316.3447  0.6099 
   00311    0.3750   -1292.7800  0.5890 
   00312    0.3475   -1299.2474  0.5971 
   00313    0.3825   -1314.1341  0.5990 
   00314    0.3975   -1321.4667  0.5875 
   00315    0.4250   -1305.9307  0.5949 
   00316    0.3800   -1305.5324  0.5931 
   00317    0.3900   -1284.9407  0.5875 
   00318    0.3475   -1291.8158  0.5858 
   00319    0.3400   -1285.2365  0.5700 
   00320    0.3350   -1294.5592  0.5815 
   00321    0.3450   -1316.0557  0.5817 
   00322    0.3675   -1328.2937  0.5869 
   00323    0.4275   -1318.2550  0.5823 
   00324    0.4175   -1319.6592  0.5747 
   00325    0.3875   -1320.2318  0.5707 
   00326    0.3725   -1331.6350  0.5704 
   00327    0.4250   -1337.7063  0.5558 
   00328    0.3575   -1329.0727  0.5570 
   00329    0.3625   -1327.8553  0.5694 
   00330    0.3700   -1317.6152  0.5665 
   00331    0.3950   -1316.0728  0.5653 
   00332    0.4325   -1307.0984  0.5539 
   00333    0.3600   -1303.3408  0.5563 
   00334    0.3500   -1304.6010  0.5481 
   00335    0.3850   -1301.6176  0.5258 
   00336    0.3925   -1301.9274  0.5280 
   00337    0.4225   -1272.2666  0.5228 
   00338    0.3775   -1301.3890  0.5280 
   00339    0.3550   -1295.8258  0.5298 
   00340    0.4225   -1290.8639  0.5342 
   00341    0.3975   -1299.5961  0.5272 
   00342    0.4075   -1307.2826  0.5423 
   00343    0.3800   -1291.5261  0.5319 
   00344    0.3775   -1300.2133  0.5152 
   00345    0.3825   -1292.1345  0.5254 
   00346    0.3850   -1286.3238  0.5245 
   00347    0.3950   -1301.6424  0.5166 
   00348    0.4100   -1297.8065  0.5097 
   00349    0.3925   -1280.9137  0.5131 
   00350    0.3975   -1270.7808  0.5153 
   00351    0.3300   -1276.8084  0.5260 
   00352    0.4050   -1279.0307  0.5382 
   00353    0.3275   -1296.0629  0.5270 
   00354    0.4325   -1299.9562  0.5325 
   00355    0.4000   -1299.8503  0.5469 
   00356    0.4025   -1306.6233  0.5650 
   00357    0.3900   -1300.5972  0.5627 
   00358    0.4275   -1302.7479  0.5655 
   00359    0.3575   -1304.4270  0.5731 
   00360    0.4100   -1310.1576  0.5662 
   00361    0.3950   -1306.4782  0.5864 
   00362    0.3850   -1312.1109  0.5794 
   00363    0.3525   -1320.2308  0.5883 
   00364    0.3800   -1305.0150  0.5811 
   00365    0.3725   -1290.1166  0.5738 
   00366    0.3900   -1275.1093  0.5732 
   00367    0.4200   -1294.6318  0.5606 
   00368    0.3800   -1295.0426  0.5558 
   00369    0.3700   -1291.7322  0.5421 
   00370    0.3750   -1286.8624  0.5372 
   00371    0.3925   -1307.3997  0.5557 
   00372    0.3725   -1311.7620  0.5709 
   00373    0.4025   -1307.8108  0.5759 
   00374    0.4225   -1307.8346  0.5904 
   00375    0.3275   -1316.1555  0.5949 
   00376    0.3675   -1327.4349  0.5968 
   00377    0.4000   -1317.0671  0.5853 
   00378    0.3500   -1342.0001  0.5993 
   00379    0.3875   -1330.9689  0.5896 
   00380    0.4100   -1328.3499  0.5876 
   00381    0.3950   -1319.9361  0.5823 
   00382    0.3700   -1322.7420  0.5799 
   00383    0.3575   -1309.5702  0.5751 
   00384    0.3800   -1313.4210  0.5596 
   00385    0.3550   -1300.5698  0.5555 
   00386    0.3800   -1282.1435  0.5542 
   00387    0.3675   -1293.6722  0.5641 
   00388    0.3750   -1283.7450  0.5828 
   00389    0.3600   -1292.5445  0.5814 
   00390    0.4050   -1289.2882  0.6014 
   00391    0.4350   -1285.9555  0.5839 
   00392    0.4050   -1276.9121  0.5923 
   00393    0.3900   -1266.3992  0.5732 
   00394    0.4375   -1275.7709  0.5812 
   00395    0.4100   -1292.3861  0.5900 
   00396    0.3550   -1315.6597  0.5919 
   00397    0.3875   -1311.2004  0.6068 
   00398    0.3800   -1296.9832  0.5895 
   00399    0.3700   -1290.2385  0.5624 
   00400    0.3500   -1282.7511  0.5843 
   00401    0.3775   -1283.2596  0.5862 
   00402    0.3950   -1284.6163  0.5992 
   00403    0.3550   -1303.5183  0.5918 
   00404    0.3800   -1305.0953  0.5907 
   00405    0.3475   -1310.3625  0.5988 
   00406    0.4375   -1309.1329  0.6020 
   00407    0.3700   -1291.7169  0.6098 
   00408    0.3400   -1268.7726  0.6093 
   00409    0.3725   -1270.2927  0.6104 
   00410    0.4025   -1298.2480  0.6263 
   00411    0.3950   -1306.5514  0.6199 
   00412    0.3425   -1283.0847  0.6267 
   00413    0.3600   -1289.6376  0.6178 
   00414    0.3800   -1286.1417  0.6159 
   00415    0.3825   -1315.9654  0.6202 
   00416    0.3575   -1317.4516  0.6305 
   00417    0.3500   -1307.8372  0.6273 
   00418    0.4025   -1319.7043  0.6384 
   00419    0.3850   -1339.1140  0.6404 
   00420    0.3700   -1342.7486  0.6337 
   00421    0.3425   -1335.2158  0.6345 
   00422    0.3400   -1338.9580  0.6428 
   00423    0.3950   -1340.7540  0.6475 
   00424    0.3850   -1349.3444  0.6432 
   00425    0.3475   -1343.8605  0.6370 
   00426    0.3225   -1331.4567  0.6220 
   00427    0.3475   -1340.1144  0.6231 
   00428    0.4125   -1338.3091  0.6340 
   00429    0.3950   -1333.0792  0.6351 
   00430    0.3550   -1309.2993  0.6333 
   00431    0.3800   -1314.2554  0.6303 
   00432    0.4300   -1332.4661  0.6372 
   00433    0.3775   -1324.6234  0.6351 
   00434    0.3600   -1338.0224  0.6306 
   00435    0.3800   -1338.5728  0.6361 
   00436    0.4125   -1322.4780  0.6296 
   00437    0.3375   -1315.4715  0.6368 
   00438    0.4075   -1325.3235  0.6434 
   00439    0.3650   -1323.4815  0.6481 
   00440    0.3600   -1329.3048  0.6568 
   00441    0.3550   -1320.2263  0.6533 
   00442    0.3825   -1318.4425  0.6454 
   00443    0.3650   -1322.5851  0.6449 
   00444    0.3525   -1326.1917  0.6412 
   00445    0.3800   -1323.1524  0.6317 
   00446    0.3900   -1329.3586  0.6369 
   00447    0.3725   -1333.7102  0.6379 
   00448    0.3725   -1341.2103  0.6353 
   00449    0.3625   -1346.3805  0.6382 
   00450    0.3850   -1325.5832  0.6499 
   00451    0.3475   -1320.4664  0.6501 
   00452    0.3550   -1329.5208  0.6389 
   00453    0.3550   -1336.5344  0.6404 
   00454    0.3700   -1337.6969  0.6557 
   00455    0.3950   -1331.9797  0.6530 
   00456    0.3550   -1336.8664  0.6623 
   00457    0.4000   -1327.4021  0.6563 
   00458    0.3850   -1322.8390  0.6591 
   00459    0.3825   -1332.2733  0.6654 
   00460    0.4000   -1328.6256  0.6757 
   00461    0.3975   -1327.6066  0.6654 
   00462    0.3575   -1335.9905  0.6648 
   00463    0.3825   -1318.2213  0.6447 
   00464    0.3550   -1335.4509  0.6444 
   00465    0.3425   -1341.7085  0.6604 
   00466    0.3650   -1328.9373  0.6583 
   00467    0.3750   -1306.9402  0.6499 
   00468    0.3500   -1312.3219  0.6588 
   00469    0.3825   -1322.8596  0.6642 
   00470    0.4000   -1307.5767  0.6481 
   00471    0.3975   -1306.2002  0.6510 
   00472    0.4000   -1317.4592  0.6578 
   00473    0.3975   -1311.5511  0.6470 
   00474    0.3650   -1305.7111  0.6366 
   00475    0.3825   -1301.9129  0.6407 
   00476    0.3750   -1284.0310  0.6289 
   00477    0.3425   -1274.7966  0.6050 
   00478    0.3625   -1274.7035  0.6016 
   00479    0.3800   -1281.6561  0.5859 
   00480    0.3525   -1294.0553  0.5980 
   00481    0.3800   -1274.0704  0.5965 
   00482    0.4375   -1273.2475  0.5876 
   00483    0.4300   -1283.6710  0.5941 
   00484    0.3500   -1297.2405  0.6290 
   00485    0.3800   -1303.3074  0.6380 
   00486    0.3675   -1309.5933  0.6288 
   00487    0.3550   -1310.3715  0.6279 
   00488    0.3500   -1319.1177  0.6307 
   00489    0.3625   -1315.9113  0.6305 
   00490    0.3550   -1321.9526  0.6099 
   00491    0.3825   -1315.1058  0.6195 
   00492    0.4200   -1299.4693  0.6191 
   00493    0.3900   -1308.1969  0.6184 
   00494    0.4000   -1301.5458  0.6153 
   00495    0.4250   -1290.9526  0.6093 
   00496    0.3500   -1296.1211  0.6078 
   00497    0.3850   -1308.6265  0.6018 
   00498    0.3975   -1307.5186  0.6157 
   00499    0.3575   -1306.5401  0.6126 
   00500    0.3225   -1300.2526  0.6125 
   00501    0.3600   -1276.9785  0.6144 
   00502    0.3650   -1296.6746  0.6181 
   00503    0.3775   -1281.8407  0.6216 
   00504    0.3250   -1300.9262  0.6259 
   00505    0.3675   -1299.6069  0.6270 
   00506    0.4050   -1311.8920  0.6178 
   00507    0.3725   -1306.5342  0.6241 
   00508    0.3725   -1292.4769  0.6182 
   00509    0.4150   -1298.9003  0.6329 
   00510    0.3600   -1277.3498  0.6270 
   00511    0.3800   -1279.5970  0.6202 
   00512    0.4275   -1281.0984  0.6244 
   00513    0.3800   -1283.4284  0.6168 
   00514    0.3550   -1271.1062  0.5984 
   00515    0.3525   -1283.5980  0.6082 
   00516    0.3375   -1294.6217  0.6031 
   00517    0.3450   -1303.9011  0.5964 
   00518    0.3600   -1305.4926  0.5858 
   00519    0.3725   -1306.9222  0.5859 
   00520    0.4050   -1311.4801  0.5986 
   00521    0.3475   -1312.6407  0.6005 
   00522    0.3775   -1297.9846  0.6159 
   00523    0.3675   -1294.6180  0.6246 
   00524    0.3600   -1288.3374  0.6176 
   00525    0.3525   -1289.7493  0.6175 
   00526    0.4000   -1294.2432  0.6340 
   00527    0.3750   -1299.0710  0.6385 
   00528    0.3550   -1323.8817  0.6427 
   00529    0.3875   -1326.9416  0.6229 
   00530    0.3500   -1334.8999  0.6393 
   00531    0.4000   -1311.0194  0.6345 
   00532    0.3875   -1320.5264  0.6436 
   00533    0.4025   -1320.4240  0.6394 
   00534    0.4150   -1316.8704  0.6259 
   00535    0.3450   -1325.0855  0.6199 
   00536    0.3975   -1327.3183  0.6355 
   00537    0.3800   -1325.8376  0.6371 
   00538    0.3875   -1321.5014  0.6467 
   00539    0.4075   -1299.1435  0.6617 
   00540    0.4075   -1310.8651  0.6573 
   00541    0.4000   -1310.3423  0.6507 
   00542    0.3925   -1316.1533  0.6508 
   00543    0.3775   -1301.5042  0.6533 
   00544    0.3800   -1295.9573  0.6487 
   00545    0.4000   -1294.8385  0.6429 
   00546    0.3575   -1292.4779  0.6500 
   00547    0.3900   -1311.4510  0.6549 
   00548    0.3550   -1314.4243  0.6489 
   00549    0.3725   -1320.4232  0.6574 
   00550    0.3625   -1315.9482  0.6616 
   00551    0.3500   -1316.1437  0.6632 
   00552    0.3825   -1294.9536  0.6369 
   00553    0.3550   -1287.0058  0.6392 
   00554    0.3650   -1307.4184  0.6391 
   00555    0.3700   -1302.3716  0.6361 
   00556    0.3525   -1296.4782  0.6561 
   00557    0.3300   -1268.3751  0.6599 
   00558    0.3900   -1274.0169  0.6632 
   00559    0.3825   -1273.5380  0.6510 
   00560    0.3950   -1277.4136  0.6599 
   00561    0.3450   -1270.9011  0.6596 
   00562    0.3475   -1280.5036  0.6711 
   00563    0.3575   -1287.1234  0.6874 
   00564    0.3975   -1287.4385  0.6940 
   00565    0.3550   -1292.8824  0.6964 
   00566    0.4000   -1297.7545  0.7050 
   00567    0.3400   -1298.5723  0.7044 
   00568    0.3975   -1317.8372  0.7202 
   00569    0.4150   -1302.0706  0.7107 
   00570    0.3550   -1294.4045  0.6947 
   00571    0.3575   -1282.5520  0.7017 
   00572    0.3725   -1283.7854  0.7002 
   00573    0.3675   -1288.2334  0.6914 
   00574    0.3550   -1316.3365  0.7177 
   00575    0.4075   -1322.3210  0.7250 
   00576    0.3925   -1323.3525  0.7389 
   00577    0.3825   -1339.1295  0.7331 
   00578    0.3175   -1333.1330  0.7239 
   00579    0.3350   -1318.9240  0.7209 
   00580    0.3400   -1301.5822  0.7159 
   00581    0.3175   -1318.9616  0.7226 
   00582    0.3250   -1309.9244  0.7195 
   00583    0.3375   -1320.7604  0.7125 
   00584    0.3700   -1315.2056  0.7254 
   00585    0.3850   -1332.4896  0.7243 
   00586    0.3850   -1327.0049  0.7315 
   00587    0.3700   -1331.1206  0.7286 
   00588    0.3425   -1331.5642  0.7271 
   00589    0.3800   -1318.9267  0.7332 
   00590    0.3725   -1308.3447  0.7411 
   00591    0.3450   -1324.0506  0.7477 
   00592    0.3625   -1326.0292  0.7459 
   00593    0.3325   -1326.0318  0.7453 
   00594    0.3400   -1309.3920  0.7302 
   00595    0.3675   -1309.5182  0.7308 
   00596    0.3825   -1323.8350  0.7374 
   00597    0.3925   -1327.0230  0.7449 
   00598    0.3750   -1320.9897  0.7367 
   00599    0.3300   -1311.0334  0.7403 
   00600    0.3875   -1306.6127  0.7405 
   00601    0.3675   -1304.5243  0.7572 
   00602    0.3750   -1313.4263  0.7497 
   00603    0.3500   -1298.0821  0.7543 
   00604    0.3825   -1291.9392  0.7443 
   00605    0.3875   -1297.6906  0.7443 
   00606    0.3625   -1303.2935  0.7367 
   00607    0.3725   -1305.9588  0.7371 
   00608    0.3950   -1294.0308  0.7383 
   00609    0.3675   -1302.8137  0.7377 
   00610    0.3850   -1300.2119  0.7397 
   00611    0.3925   -1297.5925  0.7440 
   00612    0.3925   -1312.5164  0.7479 
   00613    0.3700   -1309.7276  0.7532 
   00614    0.3925   -1325.4088  0.7608 
   00615    0.3200   -1326.5068  0.7500 
   00616    0.4025   -1331.5950  0.7673 
   00617    0.3725   -1346.7125  0.7752 
   00618    0.3675   -1338.9355  0.7703 
   00619    0.3625   -1342.2031  0.7759 
   00620    0.3875   -1353.4459  0.7959 
   00621    0.3375   -1350.7662  0.7977 
   00622    0.3200   -1356.8589  0.7978 
   00623    0.3500   -1344.8176  0.7834 
   00624    0.3950   -1343.1420  0.7922 
   00625    0.3200   -1350.7634  0.8063 
   00626    0.3250   -1351.5281  0.8155 
   00627    0.3475   -1359.3014  0.8203 
   00628    0.3800   -1384.4693  0.8343 
   00629    0.3775   -1385.9117  0.8315 
   00630    0.3475   -1374.6445  0.8312 
   00631    0.3450   -1357.5734  0.8158 
   00632    0.3400   -1359.2598  0.8114 
   00633    0.3350   -1381.0945  0.8244 
   00634    0.3400   -1383.6001  0.8243 
   00635    0.3450   -1389.9701  0.8280 
   00636    0.3750   -1375.8551  0.8290 
   00637    0.4050   -1373.4683  0.8205 
   00638    0.3375   -1376.4200  0.8277 
   00639    0.3575   -1361.9990  0.8244 
   00640    0.3300   -1363.5355  0.8272 
   00641    0.3400   -1386.6869  0.8328 
   00642    0.3375   -1362.4858  0.8296 
   00643    0.3600   -1357.6080  0.8250 
   00644    0.3450   -1358.8033  0.8233 
   00645    0.3225   -1349.3264  0.8146 
   00646    0.3750   -1362.3574  0.8155 
   00647    0.4250   -1342.0912  0.8071 
   00648    0.4000   -1339.1297  0.8018 
   00649    0.3775   -1332.0787  0.7876 
   00650    0.4000   -1338.9951  0.7935 
   00651    0.4125   -1343.0106  0.7896 
   00652    0.3750   -1341.0099  0.7886 
   00653    0.3500   -1335.5521  0.7834 
   00654    0.3800   -1330.4536  0.7773 
   00655    0.3550   -1309.3984  0.7565 
   00656    0.3750   -1305.3802  0.7585 
   00657    0.3925   -1316.4923  0.7679 
   00658    0.3250   -1314.2618  0.7625 
   00659    0.3600   -1294.9342  0.7445 
   00660    0.3275   -1286.2882  0.7385 
   00661    0.3450   -1310.3426  0.7438 
   00662    0.3925   -1335.4449  0.7628 
   00663    0.3700   -1355.2491  0.7746 
   00664    0.3650   -1352.5982  0.7617 
   00665    0.3500   -1369.8934  0.7758 
   00666    0.3500   -1357.0739  0.7702 
   00667    0.3425   -1360.4497  0.7700 
   00668    0.4275   -1331.2602  0.7692 
   00669    0.3750   -1317.2921  0.7686 
   00670    0.3475   -1323.4843  0.7663 
   00671    0.3625   -1329.7180  0.7733 
   00672    0.4175   -1319.6160  0.7742 
   00673    0.3475   -1329.1599  0.7733 
   00674    0.3925   -1329.7317  0.7663 
   00675    0.3300   -1321.7448  0.7622 
   00676    0.3475   -1316.2886  0.7635 
   00677    0.3875   -1320.8173  0.7712 
   00678    0.4275   -1313.3141  0.7721 
   00679    0.4000   -1328.7098  0.7925 
   00680    0.3800   -1306.6312  0.7771 
   00681    0.3650   -1318.3523  0.7957 
   00682    0.3950   -1311.2220  0.7931 
   00683    0.3175   -1326.8742  0.8055 
   00684    0.4050   -1344.9450  0.8251 
   00685    0.4000   -1339.6910  0.8146 
   00686    0.3775   -1345.7738  0.8123 
   00687    0.3775   -1333.6291  0.8111 
   00688    0.3425   -1342.3814  0.8137 
   00689    0.3875   -1334.1131  0.8337 
   00690    0.4125   -1288.8158  0.8075 
   00691    0.4125   -1301.7164  0.8022 
   00692    0.3575   -1290.6668  0.8058 
   00693    0.3400   -1311.3239  0.8030 
   00694    0.3475   -1314.2104  0.7973 
   00695    0.3500   -1297.1003  0.7861 
   00696    0.3850   -1321.3566  0.8009 
   00697    0.3325   -1310.3062  0.7972 
   00698    0.3800   -1301.4148  0.7933 
   00699    0.3650   -1297.3996  0.7842 
   00700    0.3625   -1288.6979  0.7823 
   00701    0.3325   -1300.2592  0.7806 
   00702    0.3450   -1326.3603  0.7879 
   00703    0.3775   -1325.3789  0.7916 
   00704    0.4350   -1326.0922  0.7964 
   00705    0.3400   -1314.3079  0.7856 
   00706    0.3775   -1335.5016  0.7943 
   00707    0.3800   -1327.1399  0.7919 
   00708    0.3325   -1329.0736  0.7984 
   00709    0.3725   -1324.2857  0.7951 
   00710    0.3675   -1327.6483  0.7954 
   00711    0.3825   -1312.7533  0.7832 
   00712    0.3800   -1316.6909  0.7768 
   00713    0.3925   -1325.9215  0.7791 
   00714    0.3700   -1306.8430  0.7837 
   00715    0.3600   -1305.4601  0.7719 
   00716    0.3600   -1318.9695  0.7723 
   00717    0.3525   -1301.1844  0.7686 
   00718    0.3450   -1298.7475  0.7680 
   00719    0.3250   -1300.7291  0.7723 
   00720    0.3525   -1322.2384  0.7884 
   00721    0.3775   -1331.0442  0.7928 
   00722    0.3500   -1325.9422  0.7951 
   00723    0.3825   -1338.7822  0.8048 
   00724    0.3600   -1345.4960  0.8073 
   00725    0.3550   -1344.9699  0.8070 
   00726    0.3425   -1345.3123  0.8101 
   00727    0.3725   -1358.6627  0.8070 
   00728    0.3550   -1331.8248  0.7965 
   00729    0.3625   -1347.1282  0.8003 
   00730    0.3575   -1378.2893  0.8050 
   00731    0.3375   -1381.4953  0.8108 
   00732    0.3400   -1355.6838  0.8100 
   00733    0.3275   -1354.9252  0.8068 
   00734    0.3100   -1340.7175  0.8122 
   00735    0.3650   -1361.3038  0.8169 
   00736    0.3775   -1359.3002  0.8178 
   00737    0.3825   -1325.5263  0.7913 
   00738    0.3725   -1340.4526  0.7980 
   00739    0.3700   -1331.3596  0.7966 
   00740    0.3825   -1325.3197  0.7979 
   00741    0.4300   -1329.1076  0.8021 
   00742    0.3750   -1339.5552  0.8115 
   00743    0.3775   -1352.3070  0.8062 
   00744    0.3075   -1349.4344  0.8029 
   00745    0.3725   -1321.5338  0.8008 
   00746    0.3950   -1312.1164  0.7958 
   00747    0.3650   -1327.8046  0.8000 
   00748    0.3325   -1344.1487  0.7965 
   00749    0.3375   -1329.4940  0.7938 
   00750    0.3450   -1323.4289  0.7990 
   00751    0.3825   -1318.1170  0.7921 
   00752    0.3525   -1335.0844  0.7896 
   00753    0.3450   -1321.0718  0.7858 
   00754    0.3425   -1308.8438  0.7945 
   00755    0.3875   -1332.3387  0.7945 
   00756    0.3500   -1345.2911  0.8166 
   00757    0.3825   -1331.7588  0.8115 
   00758    0.3850   -1339.9294  0.8047 
   00759    0.3450   -1334.5998  0.8004 
   00760    0.3300   -1334.7407  0.8161 
   00761    0.3450   -1323.7628  0.7953 
   00762    0.3800   -1321.7002  0.7863 
   00763    0.3925   -1326.0296  0.7876 
   00764    0.3350   -1324.6175  0.7884 
   00765    0.3350   -1321.1594  0.7847 
   00766    0.4025   -1319.5090  0.7730 
   00767    0.3550   -1320.3505  0.7699 
   00768    0.3700   -1316.9648  0.7560 
   00769    0.3500   -1330.6821  0.7596 
   00770    0.3700   -1330.2605  0.7625 
   00771    0.3900   -1337.2770  0.7655 
   00772    0.3575   -1322.6429  0.7621 
   00773    0.3525   -1336.7718  0.7726 
   00774    0.3400   -1331.5121  0.7661 
   00775    0.3650   -1336.2672  0.7697 
   00776    0.3175   -1317.3393  0.7523 
   00777    0.3800   -1321.2457  0.7510 
   00778    0.3700   -1314.1831  0.7641 
   00779    0.3675   -1334.3197  0.7801 
   00780    0.3825   -1331.2931  0.7832 
   00781    0.3525   -1329.6285  0.7821 
   00782    0.3575   -1339.6700  0.7831 
   00783    0.3425   -1338.7048  0.7876 
   00784    0.3425   -1346.6909  0.7745 
   00785    0.4050   -1360.4537  0.7856 
   00786    0.3525   -1362.3986  0.7839 
   00787    0.3725   -1357.3077  0.7906 
   00788    0.3575   -1340.5374  0.7865 
   00789    0.3575   -1361.0972  0.8034 
   00790    0.3825   -1364.0178  0.7875 
   00791    0.3775   -1342.0361  0.7749 
   00792    0.3525   -1373.6359  0.7820 
   00793    0.3725   -1364.0993  0.7841 
   00794    0.3500   -1351.7981  0.7881 
   00795    0.3600   -1358.2152  0.7811 
   00796    0.3375   -1347.3215  0.7709 
   00797    0.3525   -1341.8728  0.7629 
   00798    0.3350   -1359.4578  0.7682 
   00799    0.3575   -1345.6710  0.7662 
   00800    0.3600   -1353.7070  0.7654 
   00801    0.4050   -1342.6075  0.7698 
   00802    0.3700   -1331.4235  0.7731 
   00803    0.3525   -1332.9733  0.7752 
   00804    0.3625   -1347.3809  0.7803 
   00805    0.4400   -1343.9597  0.7773 
   00806    0.3900   -1345.7295  0.7915 
   00807    0.3375   -1346.9803  0.7767 
   00808    0.3800   -1345.4713  0.7678 
   00809    0.3825   -1359.8516  0.7648 
   00810    0.3825   -1356.0253  0.7703 
   00811    0.3375   -1361.8247  0.7749 
   00812    0.3975   -1347.2210  0.7722 
   00813    0.3475   -1330.2317  0.7844 
   00814    0.3275   -1322.0632  0.7690 
   00815    0.3875   -1323.2332  0.7682 
   00816    0.3600   -1317.2492  0.7706 
   00817    0.3725   -1349.7062  0.7845 
   00818    0.3725   -1361.9549  0.7907 
   00819    0.3700   -1350.8848  0.7841 
   00820    0.3650   -1350.2916  0.7871 
   00821    0.3325   -1353.6755  0.7803 
   00822    0.3800   -1337.6546  0.7779 
   00823    0.3600   -1323.8281  0.7821 
   00824    0.3625   -1335.3252  0.7776 
   00825    0.3700   -1338.3354  0.7723 
   00826    0.3450   -1331.5432  0.7716 
   00827    0.3625   -1326.1118  0.7650 
   00828    0.3575   -1325.2796  0.7644 
   00829    0.3750   -1330.2894  0.7560 
   00830    0.3725   -1339.5470  0.7583 
   00831    0.3900   -1328.0167  0.7646 
   00832    0.3750   -1323.1189  0.7703 
   00833    0.3725   -1321.9183  0.7735 
   00834    0.3450   -1322.8172  0.7705 
   00835    0.3625   -1332.0153  0.7670 
   00836    0.3500   -1320.6621  0.7405 
   00837    0.3625   -1328.1558  0.7471 
   00838    0.3575   -1318.4556  0.7486 
   00839    0.3525   -1312.1568  0.7535 
   00840    0.3350   -1318.1289  0.7666 
   00841    0.3675   -1312.2537  0.7632 
   00842    0.3575   -1333.8431  0.7761 
   00843    0.3800   -1315.6996  0.7705 
   00844    0.3825   -1319.9141  0.7714 
   00845    0.3425   -1332.9276  0.7697 
   00846    0.4000   -1330.0040  0.7542 
   00847    0.3600   -1342.2372  0.7549 
   00848    0.3550   -1338.8583  0.7658 
   00849    0.3275   -1336.1408  0.7774 
   00850    0.3525   -1316.8782  0.7638 
   00851    0.3600   -1325.4575  0.7739 
   00852    0.3275   -1326.7292  0.7743 
   00853    0.3525   -1317.8643  0.7718 
   00854    0.3875   -1303.5056  0.7671 
   00855    0.3875   -1303.3591  0.7666 
   00856    0.3750   -1310.2004  0.7761 
   00857    0.3800   -1322.4317  0.7753 
   00858    0.3875   -1317.3872  0.7762 
   00859    0.3650   -1321.5523  0.7844 
   00860    0.3575   -1311.1775  0.7641 
   00861    0.3225   -1315.6245  0.7605 
   00862    0.3200   -1317.2462  0.7514 
   00863    0.3275   -1333.8980  0.7675 
   00864    0.3450   -1328.6931  0.7721 
   00865    0.3850   -1333.5669  0.7722 
   00866    0.3700   -1328.4567  0.7792 
   00867    0.3450   -1319.2639  0.7701 
   00868    0.3525   -1314.2758  0.7701 
   00869    0.3675   -1308.9300  0.7814 
   00870    0.3650   -1304.5609  0.7861 
   00871    0.3850   -1299.0926  0.7805 
   00872    0.3575   -1307.2367  0.7813 
   00873    0.3725   -1315.4825  0.7804 
   00874    0.3600   -1315.2070  0.7661 
   00875    0.3300   -1310.5420  0.7578 
   00876    0.3400   -1301.2216  0.7437 
   00877    0.3300   -1313.7682  0.7573 
   00878    0.3575   -1328.3343  0.7652 
   00879    0.3700   -1326.2169  0.7613 
   00880    0.3175   -1329.5957  0.7678 
   00881    0.3650   -1344.4095  0.7664 
   00882    0.3550   -1342.5551  0.7604 
   00883    0.3600   -1353.8541  0.7645 
   00884    0.3100   -1339.7608  0.7640 
   00885    0.3500   -1339.2673  0.7627 
   00886    0.3600   -1332.0218  0.7677 
   00887    0.3500   -1331.3638  0.7578 
   00888    0.3500   -1328.5726  0.7592 
   00889    0.3250   -1343.7195  0.7633 
   00890    0.3675   -1347.0923  0.7541 
   00891    0.3725   -1344.5125  0.7474 
   00892    0.3325   -1354.6444  0.7536 
   00893    0.3725   -1353.5802  0.7597 
   00894    0.3525   -1327.9599  0.7542 
   00895    0.3825   -1325.3599  0.7455 
   00896    0.3525   -1318.0664  0.7448 
   00897    0.3425   -1321.5364  0.7427 
   00898    0.3675   -1304.8697  0.7280 
   00899    0.3525   -1295.6181  0.7220 
   00900    0.3375   -1301.9727  0.7096 
   00901    0.3250   -1316.3479  0.7139 
   00902    0.3875   -1327.0218  0.6960 
   00903    0.3450   -1311.3167  0.6930 
   00904    0.3800   -1306.3593  0.6892 
   00905    0.3650   -1304.3536  0.6838 
   00906    0.3575   -1311.3555  0.6981 
   00907    0.4025   -1309.6702  0.6992 
   00908    0.3575   -1305.5780  0.6851 
   00909    0.3575   -1299.5326  0.6925 
   00910    0.3675   -1298.5653  0.7002 
   00911    0.3250   -1310.9757  0.7090 
   00912    0.3225   -1319.2431  0.7234 
   00913    0.3725   -1294.0406  0.7225 
   00914    0.3525   -1305.0408  0.7216 
   00915    0.3525   -1287.4023  0.7067 
   00916    0.3850   -1285.3264  0.7129 
   00917    0.3825   -1288.1926  0.7110 
   00918    0.3825   -1286.4040  0.7014 
   00919    0.4175   -1305.7573  0.7075 
   00920    0.3525   -1302.8535  0.7149 
   00921    0.3450   -1324.1053  0.7391 
   00922    0.3225   -1324.8036  0.7507 
   00923    0.3650   -1323.8913  0.7697 
   00924    0.3475   -1320.1181  0.7545 
   00925    0.3650   -1316.2854  0.7454 
   00926    0.3125   -1310.5187  0.7411 
   00927    0.3375   -1280.3956  0.7411 
   00928    0.4025   -1297.4335  0.7463 
   00929    0.3875   -1283.6053  0.7416 
   00930    0.3600   -1296.6157  0.7417 
   00931    0.3625   -1311.1668  0.7474 
   00932    0.3600   -1322.9791  0.7462 
   00933    0.3650   -1327.7946  0.7553 
   00934    0.4000   -1315.1071  0.7498 
   00935    0.3500   -1331.6885  0.7518 
   00936    0.3200   -1321.5199  0.7440 
   00937    0.3575   -1319.8629  0.7491 
   00938    0.3250   -1341.6179  0.7484 
   00939    0.3700   -1344.7918  0.7425 
   00940    0.3700   -1336.6903  0.7440 
   00941    0.3425   -1316.9465  0.7451 
   00942    0.3525   -1312.5548  0.7325 
   00943    0.3025   -1315.2642  0.7298 
   00944    0.4025   -1294.7969  0.7247 
   00945    0.3725   -1305.9064  0.7099 
   00946    0.3600   -1296.3157  0.7089 
   00947    0.3575   -1325.9199  0.7107 
   00948    0.3625   -1328.8092  0.7050 
   00949    0.3900   -1332.5990  0.6977 
   00950    0.3425   -1323.2385  0.6885 
   00951    0.3775   -1330.7443  0.6950 
   00952    0.3525   -1332.4320  0.7022 
   00953    0.3225   -1328.2336  0.7057 
   00954    0.3650   -1314.6482  0.7114 
   00955    0.3525   -1331.7896  0.7196 
   00956    0.3450   -1301.7950  0.7079 
   00957    0.3375   -1313.2449  0.7156 
   00958    0.3500   -1319.1766  0.7037 
   00959    0.3300   -1316.8678  0.7093 
   00960    0.3575   -1314.2365  0.7268 
   00961    0.3450   -1314.9780  0.7171 
   00962    0.4325   -1310.6591  0.7153 
   00963    0.3375   -1304.5025  0.7129 
   00964    0.3500   -1304.9922  0.7216 
   00965    0.3975   -1310.0710  0.7392 
   00966    0.3375   -1321.5670  0.7397 
   00967    0.3325   -1325.8706  0.7367 
   00968    0.4000   -1331.1182  0.7459 
   00969    0.3425   -1330.6565  0.7398 
   00970    0.3550   -1353.4760  0.7497 
   00971    0.3600   -1349.7334  0.7580 
   00972    0.3900   -1352.0476  0.7605 
   00973    0.3175   -1342.2544  0.7577 
   00974    0.3075   -1354.9282  0.7510 
   00975    0.3600   -1336.0050  0.7414 
   00976    0.3525   -1346.1866  0.7474 
   00977    0.3100   -1329.7650  0.7368 
   00978    0.3500   -1335.8689  0.7262 
   00979    0.3575   -1343.6853  0.7223 
   00980    0.3200   -1333.9358  0.7123 
   00981    0.3450   -1348.6434  0.7366 
   00982    0.3150   -1357.3679  0.7386 
   00983    0.3300   -1318.2443  0.7296 
   00984    0.3575   -1328.7940  0.7222 
   00985    0.3500   -1338.8915  0.7271 
   00986    0.3325   -1355.1345  0.7377 
   00987    0.3150   -1335.5146  0.7329 
   00988    0.3500   -1327.1015  0.7326 
   00989    0.3800   -1328.4821  0.7385 
   00990    0.3350   -1311.7032  0.7383 
   00991    0.3425   -1305.1264  0.7387 
   00992    0.3825   -1305.0350  0.7532 
   00993    0.3225   -1277.0229  0.7333 
   00994    0.3525   -1294.6014  0.7329 
   00995    0.3450   -1289.6404  0.7295 
   00996    0.3900   -1290.7619  0.7179 
   00997    0.3525   -1294.1181  0.7277 
   00998    0.3475   -1297.7859  0.7150 
   00999    0.3700   -1309.6313  0.7095 
   01000    0.3550   -1303.2080  0.7128 
