#=====================================================
# File created:        Tue-25-Feb-2025-at-08-51-50PM
# Size of lattice:     20x20
# Number of MC steps:  1000
# Reduced temperature: 0.500
# Run time (s):        1.311458
#=====================================================
# MC step:  Ratio:     Energy:   Order:
#=====================================================
   00000    0.5000    -399.8947  0.2876 
   00001    0.7050    -601.8903  0.2811 
   00002    0.5925    -756.5002  0.3242 
   00003    0.5650    -867.5678  0.3354 
   00004    0.5750    -908.0504  0.3354 
   00005    0.5150    -967.7891  0.3524 
   00006    0.5125   -1001.6440  0.3486 
   00007    0.4950   -1016.4237  0.3436 
   00008    0.5050   -1061.2175  0.3613 
   00009    0.5150   -1096.8991  0.3583 
   00010    0.4950   -1145.3709  0.3573 
   00011    0.4825   -1195.4063  0.3659 
   00012    0.4825   -1200.6895  0.3423 
   00013    0.4550   -1224.2519  0.3638 
   00014    0.4525   -1230.6463  0.3522 
   00015    0.4425   -1242.1590  0.3659 
   00016    0.4825   -1242.9211  0.3542 
   00017    0.4525   -1260.8842  0.3768 
   00018    0.4200   -1269.3684  0.3793 
   00019    0.3775   -1257.9511  0.3837 
   00020    0.4250   -1246.2564  0.3924 
   00021    0.4225   -1244.8878  0.3848 
   00022    0.4250   -1253.3079  0.3890 
   00023    0.4575   -1268.9160  0.4002 
   00024    0.4300   -1260.8493  0.3990 
   00025    0.4275   -1274.4458  0.4190 
   00026    0.4275   -1282.2451  0.4142 
   00027    0.4225   -1271.7675  0.4187 
   00028    0.4275   -1264.2403  0.4187 
   00029    0.4225   -1282.6104  0.4016 
   00030    0.4100   -1282.3414  0.4014 
   00031    0.4350   -1278.0168  0.3975 
   00032    0.4325   -1265.4670  0.3942 
   00033    0.3600   -1251.9959  0.4094 
   00034    0.4275   -1243.5710  0.4330 
   00035    0.4400   -1259.7790  0.4230 
   00036    0.4175   -1256.7265  0.4426 
   00037    0.4550   -1262.8001  0.4530 
   00038    0.4550   -1289.5629  0.4532 
   00039    0.3975   -1290.3438  0.4646 
   00040    0.4250   -1305.0044  0.4679 
   00041    0.4400   -1296.3720  0.4684 
   00042    0.4050   -1307.8638  0.4583 
   00043    0.4325   -1319.5980  0.4708 
   00044    0.4225   -1323.5484  0.4836 
   00045    0.3775   -1325.3858  0.5100 
   00046    0.4525   -1330.9780  0.4874 
   00047    0.4100   -1324.2522  0.4892 
   00048    0.4125   -1341.6471  0.4978 
   00049    0.4150   -1357.2892  0.4858 
   00050    0.4175   -1328.1791  0.4705 
   00051    0.4350   -1321.5688  0.4882 
   00052    0.4625   -1313.2251  0.4717 
   00053    0.4000   -1307.3674  0.4648 
   00054    0.4250   -1315.8738  0.4848 
   00055    0.4275   -1312.3923  0.4829 
   00056    0.3675   -1324.2349  0.4803 
   00057    0.4125   -1324.6781  0.4856 
   00058    0.4175   -1316.6632  0.4944 
   00059    0.4050   -1328.6750  0.4965 
   00060    0.4050   -1324.5735  0.4907 
   00061    0.4775   -1325.6765  0.5050 
   00062    0.4250   -1320.3095  0.4908 
   00063    0.4575   -1334.6024  0.4818 
   00064    0.3925   -1339.5712  0.4839 
   00065    0.3975   -1348.5934  0.4980 
   00066    0.4375   -1363.6100  0.4950 
   00067    0.4375   -1359.1276  0.4946 
   00068    0.3900   -1347.6793  0.4896 
   00069    0.4175   -1338.3605  0.4782 
   00070    0.4325   -1337.2137  0.4691 
   00071    0.4175   -1335.8992  0.4656 
   00072    0.4625   -1334.9396  0.4557 
   00073    0.4400   -1335.8750  0.4742 
   00074    0.4400   -1328.3456  0.4933 
   00075    0.4500   -1349.8798  0.5035 
   00076    0.4200   -1342.0218  0.5205 
   00077    0.4000   -1338.9581  0.5067 
   00078    0.4575   -1340.1744  0.5175 
   00079    0.4075   -1350.0055  0.5238 
   00080    0.3775   -1345.4521  0.5237 
   00081    0.4300   -1332.7114  0.5113 
   00082    0.4250   -1338.7778  0.5197 
   00083    0.4475   -1340.8612  0.5313 
   00084    0.3775   -1349.1253  0.5391 
   00085    0.4250   -1347.9381  0.5435 
   00086    0.4425   -1338.9047  0.5368 
   00087    0.4350   -1349.4080  0.5345 
   00088    0.3900   -1351.5193  0.5366 
   00089    0.4250   -1366.8608  0.5341 
   00090    0.4225   -1360.3718  0.5357 
   00091    0.3900   -1371.2006  0.5520 
   00092    0.4200   -1365.6958  0.5530 
   00093    0.3825   -1361.7408  0.5565 
   00094    0.3775   -1364.3533  0.5662 
   00095    0.3825   -1359.0311  0.5721 
   00096    0.4000   -1351.4333  0.5623 
   00097    0.4500   -1339.4991  0.5520 
   00098    0.4425   -1335.7659  0.5529 
   00099    0.3850   -1329.4016  0.5570 
   00100    0.4625   -1320.3582  0.5590 
   00101    0.4275   -1335.8326  0.5602 
   00102    0.4100   -1327.3096  0.5534 
   00103    0.4025   -1359.5588  0.5640 
   00104    0.3700   -1360.6468  0.5660 
   00105    0.3900   -1340.9967  0.5612 
   00106    0.4375   -1330.4227  0.5569 
   00107    0.3925   -1307.2749  0.5476 
   00108    0.4450   -1316.6617  0.5713 
   00109    0.4475   -1328.6521  0.5677 
   00110    0.4150   -1328.4252  0.5998 
   00111    0.4300   -1321.1283  0.6059 
   00112    0.4150   -1318.7633  0.5970 
   00113    0.4050   -1343.4304  0.5880 
   00114    0.4050   -1328.3709  0.5814 
   00115    0.4200   -1342.3636  0.5944 
   00116    0.4050   -1327.0489  0.5972 
   00117    0.4075   -1312.3891  0.5971 
   00118    0.4025   -1316.9941  0.6003 
   00119    0.4025   -1335.4295  0.6006 
   00120    0.4400   -1324.4625  0.6201 
   00121    0.4275   -1330.6146  0.6239 
   00122    0.4400   -1324.5915  0.6256 
   00123    0.3750   -1330.6084  0.6383 
   00124    0.4000   -1319.6857  0.6369 
   00125    0.4100   -1338.8551  0.6464 
   00126    0.4300   -1322.2395  0.6474 
   00127    0.4250   -1320.5357  0.6362 
   00128    0.4300   -1327.3778  0.6528 
   00129    0.4450   -1333.9857  0.6487 
   00130    0.3650   -1334.3008  0.6540 
   00131    0.4200   -1338.5157  0.6589 
   00132    0.3900   -1348.4419  0.6778 
   00133    0.4525   -1337.7954  0.6653 
   00134    0.4200   -1354.7467  0.6790 
   00135    0.4125   -1340.8372  0.6849 
   00136    0.3825   -1324.5047  0.6742 
   00137    0.4600   -1339.1976  0.6851 
   00138    0.4050   -1338.2174  0.6787 
   00139    0.3675   -1342.9719  0.6836 
   00140    0.3900   -1352.4739  0.6963 
   00141    0.4075   -1371.4132  0.6942 
   00142    0.4200   -1337.1370  0.6896 
   00143    0.4400   -1334.7712  0.6772 
   00144    0.3950   -1341.7056  0.6799 
   00145    0.4075   -1339.2832  0.6826 
   00146    0.4175   -1325.8052  0.6867 
   00147    0.3925   -1325.9577  0.6938 
   00148    0.4100   -1361.6184  0.7067 
   00149    0.4000   -1355.0265  0.7147 
   00150    0.3950   -1360.1575  0.7279 
   00151    0.4150   -1355.7780  0.7289 
   00152    0.4350   -1347.2635  0.7166 
   00153    0.3975   -1352.3498  0.7256 
   00154    0.4225   -1334.4958  0.7214 
   00155    0.4200   -1327.2319  0.7120 
   00156    0.4700   -1330.6886  0.7250 
   00157    0.4300   -1352.0638  0.7269 
   00158    0.4100   -1321.7313  0.7258 
   00159    0.4075   -1321.3450  0.7147 
   00160    0.3675   -1340.3237  0.7026 
   00161    0.3725   -1325.1695  0.6912 
   00162    0.4625   -1335.8789  0.6931 
   00163    0.4425   -1324.2097  0.6976 
   00164    0.3850   -1344.4628  0.7113 
   00165    0.4350   -1347.0364  0.7162 
   00166    0.4125   -1358.9224  0.7177 
   00167    0.4050   -1370.9165  0.7234 
   00168    0.3975   -1356.6160  0.7138 
   00169    0.4500   -1384.1670  0.7221 
   00170    0.3675   -1378.3586  0.7335 
   00171    0.4400   -1378.9356  0.7290 
   00172    0.4050   -1375.7837  0.7203 
   00173    0.3950   -1380.7791  0.7204 
   00174    0.4300   -1377.4997  0.7207 
   00175    0.4150   -1365.2664  0.7060 
   00176    0.4050   -1374.3591  0.7133 
   00177    0.4250   -1368.3059  0.7265 
   00178    0.4075   -1366.6922  0.7248 
   00179    0.4000   -1358.2740  0.7200 
   00180    0.4125   -1351.8962  0.7087 
   00181    0.4025   -1331.0920  0.6860 
   00182    0.4500   -1324.1434  0.7058 
   00183    0.4725   -1341.5929  0.7139 
   00184    0.4000   -1332.3998  0.7041 
   00185    0.4375   -1339.3636  0.7005 
   00186    0.3925   -1331.0560  0.7082 
   00187    0.4400   -1314.8049  0.7119 
   00188    0.4525   -1337.4164  0.7172 
   00189    0.4225   -1338.0330  0.7104 
   00190    0.4175   -1348.7028  0.7068 
   00191    0.3850   -1341.9726  0.7059 
   00192    0.4275   -1340.4448  0.7132 
   00193    0.3825   -1329.2685  0.7092 
   00194    0.4600   -1334.7469  0.7201 
   00195    0.4050   -1344.1510  0.7204 
   00196    0.4225   -1343.3902  0.7274 
   00197    0.3875   -1340.8485  0.7333 
   00198    0.4125   -1356.7249  0.7389 
   00199    0.4375   -1362.4252  0.7494 
   00200    0.4375   -1348.3762  0.7319 
   00201    0.4450   -1345.1913  0.7242 
   00202    0.3850   -1347.5574  0.7299 
   00203    0.3775   -1358.8921  0.7320 
   00204    0.3675   -1367.6226  0.7468 
   00205    0.3925   -1350.3384  0.7448 
   00206    0.4300   -1348.1171  0.7525 
   00207    0.3850   -1347.8478  0.7614 
   00208    0.4175   -1353.9717  0.7777 
   00209    0.4375   -1353.0332  0.7910 
   00210    0.3750   -1360.2934  0.7892 
   00211    0.4400   -1368.2969  0.7824 
   00212    0.3825   -1375.5559  0.7871 
   00213    0.4325   -1365.5533  0.7972 
   00214    0.4100   -1386.1723  0.8114 
   00215    0.3975   -1391.5075  0.8153 
   00216    0.3850   -1382.2717  0.7990 
   00217    0.4225   -1386.3124  0.8161 
   00218    0.3875   -1386.2161  0.8192 
   00219    0.3625   -1371.7081  0.8136 
   00220    0.3800   -1377.8325  0.8088 
   00221    0.4525   -1371.2049  0.8108 
   00222    0.4025   -1363.3158  0.8003 
   00223    0.4150   -1355.5248  0.8021 
   00224    0.4275   -1361.0290  0.8034 
   00225    0.3875   -1362.8165  0.7989 
   00226    0.3700   -1370.2303  0.8099 
   00227    0.3750   -1380.1576  0.8182 
   00228    0.4350   -1388.4647  0.8150 
   00229    0.3700   -1384.1376  0.8138 
   00230    0.4500   -1377.2610  0.8002 
   00231    0.4075   -1383.5853  0.8113 
   00232    0.4100   -1372.6878  0.8103 
   00233    0.4625   -1377.0837  0.8039 
   00234    0.3875   -1362.6299  0.8071 
   00235    0.4350   -1367.3838  0.7965 
   00236    0.3925   -1385.4091  0.7913 
   00237    0.4275   -1375.8221  0.8038 
   00238    0.4075   -1378.6807  0.8059 
   00239    0.3750   -1381.0256  0.8092 
   00240    0.4050   -1399.2694  0.8113 
   00241    0.4100   -1388.3505  0.8068 
   00242    0.4225   -1390.2452  0.8065 
   00243    0.3825   -1383.2010  0.8119 
   00244    0.3650   -1385.0325  0.8148 
   00245    0.4150   -1380.2218  0.8127 
   00246    0.3900   -1370.9417  0.8091 
   00247    0.3850   -1367.9475  0.8038 
   00248    0.3675   -1374.8680  0.7965 
   00249    0.4250   -1370.1366  0.7867 
   00250    0.4250   -1366.5796  0.7899 
   00251    0.3975   -1361.8838  0.7757 
   00252    0.4075   -1371.9179  0.7859 
   00253    0.4275   -1373.0940  0.7874 
   00254    0.3975   -1380.6110  0.7974 
   00255    0.4225   -1393.9920  0.7920 
   00256    0.3850   -1400.4680  0.7906 
   00257    0.4325   -1400.9631  0.7784 
   00258    0.4100   -1393.2645  0.7714 
   00259    0.3825   -1392.7216  0.7816 
   00260    0.4075   -1387.0034  0.7706 
   00261    0.4000   -1399.1419  0.7869 
   00262    0.4150   -1390.2332  0.7875 
   00263    0.4150   -1389.2037  0.7828 
   00264    0.4075   -1375.7481  0.7691 
   00265    0.3850   -1383.3843  0.7868 
   00266    0.3750   -1372.3542  0.7765 
   00267    0.4250   -1392.3495  0.7839 
   00268    0.3950   -1385.6843  0.7954 
   00269    0.4025   -1372.1552  0.7944 
   00270    0.3825   -1385.3844  0.8026 
   00271    0.4725   -1394.5402  0.8037 
   00272    0.3925   -1393.0078  0.8046 
   00273    0.4325   -1381.6882  0.8005 
   00274    0.4325   -1384.5745  0.8007 
   00275    0.3350   -1388.1899  0.8084 
   00276    0.4050   -1381.8924  0.8040 
   00277    0.4225   -1372.4010  0.8030 
   00278    0.4175   -1377.0160  0.8116 
   00279    0.4350   -1359.0712  0.8070 
   00280    0.4225   -1373.6272  0.8239 
   00281    0.4150   -1373.3362  0.8216 
   00282    0.3675   -1359.6161  0.8141 
   00283    0.4300   -1355.8914  0.8039 
   00284    0.3775   -1374.7380  0.8205 
   00285    0.4175   -1387.6191  0.8196 
   00286    0.4075   -1377.4007  0.8150 
   00287    0.3950   -1389.9379  0.8285 
   00288    0.4050   -1394.8293  0.8367 
   00289    0.4250   -1383.3709  0.8238 
   00290    0.4325   -1387.8558  0.8373 
   00291    0.4000   -1386.4864  0.8359 
   00292    0.4000   -1399.7720  0.8526 
   00293    0.3900   -1389.3465  0.8462 
   00294    0.4150   -1391.6333  0.8548 
   00295    0.3575   -1385.2335  0.8476 
   00296    0.4300   -1370.9788  0.8422 
   00297    0.3700   -1381.0868  0.8526 
   00298    0.4300   -1378.4741  0.8533 
   00299    0.4325   -1389.5980  0.8541 
   00300    0.3925   -1384.6632  0.8467 
   00301    0.3675   -1385.4795  0.8524 
   00302    0.4300   -1371.5211  0.8465 
   00303    0.4125   -1364.3466  0.8477 
   00304    0.4725   -1366.9788  0.8424 
   00305    0.4050   -1388.2127  0.8470 
   00306    0.3950   -1390.9227  0.8562 
   00307    0.3875   -1369.7896  0.8493 
   00308    0.4050   -1356.2438  0.8436 
   00309    0.3925   -1340.2459  0.8457 
   00310    0.3850   -1362.5408  0.8592 
   00311    0.4500   -1336.7087  0.8442 
   00312    0.4375   -1371.2746  0.8526 
   00313    0.3700   -1366.2016  0.8570 
   00314    0.4300   -1385.2208  0.8612 
   00315    0.3675   -1394.2386  0.8694 
   00316    0.4150   -1360.5513  0.8583 
   00317    0.4150   -1373.2770  0.8617 
   00318    0.3750   -1380.2317  0.8618 
   00319    0.4150   -1374.5312  0.8613 
   00320    0.4000   -1376.5509  0.8620 
   00321    0.4325   -1369.1185  0.8546 
   00322    0.4000   -1387.0323  0.8697 
   00323    0.4275   -1386.4535  0.8681 
   00324    0.3600   -1366.2998  0.8662 
   00325    0.4225   -1357.0562  0.8610 
   00326    0.4125   -1361.5343  0.8540 
   00327    0.3675   -1363.5710  0.8451 
   00328    0.4225   -1366.8607  0.8452 
   00329    0.4350   -1382.5158  0.8522 
   00330    0.3775   -1377.6254  0.8549 
   00331    0.3725   -1383.5315  0.8589 
   00332    0.4075   -1380.3385  0.8592 
   00333    0.3950   -1381.3353  0.8566 
   00334    0.4275   -1365.6937  0.8519 
   00335    0.4300   -1355.8869  0.8421 
   00336    0.3625   -1376.1832  0.8486 
   00337    0.4425   -1372.4433  0.8416 
   00338    0.4000   -1384.2579  0.8464 
   00339    0.4075   -1376.5147  0.8437 
   00340    0.3825   -1376.4734  0.8564 
   00341    0.4375   -1371.4482  0.8478 
   00342    0.4000   -1388.2748  0.8543 
   00343    0.4675   -1374.6603  0.8545 
   00344    0.3925   -1358.8889  0.8456 
   00345    0.4225   -1371.3919  0.8443 
   00346    0.4300   -1365.9050  0.8438 
   00347    0.3975   -1370.5789  0.8451 
   00348    0.4000   -1382.4022  0.8618 
   00349    0.3925   -1382.1931  0.8585 
   00350    0.4500   -1362.1330  0.8554 
   00351    0.4175   -1372.7130  0.8569 
   00352    0.3850   -1369.4966  0.8467 
   00353    0.3500   -1368.9674  0.8494 
   00354    0.4025   -1374.8648  0.8583 
   00355    0.4225   -1361.4885  0.8563 
   00356    0.4175   -1342.5806  0.8481 
   00357    0.4325   -1353.0067  0.8533 
   00358    0.4125   -1380.3444  0.8747 
   00359    0.3975   -1365.2754  0.8702 
   00360    0.4450   -1375.0626  0.8714 
   00361    0.3850   -1383.4769  0.8757 
   00362    0.4250   -1387.2763  0.8778 
   00363    0.3725   -1385.5368  0.8589 
   00364    0.4025   -1400.8412  0.8642 
   00365    0.3675   -1390.4108  0.8697 
   00366    0.4150   -1371.5151  0.8618 
   00367    0.4125   -1357.7207  0.8565 
   00368    0.3975   -1364.8535  0.8496 
   00369    0.3975   -1359.1317  0.8460 
   00370    0.4000   -1350.8263  0.8253 
   00371    0.3900   -1363.6960  0.8386 
   00372    0.4400   -1350.7525  0.8359 
   00373    0.4050   -1344.1175  0.8251 
   00374    0.3450   -1374.8034  0.8402 
   00375    0.4000   -1371.3164  0.8465 
   00376    0.4025   -1380.1516  0.8475 
   00377    0.4200   -1388.1607  0.8523 
   00378    0.4100   -1400.7653  0.8550 
   00379    0.4000   -1393.3354  0.8540 
   00380    0.3600   -1384.1098  0.8523 
   00381    0.4350   -1377.1058  0.8499 
   00382    0.4000   -1367.6933  0.8483 
   00383    0.4225   -1357.0375  0.8501 
   00384    0.3925   -1364.9992  0.8488 
   00385    0.3925   -1370.2497  0.8558 
   00386    0.4400   -1380.0703  0.8647 
   00387    0.4150   -1373.8639  0.8585 
   00388    0.3925   -1366.2712  0.8536 
   00389    0.4050   -1363.8930  0.8505 
   00390    0.4100   -1365.1122  0.8514 
   00391    0.4000   -1370.4603  0.8541 
   00392    0.4450   -1386.6223  0.8506 
   00393    0.3925   -1374.8183  0.8475 
   00394    0.4625   -1356.9169  0.8443 
   00395    0.4075   -1353.4628  0.8416 
   00396    0.4400   -1338.7873  0.8264 
   00397    0.4150   -1347.3168  0.8447 
   00398    0.3950   -1356.9717  0.8466 
   00399    0.3975   -1353.5773  0.8477 
   00400    0.4150   -1365.8753  0.8596 
   00401    0.4025   -1359.9741  0.8577 
   00402    0.4450   -1383.4119  0.8693 
   00403    0.3925   -1377.1076  0.8644 
   00404    0.3900   -1391.1961  0.8737 
   00405    0.3675   -1376.9794  0.8739 
   00406    0.4200   -1382.0530  0.8727 
   00407    0.4150   -1377.7204  0.8644 
   00408    0.3850   -1372.1887  0.8638 
   00409    0.4300   -1372.1968  0.8632 
   00410    0.4450   -1366.4545  0.8648 
   00411    0.4150   -1356.6425  0.8550 
   00412    0.3850   -1354.5003  0.8561 
   00413    0.4225   -1360.2497  0.8575 
   00414    0.4000   -1365.1498  0.8544 
   00415    0.4125   -1382.5717  0.8589 
   00416    0.4325   -1379.4026  0.8583 
   00417    0.4225   -1369.5826  0.8497 
   00418    0.3900   -1374.9349  0.8482 
   00419    0.3650   -1378.5378  0.8453 
   00420    0.4275   -1385.4969  0.8537 
   00421    0.4200   -1374.8269  0.8527 
   00422    0.3900   -1365.1688  0.8472 
   00423    0.4250   -1388.9613  0.8597 
   00424    0.4050   -1374.7883  0.8609 
   00425    0.4150   -1365.9733  0.8565 
   00426    0.3825   -1372.9641  0.8477 
   00427    0.4100   -1372.9124  0.8492 
   00428    0.3900   -1383.6971  0.8527 
   00429    0.4375   -1377.1327  0.8568 
   00430    0.4075   -1384.5603  0.8499 
   00431    0.3800   -1368.5805  0.8521 
   00432    0.3775   -1370.0553  0.8506 
   00433    0.4125   -1386.3231  0.8509 
   00434    0.4450   -1404.7310  0.8615 
   00435    0.4125   -1405.7445  0.8664 
   00436    0.4100   -1403.6615  0.8677 
   00437    0.3875   -1388.0132  0.8618 
   00438    0.3900   -1395.1132  0.8652 
   00439    0.4200   -1404.8314  0.8664 
   00440    0.4025   -1397.9199  0.8655 
   00441    0.4050   -1404.7267  0.8654 
   00442    0.4300   -1395.0383  0.8618 
   00443    0.3975   -1389.2949  0.8536 
   00444    0.4175   -1389.0876  0.8601 
   00445    0.4200   -1368.2291  0.8663 
   00446    0.4150   -1387.8404  0.8673 
   00447    0.3900   -1381.3528  0.8613 
   00448    0.3925   -1371.2874  0.8479 
   00449    0.3925   -1373.1917  0.8472 
   00450    0.4000   -1404.9755  0.8690 
   00451    0.3575   -1406.9054  0.8673 
   00452    0.4000   -1392.5455  0.8660 
   00453    0.4275   -1390.5687  0.8689 
   00454    0.3975   -1393.4634  0.8691 
   00455    0.4200   -1399.8836  0.8695 
   00456    0.4050   -1377.3661  0.8669 
   00457    0.4175   -1387.3190  0.8678 
   00458    0.3825   -1374.2945  0.8650 
   00459    0.4125   -1384.6465  0.8725 
   00460    0.4000   -1386.6186  0.8721 
   00461    0.4025   -1365.3955  0.8585 
   00462    0.4025   -1381.1129  0.8602 
   00463    0.3950   -1388.8540  0.8697 
   00464    0.4200   -1384.5875  0.8681 
   00465    0.4150   -1379.4205  0.8709 
   00466    0.3625   -1385.3972  0.8864 
   00467    0.4050   -1369.9896  0.8786 
   00468    0.4475   -1352.9924  0.8650 
   00469    0.4025   -1348.0534  0.8573 
   00470    0.3975   -1351.3466  0.8586 
   00471    0.3825   -1368.3261  0.8642 
   00472    0.4100   -1373.9102  0.8711 
   00473    0.4025   -1360.8816  0.8640 
   00474    0.3925   -1396.2761  0.8723 
   00475    0.3400   -1396.2691  0.8730 
   00476    0.4325   -1380.0442  0.8634 
   00477    0.4225   -1380.7914  0.8623 
   00478    0.4375   -1366.0274  0.8445 
   00479    0.4300   -1379.3924  0.8496 
   00480    0.4700   -1342.8918  0.8331 
   00481    0.4275   -1354.2978  0.8403 
   00482    0.4075   -1347.5991  0.8292 
   00483    0.3900   -1352.5066  0.8244 
   00484    0.4075   -1351.3565  0.8338 
   00485    0.4275   -1357.9556  0.8379 
   00486    0.4525   -1360.0246  0.8364 
   00487    0.4600   -1352.3490  0.8315 
   00488    0.4475   -1365.9461  0.8371 
   00489    0.3800   -1381.2487  0.8462 
   00490    0.4125   -1364.2734  0.8385 
   00491    0.4300   -1359.3411  0.8334 
   00492    0.4225   -1356.1723  0.8378 
   00493    0.4775   -1366.3125  0.8425 
   00494    0.4525   -1379.9506  0.8509 
   00495    0.3875   -1386.1635  0.8623 
   00496    0.3825   -1393.0485  0.8603 
   00497    0.3850   -1373.8277  0.8451 
   00498    0.4175   -1371.9522  0.8505 
   00499    0.3775   -1378.5791  0.8550 
   00500    0.4175   -1398.8663  0.8503 
   00501    0.4275   -1373.6767  0.8342 
   00502    0.4250   -1365.8263  0.8326 
   00503    0.4100   -1346.0175  0.8300 
   00504    0.4650   -1369.2519  0.8454 
   00505    0.4325   -1369.1496  0.8451 
   00506    0.4450   -1370.4508  0.8540 
   00507    0.3850   -1373.2007  0.8507 
   00508    0.4175   -1371.0667  0.8472 
   00509    0.4225   -1380.3106  0.8443 
   00510    0.4500   -1383.3539  0.8399 
   00511    0.4250   -1386.6388  0.8510 
   00512    0.3900   -1378.9487  0.8486 
   00513    0.4225   -1377.3786  0.8538 
   00514    0.3825   -1388.9816  0.8474 
   00515    0.4050   -1386.1965  0.8536 
   00516    0.4050   -1375.5083  0.8563 
   00517    0.3650   -1376.2683  0.8661 
   00518    0.3775   -1379.6173  0.8700 
   00519    0.3725   -1392.8041  0.8804 
   00520    0.3925   -1403.2642  0.8836 
   00521    0.4150   -1396.2883  0.8794 
   00522    0.4225   -1379.8040  0.8712 
   00523    0.3750   -1378.6697  0.8677 
   00524    0.4250   -1370.3712  0.8617 
   00525    0.4100   -1363.3772  0.8544 
   00526    0.3975   -1382.2876  0.8550 
   00527    0.4200   -1374.3155  0.8608 
   00528    0.3825   -1378.6517  0.8660 
   00529    0.3875   -1374.7691  0.8578 
   00530    0.4325   -1386.4060  0.8680 
   00531    0.4000   -1388.3999  0.8686 
   00532    0.3800   -1385.2382  0.8671 
   00533    0.3825   -1386.6561  0.8631 
   00534    0.4250   -1398.3296  0.8685 
   00535    0.3950   -1376.9438  0.8565 
   00536    0.4525   -1375.4118  0.8625 
   00537    0.4225   -1371.4923  0.8607 
   00538    0.3725   -1375.5494  0.8534 
   00539    0.4325   -1383.4916  0.8656 
   00540    0.4225   -1384.3708  0.8629 
   00541    0.4050   -1384.8328  0.8630 
   00542    0.4050   -1383.6510  0.8683 
   00543    0.4100   -1375.6131  0.8652 
   00544    0.3850   -1374.9265  0.8676 
   00545    0.4100   -1384.6605  0.8665 
   00546    0.3850   -1403.0408  0.8741 
   00547    0.3900   -1373.9084  0.8598 
   00548    0.4200   -1380.4371  0.8695 
   00549    0.4225   -1393.9704  0.8727 
   00550    0.4200   -1396.1846  0.8776 
   00551    0.3950   -1394.1647  0.8683 
   00552    0.4000   -1387.1778  0.8656 
   00553    0.4100   -1386.5520  0.8690 
   00554    0.3875   -1376.5393  0.8701 
   00555    0.3950   -1394.2373  0.8810 
   00556    0.3900   -1406.0543  0.8851 
   00557    0.3800   -1405.2879  0.8879 
   00558    0.4225   -1396.1364  0.8827 
   00559    0.4325   -1405.3004  0.8837 
   00560    0.4075   -1411.9571  0.8918 
   00561    0.3625   -1410.0593  0.8983 
   00562    0.3900   -1407.9170  0.8930 
   00563    0.3950   -1410.4756  0.8872 
   00564    0.4075   -1408.6877  0.8781 
   00565    0.3875   -1407.0836  0.8781 
   00566    0.3650   -1412.9491  0.8778 
   00567    0.4200   -1403.5914  0.8728 
   00568    0.3425   -1400.6153  0.8754 
   00569    0.3975   -1375.1041  0.8637 
   00570    0.4275   -1372.0520  0.8648 
   00571    0.4275   -1373.3325  0.8678 
   00572    0.4225   -1393.5763  0.8702 
   00573    0.3475   -1384.4169  0.8763 
   00574    0.3900   -1386.2845  0.8756 
   00575    0.4175   -1378.3819  0.8725 
   00576    0.4175   -1383.4764  0.8748 
   00577    0.4225   -1381.1867  0.8699 
   00578    0.4350   -1392.1069  0.8701 
   00579    0.4125   -1395.3166  0.8723 
   00580    0.4075   -1402.2753  0.8627 
   00581    0.4250   -1391.5994  0.8652 
   00582    0.4025   -1392.9470  0.8709 
   00583    0.4125   -1397.0024  0.8711 
   00584    0.4125   -1394.4256  0.8698 
   00585    0.3925   -1388.1838  0.8676 
   00586    0.3800   -1408.4049  0.8654 
   00587    0.4100   -1402.4509  0.8637 
   00588    0.3975   -1413.4232  0.8634 
   00589    0.3575   -1405.4724  0.8681 
   00590    0.4175   -1399.7744  0.8614 
   00591    0.4275   -1393.4039  0.8586 
   00592    0.4100   -1402.6241  0.8614 
   00593    0.4125   -1386.0510  0.8538 
   00594    0.4125   -1393.8637  0.8569 
   00595    0.3775   -1392.0773  0.8546 
   00596    0.4350   -1395.8616  0.8593 
   00597    0.3950   -1390.2173  0.8658 
   00598    0.3925   -1389.0548  0.8692 
   00599    0.4300   -1369.1267  0.8612 
   00600    0.4275   -1378.9290  0.8732 
   00601    0.4300   -1378.1528  0.8757 
   00602    0.3950   -1398.4987  0.8767 
   00603    0.4075   -1395.9838  0.8759 
   00604    0.3850   -1382.8098  0.8706 
   00605    0.3800   -1378.0349  0.8649 
   00606    0.3575   -1373.2141  0.8711 
   00607    0.3675   -1382.6592  0.8738 
   00608    0.3950   -1379.2352  0.8602 
   00609    0.3800   -1379.6466  0.8633 
   00610    0.3975   -1368.1393  0.8555 
   00611    0.4600   -1372.3921  0.8556 
   00612    0.4250   -1381.3026  0.8658 
   00613    0.3950   -1374.9091  0.8529 
   00614    0.4625   -1381.0233  0.8567 
   00615    0.3675   -1387.1059  0.8623 
   00616    0.4100   -1372.6920  0.8522 
   00617    0.4075   -1371.9403  0.8542 
   00618    0.4400   -1379.8947  0.8610 
   00619    0.4175   -1378.9873  0.8620 
   00620    0.4050   -1405.6706  0.8813 
   00621    0.4175   -1399.3559  0.8822 
   00622    0.4675   -1382.7270  0.8772 
   00623    0.4275   -1387.2354  0.8766 
   00624    0.4375   -1394.4297  0.8787 
   00625    0.4100   -1400.7307  0.8857 
   00626    0.3950   -1394.8105  0.8838 
   00627    0.4150   -1392.8408  0.8761 
   00628    0.4350   -1393.5599  0.8772 
   00629    0.3800   -1392.6132  0.8762 
   00630    0.4150   -1381.7761  0.8706 
   00631    0.4075   -1376.2488  0.8591 
   00632    0.3875   -1374.5686  0.8588 
   00633    0.4100   -1385.9842  0.8677 
   00634    0.3775   -1392.3039  0.8702 
   00635    0.3900   -1402.5534  0.8695 
   00636    0.4000   -1384.0810  0.8706 
   00637    0.3925   -1371.6770  0.8603 
   00638    0.4275   -1366.5545  0.8498 
   00639    0.4400   -1369.5432  0.8607 
   00640    0.4275   -1390.4798  0.8641 
   00641    0.4075   -1378.0963  0.8546 
   00642    0.3825   -1390.3604  0.8631 
   00643    0.4300   -1371.9536  0.8514 
   00644    0.3850   -1382.7231  0.8539 
   00645    0.3700   -1394.0763  0.8634 
   00646    0.4325   -1376.0908  0.8529 
   00647    0.4350   -1356.4923  0.8562 
   00648    0.4150   -1369.9290  0.8538 
   00649    0.3775   -1374.9464  0.8576 
   00650    0.3925   -1381.3975  0.8578 
   00651    0.4000   -1376.8133  0.8639 
   00652    0.4325   -1383.7981  0.8613 
   00653    0.4400   -1390.2367  0.8618 
   00654    0.4100   -1382.2990  0.8584 
   00655    0.4225   -1350.3904  0.8496 
   00656    0.4075   -1341.5263  0.8465 
   00657    0.3950   -1353.4297  0.8560 
   00658    0.4250   -1360.1025  0.8640 
   00659    0.4425   -1361.2570  0.8761 
   00660    0.4175   -1383.4021  0.8859 
   00661    0.4125   -1392.2941  0.8890 
   00662    0.4100   -1387.1032  0.8925 
   00663    0.4025   -1370.5985  0.8815 
   00664    0.4275   -1368.4548  0.8766 
   00665    0.4250   -1371.7851  0.8810 
   00666    0.4125   -1361.8805  0.8777 
   00667    0.3675   -1357.3619  0.8733 
   00668    0.4375   -1353.7980  0.8710 
   00669    0.4300   -1389.9884  0.8772 
   00670    0.3600   -1378.1536  0.8722 
   00671    0.3900   -1394.1014  0.8773 
   00672    0.3725   -1393.8444  0.8744 
   00673    0.4125   -1379.2237  0.8630 
   00674    0.3775   -1378.5385  0.8555 
   00675    0.4500   -1381.2749  0.8566 
   00676    0.4025   -1400.6099  0.8681 
   00677    0.4175   -1385.3150  0.8649 
   00678    0.4050   -1383.1071  0.8686 
   00679    0.3850   -1371.2677  0.8619 
   00680    0.3975   -1378.5201  0.8673 
   00681    0.4225   -1368.9526  0.8517 
   00682    0.4275   -1373.3637  0.8499 
   00683    0.4100   -1386.3082  0.8546 
   00684    0.3350   -1374.8829  0.8620 
   00685    0.4400   -1370.5013  0.8555 
   00686    0.3975   -1376.7089  0.8537 
   00687    0.3875   -1383.4794  0.8610 
   00688    0.4400   -1397.6944  0.8597 
   00689    0.4050   -1376.6240  0.8558 
   00690    0.3900   -1368.9249  0.8554 
   00691    0.4150   -1380.3754  0.8624 
   00692    0.4100   -1380.1885  0.8596 
   00693    0.4075   -1369.3594  0.8442 
   00694    0.4325   -1390.0720  0.8428 
   00695    0.3900   -1392.9181  0.8392 
   00696    0.4075   -1371.5014  0.8332 
   00697    0.3650   -1379.9586  0.8330 
   00698    0.4125   -1375.5891  0.8413 
   00699    0.4100   -1364.7699  0.8355 
   00700    0.3875   -1370.3218  0.8422 
   00701    0.4300   -1378.0665  0.8330 
   00702    0.4100   -1372.1339  0.8431 
   00703    0.4275   -1362.7796  0.8561 
   00704    0.4000   -1389.7648  0.8591 
   00705    0.3950   -1375.9791  0.8677 
   00706    0.4425   -1397.7313  0.8772 
   00707    0.4200   -1383.6510  0.8681 
   00708    0.3800   -1385.0382  0.8672 
   00709    0.4125   -1385.7790  0.8633 
   00710    0.4075   -1381.0440  0.8616 
   00711    0.4075   -1394.9688  0.8664 
   00712    0.4250   -1381.2320  0.8680 
   00713    0.3850   -1380.7685  0.8661 
   00714    0.4075   -1376.3470  0.8676 
   00715    0.3875   -1367.9964  0.8617 
   00716    0.4050   -1389.8958  0.8757 
   00717    0.4000   -1370.5028  0.8672 
   00718    0.3825   -1372.9151  0.8625 
   00719    0.4000   -1386.5195  0.8555 
   00720    0.4175   -1381.5410  0.8612 
   00721    0.4100   -1395.9168  0.8702 
   00722    0.3900   -1386.9551  0.8734 
   00723    0.4000   -1403.5519  0.8868 
   00724    0.4175   -1400.8473  0.8878 
   00725    0.3800   -1394.2004  0.8859 
   00726    0.4000   -1390.4891  0.8787 
   00727    0.3825   -1386.3268  0.8793 
   00728    0.3925   -1396.7345  0.8865 
   00729    0.4425   -1396.0479  0.8829 
   00730    0.3950   -1399.7282  0.8800 
   00731    0.4325   -1387.7250  0.8789 
   00732    0.4125   -1367.8687  0.8699 
   00733    0.3800   -1368.0991  0.8769 
   00734    0.3925   -1393.2752  0.8936 
   00735    0.4175   -1390.1952  0.8889 
   00736    0.4050   -1381.3015  0.8839 
   00737    0.4225   -1372.8247  0.8785 
   00738    0.4175   -1363.7892  0.8788 
   00739    0.4100   -1372.1367  0.8696 
   00740    0.4275   -1378.9136  0.8624 
   00741    0.4000   -1374.4200  0.8619 
   00742    0.3975   -1359.7299  0.8626 
   00743    0.4025   -1350.5128  0.8569 
   00744    0.3850   -1361.3552  0.8498 
   00745    0.4050   -1366.8480  0.8570 
   00746    0.3700   -1376.2453  0.8559 
   00747    0.3975   -1378.6735  0.8596 
   00748    0.3825   -1383.9401  0.8618 
   00749    0.4550   -1383.7197  0.8634 
   00750    0.3700   -1371.1540  0.8620 
   00751    0.4275   -1361.7936  0.8616 
   00752    0.4400   -1363.2781  0.8606 
   00753    0.4325   -1377.4909  0.8607 
   00754    0.4250   -1363.3763  0.8529 
   00755    0.4675   -1364.2764  0.8403 
   00756    0.4075   -1377.2486  0.8448 
   00757    0.4475   -1373.6907  0.8503 
   00758    0.3900   -1369.4797  0.8483 
   00759    0.4300   -1371.4644  0.8541 
   00760    0.3950   -1366.0265  0.8515 
   00761    0.4275   -1356.9166  0.8510 
   00762    0.3875   -1357.9915  0.8491 
   00763    0.4250   -1373.0771  0.8558 
   00764    0.4175   -1373.5194  0.8603 
   00765    0.4125   -1362.4333  0.8451 
   00766    0.4025   -1352.1296  0.8541 
   00767    0.4100   -1353.3182  0.8471 
   00768    0.3875   -1367.2374  0.8578 
   00769    0.3700   -1380.1794  0.8566 
   00770    0.3975   -1365.6152  0.8568 
   00771    0.4000   -1387.1818  0.8694 
   00772    0.4425   -1375.7197  0.8669 
   00773    0.4125   -1357.1850  0.8523 
   00774    0.4075   -1363.5042  0.8568 
   00775    0.4100   -1353.9006  0.8539 
   00776    0.4200   -1367.0280  0.8602 
   00777    0.3975   -1358.5603  0.8481 
   00778    0.4325   -1373.1354  0.8554 
   00779    0.4350   -1378.8779  0.8620 
   00780    0.4075   -1375.7187  0.8633 
   00781    0.4050   -1360.6339  0.8541 
   00782    0.4300   -1375.2482  0.8587 
   00783    0.4050   -1382.1325  0.8685 
   00784    0.3750   -1392.9021  0.8663 
   00785    0.4225   -1398.0348  0.8691 
   00786    0.3800   -1384.9966  0.8648 
   00787    0.3875   -1380.6592  0.8532 
   00788    0.4025   -1368.5206  0.8400 
   00789    0.3650   -1363.7576  0.8451 
   00790    0.4025   -1386.9870  0.8473 
   00791    0.4125   -1389.4733  0.8498 
   00792    0.3900   -1386.4082  0.8527 
   00793    0.3725   -1399.1777  0.8566 
   00794    0.3750   -1390.4973  0.8548 
   00795    0.4000   -1385.5696  0.8577 
   00796    0.3900   -1380.5436  0.8544 
   00797    0.4300   -1378.3295  0.8540 
   00798    0.3800   -1392.6863  0.8552 
   00799    0.4350   -1382.4517  0.8484 
   00800    0.3825   -1364.4966  0.8407 
   00801    0.4000   -1365.3637  0.8509 
   00802    0.4100   -1388.1265  0.8485 
   00803    0.3750   -1383.4814  0.8453 
   00804    0.4275   -1379.5738  0.8386 
   00805    0.4050   -1385.8972  0.8486 
   00806    0.3625   -1373.8722  0.8396 
   00807    0.4275   -1374.5200  0.8335 
   00808    0.4450   -1372.2426  0.8296 
   00809    0.4375   -1361.5638  0.8298 
   00810    0.4300   -1382.6214  0.8384 
   00811    0.4100   -1381.5623  0.8389 
   00812    0.4200   -1384.0566  0.8391 
   00813    0.3850   -1372.8059  0.8403 
   00814    0.4200   -1383.6774  0.8354 
   00815    0.4000   -1401.1010  0.8332 
   00816    0.3625   -1352.5178  0.8210 
   00817    0.4275   -1360.3609  0.8259 
   00818    0.4525   -1362.3654  0.8303 
   00819    0.4275   -1350.8401  0.8277 
   00820    0.4250   -1349.7781  0.8323 
   00821    0.3950   -1343.2070  0.8284 
   00822    0.4325   -1334.5737  0.8291 
   00823    0.3600   -1352.9232  0.8456 
   00824    0.3800   -1356.1292  0.8566 
   00825    0.3925   -1364.2544  0.8623 
   00826    0.4350   -1341.2661  0.8564 
   00827    0.4425   -1344.5345  0.8603 
   00828    0.4350   -1348.6860  0.8694 
   00829    0.4625   -1365.7645  0.8754 
   00830    0.4075   -1381.3996  0.8813 
   00831    0.4050   -1381.1908  0.8843 
   00832    0.4000   -1403.1927  0.8920 
   00833    0.3575   -1381.0924  0.8845 
   00834    0.4325   -1371.4870  0.8786 
   00835    0.4475   -1386.3009  0.8742 
   00836    0.4275   -1376.0055  0.8741 
   00837    0.3950   -1377.4806  0.8638 
   00838    0.4350   -1363.9995  0.8580 
   00839    0.3775   -1362.2731  0.8521 
   00840    0.4300   -1364.6642  0.8441 
   00841    0.4050   -1373.8586  0.8481 
   00842    0.4050   -1368.6660  0.8372 
   00843    0.4500   -1378.6859  0.8452 
   00844    0.3675   -1391.9530  0.8436 
   00845    0.4175   -1396.3215  0.8325 
   00846    0.3900   -1395.4111  0.8377 
   00847    0.3775   -1394.0903  0.8262 
   00848    0.4450   -1379.0280  0.8118 
   00849    0.3700   -1380.0142  0.8139 
   00850    0.3825   -1373.4858  0.8084 
   00851    0.4375   -1356.2107  0.8071 
   00852    0.3925   -1376.1595  0.8197 
   00853    0.4000   -1366.1475  0.8227 
   00854    0.4275   -1376.4491  0.8253 
   00855    0.4150   -1392.0996  0.8342 
   00856    0.3725   -1393.7081  0.8337 
   00857    0.3875   -1391.4383  0.8320 
   00858    0.3675   -1378.5910  0.8306 
   00859    0.4250   -1394.1310  0.8393 
   00860    0.4050   -1383.3015  0.8392 
   00861    0.4000   -1365.1241  0.8387 
   00862    0.4250   -1347.3100  0.8274 
   00863    0.3975   -1356.6380  0.8236 
   00864    0.3975   -1357.7563  0.8322 
   00865    0.3950   -1339.0062  0.8258 
   00866    0.4375   -1341.8092  0.8221 
   00867    0.3950   -1360.1266  0.8357 
   00868    0.4075   -1352.8725  0.8364 
   00869    0.4075   -1356.6288  0.8327 
   00870    0.4225   -1349.2698  0.8476 
   00871    0.3900   -1343.5523  0.8464 
   00872    0.4025   -1366.6530  0.8461 
   00873    0.4175   -1352.9099  0.8418 
   00874    0.4225   -1371.9364  0.8398 
   00875    0.4550   -1359.8156  0.8356 
   00876    0.4000   -1366.7845  0.8414 
   00877    0.4225   -1377.7781  0.8465 
   00878    0.4000   -1376.6430  0.8404 
   00879    0.4400   -1379.7653  0.8472 
   00880    0.3925   -1383.5266  0.8463 
   00881    0.4225   -1376.0401  0.8451 
   00882    0.3950   -1375.0625  0.8407 
   00883    0.3650   -1366.6735  0.8384 
   00884    0.4250   -1373.2691  0.8435 
   00885    0.4675   -1361.0757  0.8316 
   00886    0.4175   -1344.2782  0.8211 
   00887    0.4225   -1374.3659  0.8242 
   00888    0.4475   -1369.1871  0.8210 
   00889    0.4075   -1353.0238  0.8217 
   00890    0.4200   -1350.8112  0.8215 
   00891    0.3850   -1360.6281  0.8196 
   00892    0.3350   -1361.7798  0.8186 
   00893    0.4400   -1363.9039  0.8180 
   00894    0.4175   -1358.8025  0.8263 
   00895    0.3950   -1357.5349  0.8235 
   00896    0.3925   -1360.7456  0.8260 
   00897    0.4125   -1350.8814  0.8311 
   00898    0.4450   -1353.1655  0.8356 
   00899    0.4300   -1367.1063  0.8301 
   00900    0.4125   -1367.2541  0.8291 
   00901    0.4125   -1364.3189  0.8315 
   00902    0.4175   -1365.7729  0.8301 
   00903    0.3700   -1358.2155  0.8261 
   00904    0.4000   -1364.3115  0.8222 
   00905    0.4250   -1376.3940  0.8255 
   00906    0.4450   -1391.3883  0.8247 
   00907    0.4125   -1395.8021  0.8350 
   00908    0.4400   -1381.7234  0.8332 
   00909    0.4100   -1376.6919  0.8343 
   00910    0.3850   -1372.9615  0.8388 
   00911    0.3825   -1375.7525  0.8384 
   00912    0.3675   -1364.4492  0.8309 
   00913    0.4275   -1365.6659  0.8389 
   00914    0.4500   -1373.5563  0.8460 
   00915    0.3625   -1368.0891  0.8391 
   00916    0.4575   -1353.3487  0.8393 
   00917    0.4425   -1364.0215  0.8404 
   00918    0.3925   -1352.4952  0.8357 
   00919    0.3900   -1370.6885  0.8426 
   00920    0.4350   -1370.7009  0.8548 
   00921    0.4325   -1383.5934  0.8652 
   00922    0.4300   -1391.0477  0.8582 
   00923    0.4300   -1358.4509  0.8544 
   00924    0.3925   -1383.6406  0.8589 
   00925    0.4100   -1361.1275  0.8481 
   00926    0.3575   -1357.3910  0.8572 
   00927    0.3825   -1351.5362  0.8671 
   00928    0.4025   -1362.9937  0.8661 
   00929    0.4100   -1359.6642  0.8685 
   00930    0.4350   -1386.8679  0.8710 
   00931    0.3825   -1372.2476  0.8655 
   00932    0.4250   -1355.1334  0.8496 
   00933    0.4200   -1366.2278  0.8589 
   00934    0.4050   -1352.8350  0.8598 
   00935    0.3825   -1361.2187  0.8582 
   00936    0.4025   -1360.8456  0.8463 
   00937    0.3975   -1356.1965  0.8412 
   00938    0.4125   -1368.0521  0.8430 
   00939    0.4200   -1383.6697  0.8453 
   00940    0.3700   -1373.6126  0.8428 
   00941    0.3825   -1364.0575  0.8423 
   00942    0.3775   -1351.8115  0.8379 
   00943    0.4450   -1364.2157  0.8323 
   00944    0.3950   -1371.2836  0.8453 
   00945    0.4200   -1358.8921  0.8346 
   00946    0.3900   -1346.2792  0.8264 
   00947    0.4025   -1330.6882  0.8253 
   00948    0.4550   -1323.8495  0.8357 
   00949    0.4575   -1348.0563  0.8469 
   00950    0.3925   -1368.8191  0.8540 
   00951    0.4325   -1369.7559  0.8469 
   00952    0.4100   -1352.6507  0.8460 
   00953    0.4075   -1356.7527  0.8558 
   00954    0.3725   -1345.5025  0.8498 
   00955    0.3850   -1330.7060  0.8488 
   00956    0.4200   -1348.3109  0.8604 
   00957    0.3975   -1337.5612  0.8583 
   00958    0.4050   -1354.3284  0.8547 
   00959    0.4375   -1365.4659  0.8571 
   00960    0.4575   -1360.9526  0.8562 
   00961    0.4150   -1366.6447  0.8532 
   00962    0.4300   -1365.9404  0.8498 
   00963    0.4025   -1380.2580  0.8533 
   00964    0.4575   -1369.2648  0.8569 
   00965    0.4200   -1373.9685  0.8524 
   00966    0.3875   -1383.9282  0.8583 
   00967    0.4450   -1395.3988  0.8567 
   00968    0.3950   -1384.7056  0.8607 
   00969    0.3675   -1377.2440  0.8603 
   00970    0.4500   -1379.3616  0.8500 
   00971    0.4075   -1376.4150  0.8508 
   00972    0.3875   -1366.9078  0.8487 
   00973    0.4225   -1376.0238  0.8554 
   00974    0.3850   -1371.6671  0.8551 
   00975    0.3975   -1372.6521  0.8451 
   00976    0.4425   -1366.3128  0.8440 
   00977    0.3950   -1380.1818  0.8379 
   00978    0.4075   -1392.7467  0.8420 
   00979    0.3900   -1390.2177  0.8403 
   00980    0.4375   -1382.8434  0.8340 
   00981    0.3875   -1387.5155  0.8343 
   00982    0.3800   -1374.1026  0.8409 
   00983    0.3875   -1373.7225  0.8480 
   00984    0.4275   -1403.6745  0.8557 
   00985    0.3850   -1396.0871  0.8529 
   00986    0.3850   -1384.1137  0.8493 
   00987    0.3875   -1397.3895  0.8522 
   00988    0.3975   -1379.5793  0.8355 
   00989    0.3950   -1393.7572  0.8531 
   00990    0.3925   -1380.5370  0.8465 
   00991    0.4150   -1358.9157  0.8306 
   00992    0.4075   -1362.9891  0.8259 
   00993    0.3925   -1353.0387  0.8266 
   00994    0.4250   -1355.0110  0.8241 
   00995    0.4075   -1372.5588  0.8332 
   00996    0.4175   -1370.8191  0.8299 
   00997    0.4075   -1385.6561  0.8376 
   00998    0.4000   -1374.5713  0.8316 
   00999    0.3800   -1366.2930  0.8249 
   01000    0.5150   -1361.9508  0.8277 
