#=====================================================
# File created:        Wed-26-Feb-2025-at-04-31-06AM
# Size of lattice:     60x60
# Number of MC steps:  1000
# Reduced temperature: 0.500
# Run time (s):        1.817091
#=====================================================
# MC step:  Ratio:     Energy:   Order:
#=====================================================
   00000    0.5000   -3661.7461  0.2543 
   00001    0.6883   -5533.7745  0.2534 
   00002    0.6161   -6662.1109  0.2585 
   00003    0.5869   -7654.2985  0.2642 
   00004    0.5617   -8336.9314  0.2579 
   00005    0.5236   -8861.9713  0.2745 
   00006    0.4872   -9303.8572  0.2743 
   00007    0.5044   -9577.5008  0.2714 
   00008    0.4944   -9838.2973  0.2761 
   00009    0.4722  -10061.4563  0.2818 
   00010    0.4628  -10233.5749  0.2866 
   00011    0.4703  -10373.1251  0.2857 
   00012    0.4578  -10540.8890  0.2884 
   00013    0.4689  -10642.9011  0.2941 
   00014    0.4625  -10768.1662  0.3023 
   00015    0.4561  -10797.7374  0.3066 
   00016    0.4461  -10853.9502  0.3075 
   00017    0.4539  -10928.2612  0.3082 
   00018    0.4397  -10971.4191  0.3108 
   00019    0.4667  -11078.0722  0.3061 
   00020    0.4414  -11164.6227  0.3078 
   00021    0.4369  -11205.5869  0.3036 
   00022    0.4483  -11273.7596  0.3043 
   00023    0.4431  -11296.3930  0.3015 
   00024    0.4611  -11359.6071  0.3027 
   00025    0.4489  -11371.3140  0.3044 
   00026    0.4400  -11416.2503  0.3085 
   00027    0.4411  -11390.4168  0.3091 
   00028    0.4253  -11398.2473  0.3101 
   00029    0.4269  -11478.6168  0.3117 
   00030    0.4264  -11435.5361  0.3092 
   00031    0.4364  -11483.7254  0.3178 
   00032    0.4472  -11477.6656  0.3091 
   00033    0.4175  -11490.1433  0.3041 
   00034    0.4306  -11518.7446  0.3059 
   00035    0.4308  -11607.1373  0.3104 
   00036    0.4497  -11590.4737  0.3132 
   00037    0.4239  -11674.1060  0.3116 
   00038    0.4317  -11710.2504  0.3096 
   00039    0.4306  -11706.5223  0.3092 
   00040    0.4200  -11725.8645  0.3118 
   00041    0.4164  -11710.5648  0.3083 
   00042    0.4217  -11754.8161  0.3127 
   00043    0.4250  -11757.4014  0.3168 
   00044    0.4247  -11787.9343  0.3036 
   00045    0.4228  -11739.3266  0.2980 
   00046    0.4264  -11759.3175  0.3049 
   00047    0.4153  -11736.7611  0.3020 
   00048    0.4269  -11769.5702  0.2937 
   00049    0.4203  -11789.8795  0.2949 
   00050    0.4236  -11869.2830  0.2936 
   00051    0.4311  -11869.1506  0.2943 
   00052    0.4111  -11895.0440  0.2858 
   00053    0.4069  -11956.4412  0.2783 
   00054    0.4153  -11883.1621  0.2791 
   00055    0.4286  -11873.9110  0.2783 
   00056    0.4189  -11858.4575  0.2764 
   00057    0.4267  -11811.7311  0.2805 
   00058    0.4175  -11893.4697  0.2817 
   00059    0.4303  -11916.8617  0.2814 
   00060    0.4064  -11879.8216  0.2839 
   00061    0.4325  -11915.5793  0.2815 
   00062    0.4128  -11890.5848  0.2810 
   00063    0.4225  -11919.2407  0.2797 
   00064    0.4214  -11959.4796  0.2786 
   00065    0.4158  -11988.9329  0.2774 
   00066    0.4219  -11933.0692  0.2781 
   00067    0.4292  -11898.3730  0.2756 
   00068    0.4197  -11910.0036  0.2734 
   00069    0.4089  -11894.7196  0.2715 
   00070    0.4200  -11882.0442  0.2672 
   00071    0.4283  -11895.6437  0.2609 
   00072    0.4206  -11923.0977  0.2630 
   00073    0.4189  -11914.6498  0.2614 
   00074    0.4181  -11835.9628  0.2662 
   00075    0.4192  -11880.9596  0.2662 
   00076    0.4156  -11862.5776  0.2683 
   00077    0.4361  -11911.6776  0.2661 
   00078    0.4286  -11923.9998  0.2718 
   00079    0.4203  -11937.1449  0.2687 
   00080    0.4069  -11863.0197  0.2674 
   00081    0.4231  -11922.8136  0.2648 
   00082    0.4250  -11957.7456  0.2685 
   00083    0.4189  -12010.9247  0.2675 
   00084    0.4233  -11999.8212  0.2719 
   00085    0.4314  -11977.9939  0.2744 
   00086    0.4244  -11966.9273  0.2759 
   00087    0.4178  -11954.3460  0.2775 
   00088    0.4444  -11873.7291  0.2749 
   00089    0.4133  -11906.3821  0.2785 
   00090    0.4164  -11918.0890  0.2817 
   00091    0.4222  -11907.6878  0.2797 
   00092    0.4381  -11849.5922  0.2822 
   00093    0.4247  -11973.5967  0.2828 
   00094    0.4044  -11961.4077  0.2878 
   00095    0.4128  -11932.4214  0.2904 
   00096    0.4164  -11958.2732  0.2944 
   00097    0.4133  -11942.4966  0.2954 
   00098    0.4111  -11906.1831  0.2947 
   00099    0.4183  -11925.9765  0.2926 
   00100    0.4194  -11976.7773  0.2915 
   00101    0.4189  -11950.8115  0.2906 
   00102    0.4189  -11996.2395  0.2968 
   00103    0.4131  -11995.2256  0.3010 
   00104    0.4181  -12002.1906  0.3079 
   00105    0.4189  -12054.9527  0.3061 
   00106    0.4183  -11994.0123  0.3040 
   00107    0.4194  -11993.8150  0.3126 
   00108    0.4167  -11968.8551  0.3176 
   00109    0.4419  -11954.5121  0.3236 
   00110    0.4258  -11871.1441  0.3229 
   00111    0.4325  -11901.1306  0.3187 
   00112    0.4131  -11965.3408  0.3211 
   00113    0.4261  -11975.1299  0.3305 
   00114    0.4128  -12002.5059  0.3321 
   00115    0.4164  -11985.4671  0.3284 
   00116    0.4322  -12011.1993  0.3320 
   00117    0.4086  -12010.0385  0.3384 
   00118    0.4053  -12066.1110  0.3451 
   00119    0.4186  -12112.6110  0.3450 
   00120    0.4269  -12078.1449  0.3453 
   00121    0.4356  -12115.6623  0.3418 
   00122    0.4081  -12108.2159  0.3360 
   00123    0.4067  -12094.0968  0.3322 
   00124    0.4072  -12135.5647  0.3382 
   00125    0.4075  -12132.9704  0.3385 
   00126    0.4267  -12083.3013  0.3405 
   00127    0.4136  -12094.1208  0.3425 
   00128    0.4208  -12098.6154  0.3449 
   00129    0.4208  -12096.3996  0.3485 
   00130    0.4267  -12055.2096  0.3472 
   00131    0.4031  -12014.4355  0.3494 
   00132    0.4219  -12046.6970  0.3502 
   00133    0.4200  -12124.0938  0.3486 
   00134    0.4211  -12089.3602  0.3508 
   00135    0.4094  -12076.0144  0.3568 
   00136    0.4050  -12110.4136  0.3611 
   00137    0.4061  -12125.0130  0.3665 
   00138    0.4025  -12097.8306  0.3677 
   00139    0.4156  -12114.7307  0.3729 
   00140    0.4194  -12162.1605  0.3751 
   00141    0.4114  -12116.4233  0.3776 
   00142    0.4131  -12099.8129  0.3755 
   00143    0.4039  -12164.4308  0.3831 
   00144    0.4067  -12139.4859  0.3834 
   00145    0.4031  -12055.3258  0.3820 
   00146    0.4286  -12085.6026  0.3858 
   00147    0.4183  -12097.4052  0.3861 
   00148    0.4100  -12084.9436  0.3854 
   00149    0.4047  -12093.0004  0.3859 
   00150    0.4075  -12079.4092  0.3833 
   00151    0.4158  -12111.8415  0.3886 
   00152    0.4103  -12135.6386  0.3867 
   00153    0.4192  -12166.0267  0.3895 
   00154    0.4056  -12143.3646  0.3825 
   00155    0.4125  -12111.4448  0.3793 
   00156    0.4136  -12099.2615  0.3836 
   00157    0.4219  -12092.7098  0.3812 
   00158    0.4111  -12107.4549  0.3813 
   00159    0.4086  -12109.0926  0.3764 
   00160    0.4094  -12129.7097  0.3818 
   00161    0.4197  -12111.4854  0.3805 
   00162    0.4189  -12097.3589  0.3810 
   00163    0.4081  -12129.9843  0.3775 
   00164    0.4189  -12075.2558  0.3806 
   00165    0.4200  -12100.2692  0.3838 
   00166    0.4197  -12079.6985  0.3919 
   00167    0.4328  -12067.9258  0.3901 
   00168    0.4114  -12055.6784  0.3923 
   00169    0.4039  -12031.2723  0.3842 
   00170    0.4150  -12056.9052  0.3872 
   00171    0.4108  -12058.3209  0.3894 
   00172    0.4167  -12036.2236  0.3906 
   00173    0.4147  -12030.1495  0.3921 
   00174    0.4114  -12060.1482  0.3916 
   00175    0.4247  -12108.0500  0.3974 
   00176    0.4219  -12131.8132  0.4037 
   00177    0.4231  -12129.7582  0.4021 
   00178    0.4175  -12193.6144  0.3989 
   00179    0.4094  -12195.2430  0.4027 
   00180    0.4167  -12168.3168  0.4041 
   00181    0.3989  -12177.1591  0.4056 
   00182    0.4067  -12144.4437  0.4029 
   00183    0.3961  -12082.2476  0.4027 
   00184    0.4164  -12101.9266  0.4077 
   00185    0.4142  -12093.2734  0.4071 
   00186    0.4133  -12077.4065  0.4082 
   00187    0.4131  -12120.2349  0.4099 
   00188    0.4047  -12156.1472  0.4214 
   00189    0.4019  -12200.8165  0.4229 
   00190    0.4172  -12194.7786  0.4205 
   00191    0.4306  -12185.4228  0.4210 
   00192    0.4275  -12134.8955  0.4162 
   00193    0.4214  -12136.3782  0.4185 
   00194    0.4050  -12196.0536  0.4167 
   00195    0.4200  -12193.6049  0.4164 
   00196    0.4053  -12200.8845  0.4208 
   00197    0.4081  -12188.6531  0.4230 
   00198    0.4150  -12184.0459  0.4210 
   00199    0.4136  -12154.4453  0.4255 
   00200    0.4117  -12236.0127  0.4287 
   00201    0.4175  -12253.4754  0.4290 
   00202    0.4119  -12198.4191  0.4349 
   00203    0.4092  -12184.1703  0.4308 
   00204    0.4103  -12180.8702  0.4292 
   00205    0.4236  -12130.6112  0.4312 
   00206    0.4233  -12100.6268  0.4281 
   00207    0.4133  -12136.2082  0.4345 
   00208    0.4178  -12172.2456  0.4288 
   00209    0.4275  -12137.4958  0.4301 
   00210    0.4167  -12152.1193  0.4271 
   00211    0.4231  -12162.7038  0.4226 
   00212    0.4314  -12158.3237  0.4283 
   00213    0.4131  -12153.3256  0.4270 
   00214    0.4039  -12174.5845  0.4271 
   00215    0.4231  -12164.5721  0.4252 
   00216    0.4275  -12154.5266  0.4231 
   00217    0.4128  -12172.9694  0.4230 
   00218    0.4158  -12137.8100  0.4190 
   00219    0.4156  -12133.3144  0.4154 
   00220    0.4172  -12137.5842  0.4207 
   00221    0.4133  -12138.7705  0.4216 
   00222    0.4044  -12162.1067  0.4232 
   00223    0.4256  -12100.1158  0.4230 
   00224    0.4239  -12126.5526  0.4247 
   00225    0.4228  -12162.5308  0.4282 
   00226    0.4028  -12120.7311  0.4280 
   00227    0.4147  -12118.6201  0.4206 
   00228    0.4200  -12136.4226  0.4264 
   00229    0.4083  -12093.8472  0.4265 
   00230    0.4061  -12130.4059  0.4327 
   00231    0.4075  -12115.0534  0.4315 
   00232    0.4228  -12097.5209  0.4272 
   00233    0.4175  -12101.3541  0.4314 
   00234    0.4100  -12094.6557  0.4290 
   00235    0.4219  -12134.3211  0.4361 
   00236    0.4175  -12187.9119  0.4364 
   00237    0.4042  -12203.8045  0.4333 
   00238    0.3969  -12201.6927  0.4374 
   00239    0.4125  -12213.2291  0.4354 
   00240    0.4067  -12170.9562  0.4326 
   00241    0.4083  -12233.6240  0.4362 
   00242    0.4072  -12234.7198  0.4416 
   00243    0.4050  -12236.6557  0.4452 
   00244    0.4192  -12153.0012  0.4425 
   00245    0.4075  -12167.9967  0.4412 
   00246    0.4158  -12207.9829  0.4403 
   00247    0.4089  -12227.1678  0.4390 
   00248    0.4064  -12268.3598  0.4427 
   00249    0.3978  -12299.9369  0.4465 
   00250    0.4100  -12228.8325  0.4504 
   00251    0.4125  -12172.7105  0.4497 
   00252    0.4022  -12200.8721  0.4490 
   00253    0.4144  -12189.7655  0.4490 
   00254    0.4319  -12230.2170  0.4577 
   00255    0.4194  -12183.4605  0.4547 
   00256    0.3992  -12160.4942  0.4590 
   00257    0.4019  -12195.2546  0.4555 
   00258    0.4125  -12231.0763  0.4565 
   00259    0.4014  -12228.4430  0.4590 
   00260    0.4169  -12247.1129  0.4612 
   00261    0.4136  -12174.0412  0.4662 
   00262    0.4119  -12202.1133  0.4652 
   00263    0.4075  -12228.4745  0.4627 
   00264    0.4186  -12213.1957  0.4595 
   00265    0.4164  -12231.4728  0.4606 
   00266    0.4247  -12165.1189  0.4642 
   00267    0.4056  -12200.8617  0.4659 
   00268    0.4050  -12162.7217  0.4663 
   00269    0.4206  -12249.1674  0.4711 
   00270    0.4153  -12212.8264  0.4745 
   00271    0.4100  -12213.4489  0.4800 
   00272    0.4075  -12275.2957  0.4858 
   00273    0.3994  -12262.0796  0.4819 
   00274    0.4064  -12226.7876  0.4754 
   00275    0.4100  -12261.1079  0.4754 
   00276    0.4175  -12291.1884  0.4816 
   00277    0.4022  -12228.2948  0.4798 
   00278    0.4183  -12162.7901  0.4780 
   00279    0.4136  -12266.5639  0.4810 
   00280    0.4186  -12289.7235  0.4837 
   00281    0.4083  -12251.4026  0.4831 
   00282    0.4142  -12278.8075  0.4877 
   00283    0.4003  -12260.8996  0.4886 
   00284    0.4175  -12222.6952  0.4872 
   00285    0.4081  -12246.1082  0.4944 
   00286    0.4106  -12238.1757  0.4970 
   00287    0.4167  -12238.2752  0.4951 
   00288    0.4189  -12209.5705  0.4965 
   00289    0.4111  -12163.7007  0.4965 
   00290    0.3994  -12194.5123  0.4968 
   00291    0.4122  -12212.4889  0.5022 
   00292    0.4128  -12246.6503  0.5038 
   00293    0.4178  -12245.3693  0.5094 
   00294    0.4108  -12280.9105  0.5043 
   00295    0.4100  -12266.0066  0.5039 
   00296    0.3994  -12241.9137  0.5067 
   00297    0.4067  -12218.7075  0.5052 
   00298    0.4081  -12213.2238  0.5107 
   00299    0.4136  -12245.2136  0.5034 
   00300    0.4031  -12204.3902  0.5028 
   00301    0.4181  -12214.5883  0.5029 
   00302    0.4225  -12202.1179  0.5083 
   00303    0.4036  -12258.2436  0.5104 
   00304    0.4147  -12298.7707  0.5126 
   00305    0.4047  -12333.4043  0.5117 
   00306    0.4167  -12282.3030  0.5083 
   00307    0.4089  -12287.1129  0.5049 
   00308    0.4144  -12224.4600  0.5024 
   00309    0.4078  -12186.0242  0.5030 
   00310    0.4189  -12192.7539  0.5048 
   00311    0.4089  -12220.5908  0.5068 
   00312    0.4025  -12158.9273  0.5105 
   00313    0.4131  -12154.3004  0.5083 
   00314    0.4069  -12215.4172  0.5141 
   00315    0.4053  -12243.5472  0.5126 
   00316    0.4189  -12293.7022  0.5203 
   00317    0.4217  -12300.3602  0.5194 
   00318    0.3992  -12265.5270  0.5189 
   00319    0.4108  -12302.9477  0.5127 
   00320    0.4217  -12303.8738  0.5162 
   00321    0.4094  -12276.7212  0.5172 
   00322    0.4067  -12308.4253  0.5225 
   00323    0.4228  -12271.3535  0.5268 
   00324    0.4161  -12280.1065  0.5283 
   00325    0.3975  -12307.8017  0.5301 
   00326    0.4192  -12325.3085  0.5285 
   00327    0.4097  -12280.9735  0.5283 
   00328    0.4186  -12245.5658  0.5299 
   00329    0.4025  -12315.2991  0.5297 
   00330    0.4008  -12339.3672  0.5254 
   00331    0.4117  -12277.6605  0.5262 
   00332    0.4122  -12267.5436  0.5249 
   00333    0.4019  -12279.7357  0.5204 
   00334    0.4308  -12189.7821  0.5178 
   00335    0.4153  -12196.0368  0.5186 
   00336    0.4028  -12213.4148  0.5194 
   00337    0.3986  -12185.8581  0.5198 
   00338    0.4131  -12244.3440  0.5202 
   00339    0.4053  -12253.4886  0.5249 
   00340    0.4161  -12220.9577  0.5203 
   00341    0.4175  -12275.0958  0.5205 
   00342    0.4156  -12275.4953  0.5193 
   00343    0.4000  -12314.1176  0.5179 
   00344    0.4136  -12307.0448  0.5207 
   00345    0.4133  -12319.9040  0.5157 
   00346    0.4039  -12303.4684  0.5154 
   00347    0.3981  -12310.7192  0.5137 
   00348    0.4053  -12315.3088  0.5105 
   00349    0.4175  -12302.3882  0.5082 
   00350    0.4117  -12248.7058  0.5043 
   00351    0.4044  -12272.5513  0.5057 
   00352    0.4136  -12243.9063  0.5080 
   00353    0.4106  -12191.4833  0.5101 
   00354    0.4033  -12173.3649  0.5071 
   00355    0.4128  -12240.0133  0.5116 
   00356    0.4119  -12243.4574  0.5097 
   00357    0.4167  -12252.8661  0.5119 
   00358    0.4081  -12297.4696  0.5187 
   00359    0.4042  -12286.6427  0.5213 
   00360    0.4000  -12278.8377  0.5249 
   00361    0.4044  -12277.6433  0.5210 
   00362    0.4219  -12281.1039  0.5195 
   00363    0.4081  -12290.8481  0.5206 
   00364    0.3969  -12365.8615  0.5211 
   00365    0.4125  -12307.8296  0.5246 
   00366    0.4158  -12284.3742  0.5226 
   00367    0.4006  -12316.4417  0.5271 
   00368    0.4147  -12305.6187  0.5245 
   00369    0.4139  -12306.3604  0.5252 
   00370    0.4089  -12289.9557  0.5277 
   00371    0.4228  -12335.9685  0.5298 
   00372    0.4022  -12356.0475  0.5282 
   00373    0.4069  -12312.7277  0.5273 
   00374    0.4047  -12287.7270  0.5244 
   00375    0.4083  -12293.9745  0.5226 
   00376    0.4100  -12312.8074  0.5222 
   00377    0.4156  -12280.3434  0.5250 
   00378    0.4169  -12276.1029  0.5300 
   00379    0.4106  -12279.4283  0.5308 
   00380    0.4097  -12278.5426  0.5313 
   00381    0.4103  -12356.8984  0.5353 
   00382    0.4025  -12372.6257  0.5363 
   00383    0.4106  -12353.9824  0.5383 
   00384    0.4033  -12341.3408  0.5332 
   00385    0.4069  -12288.4435  0.5281 
   00386    0.4189  -12308.1797  0.5346 
   00387    0.4056  -12267.6362  0.5335 
   00388    0.4100  -12262.3672  0.5285 
   00389    0.4269  -12239.3969  0.5277 
   00390    0.4194  -12272.5407  0.5252 
   00391    0.4017  -12295.5622  0.5300 
   00392    0.4147  -12262.9336  0.5280 
   00393    0.4036  -12357.2003  0.5353 
   00394    0.4158  -12366.1057  0.5391 
   00395    0.4083  -12319.1086  0.5379 
   00396    0.4022  -12338.5944  0.5379 
   00397    0.4028  -12367.5474  0.5475 
   00398    0.4103  -12348.9501  0.5464 
   00399    0.4031  -12354.8526  0.5466 
   00400    0.4019  -12352.8515  0.5489 
   00401    0.4175  -12345.1240  0.5483 
   00402    0.4058  -12306.4512  0.5494 
   00403    0.4058  -12226.2393  0.5471 
   00404    0.4097  -12281.9109  0.5454 
   00405    0.4147  -12302.8658  0.5492 
   00406    0.4067  -12310.6947  0.5483 
   00407    0.4258  -12308.8488  0.5471 
   00408    0.4156  -12273.6774  0.5519 
   00409    0.4106  -12226.7620  0.5487 
   00410    0.4017  -12253.6612  0.5482 
   00411    0.4183  -12278.2702  0.5464 
   00412    0.4042  -12267.8930  0.5446 
   00413    0.4092  -12272.0139  0.5455 
   00414    0.4164  -12261.2288  0.5437 
   00415    0.4228  -12234.9220  0.5406 
   00416    0.4231  -12203.3872  0.5375 
   00417    0.4283  -12253.7495  0.5398 
   00418    0.4056  -12281.9682  0.5405 
   00419    0.4150  -12250.1141  0.5420 
   00420    0.4147  -12272.5428  0.5507 
   00421    0.3869  -12301.8055  0.5518 
   00422    0.4053  -12316.9236  0.5534 
   00423    0.4247  -12425.9387  0.5552 
   00424    0.4108  -12331.4951  0.5523 
   00425    0.4044  -12305.6354  0.5465 
   00426    0.4014  -12341.7347  0.5497 
   00427    0.4150  -12343.4925  0.5533 
   00428    0.4025  -12350.0575  0.5525 
   00429    0.3994  -12293.8700  0.5542 
   00430    0.4075  -12280.9715  0.5592 
   00431    0.4231  -12230.9331  0.5617 
   00432    0.3978  -12181.2823  0.5569 
   00433    0.4100  -12180.1452  0.5563 
   00434    0.4100  -12183.9255  0.5565 
   00435    0.3989  -12236.2137  0.5571 
   00436    0.4136  -12282.8344  0.5589 
   00437    0.4072  -12266.7768  0.5557 
   00438    0.4197  -12312.0330  0.5592 
   00439    0.4056  -12245.9322  0.5580 
   00440    0.3997  -12292.3976  0.5584 
   00441    0.4117  -12334.0841  0.5576 
   00442    0.4161  -12270.1194  0.5546 
   00443    0.4236  -12301.3523  0.5521 
   00444    0.4189  -12295.8014  0.5511 
   00445    0.3931  -12311.7096  0.5522 
   00446    0.4014  -12303.1856  0.5490 
   00447    0.4083  -12365.5274  0.5577 
   00448    0.4025  -12270.7997  0.5587 
   00449    0.4092  -12226.7973  0.5570 
   00450    0.4100  -12264.1076  0.5611 
   00451    0.4147  -12255.1915  0.5578 
   00452    0.4239  -12314.6092  0.5638 
   00453    0.4119  -12322.0433  0.5675 
   00454    0.4183  -12313.7886  0.5658 
   00455    0.4108  -12342.6670  0.5650 
   00456    0.4094  -12368.9922  0.5584 
   00457    0.3944  -12357.3467  0.5572 
   00458    0.4150  -12393.7909  0.5531 
   00459    0.3931  -12361.1738  0.5561 
   00460    0.4047  -12412.4041  0.5567 
   00461    0.3947  -12377.7925  0.5583 
   00462    0.4025  -12301.9800  0.5584 
   00463    0.4072  -12321.0409  0.5566 
   00464    0.4117  -12353.0058  0.5626 
   00465    0.4131  -12291.5236  0.5568 
   00466    0.4147  -12336.2169  0.5577 
   00467    0.4014  -12329.2820  0.5582 
   00468    0.4164  -12325.6127  0.5554 
   00469    0.4119  -12260.9354  0.5491 
   00470    0.4031  -12258.5018  0.5456 
   00471    0.4128  -12258.4444  0.5463 
   00472    0.4189  -12336.7375  0.5543 
   00473    0.4039  -12338.3846  0.5518 
   00474    0.4003  -12371.5556  0.5547 
   00475    0.3944  -12358.2225  0.5501 
   00476    0.4089  -12304.7548  0.5476 
   00477    0.3967  -12324.0844  0.5475 
   00478    0.4119  -12335.2407  0.5478 
   00479    0.4100  -12383.4647  0.5440 
   00480    0.4036  -12339.7894  0.5420 
   00481    0.4064  -12301.9125  0.5393 
   00482    0.4097  -12284.5616  0.5407 
   00483    0.4203  -12364.2648  0.5363 
   00484    0.4192  -12353.7852  0.5309 
   00485    0.4183  -12360.7960  0.5354 
   00486    0.4069  -12363.2280  0.5323 
   00487    0.4067  -12306.9631  0.5325 
   00488    0.4147  -12310.4528  0.5311 
   00489    0.4031  -12369.1978  0.5302 
   00490    0.4139  -12292.6004  0.5319 
   00491    0.4114  -12343.1911  0.5350 
   00492    0.4100  -12345.4943  0.5323 
   00493    0.4106  -12293.9668  0.5292 
   00494    0.4217  -12301.2086  0.5304 
   00495    0.4014  -12276.6338  0.5296 
   00496    0.3994  -12322.8946  0.5304 
   00497    0.4050  -12355.7939  0.5277 
   00498    0.4158  -12302.6124  0.5300 
   00499    0.3953  -12268.3648  0.5275 
   00500    0.4169  -12295.6712  0.5293 
   00501    0.4164  -12381.5453  0.5303 
   00502    0.4075  -12328.7465  0.5288 
   00503    0.3997  -12288.8610  0.5274 
   00504    0.4072  -12262.7242  0.5247 
   00505    0.4244  -12300.2023  0.5268 
   00506    0.3989  -12280.2835  0.5283 
   00507    0.4067  -12303.2194  0.5269 
   00508    0.4139  -12316.7848  0.5287 
   00509    0.4044  -12342.9142  0.5303 
   00510    0.4061  -12359.0399  0.5253 
   00511    0.4019  -12344.9574  0.5303 
   00512    0.4064  -12329.4506  0.5256 
   00513    0.4031  -12360.7849  0.5233 
   00514    0.4100  -12335.2222  0.5195 
   00515    0.4219  -12419.5863  0.5228 
   00516    0.4103  -12327.8733  0.5210 
   00517    0.4139  -12320.4106  0.5199 
   00518    0.4081  -12297.8172  0.5190 
   00519    0.4275  -12313.3145  0.5190 
   00520    0.4142  -12253.5926  0.5163 
   00521    0.4117  -12229.3146  0.5165 
   00522    0.4072  -12213.3933  0.5168 
   00523    0.4058  -12278.1773  0.5196 
   00524    0.4028  -12318.5965  0.5240 
   00525    0.4025  -12287.9795  0.5224 
   00526    0.4211  -12237.5622  0.5177 
   00527    0.4128  -12286.7259  0.5195 
   00528    0.4261  -12266.3559  0.5225 
   00529    0.4125  -12224.8796  0.5251 
   00530    0.4008  -12185.9573  0.5244 
   00531    0.4186  -12190.0100  0.5208 
   00532    0.4036  -12147.9120  0.5189 
   00533    0.4061  -12201.5082  0.5165 
   00534    0.4069  -12267.3299  0.5175 
   00535    0.4008  -12225.7738  0.5173 
   00536    0.4169  -12277.4377  0.5170 
   00537    0.4133  -12248.0586  0.5176 
   00538    0.4089  -12257.3510  0.5211 
   00539    0.4156  -12228.0618  0.5262 
   00540    0.4103  -12249.9343  0.5233 
   00541    0.4150  -12236.5711  0.5279 
   00542    0.4064  -12258.2450  0.5285 
   00543    0.4142  -12277.4231  0.5307 
   00544    0.4078  -12312.4794  0.5369 
   00545    0.3992  -12301.1366  0.5330 
   00546    0.4217  -12357.5692  0.5338 
   00547    0.4075  -12312.3039  0.5316 
   00548    0.4044  -12305.4208  0.5340 
   00549    0.4083  -12230.4069  0.5330 
   00550    0.4197  -12237.6263  0.5341 
   00551    0.4156  -12265.7502  0.5328 
   00552    0.4100  -12250.1032  0.5331 
   00553    0.4142  -12265.8055  0.5332 
   00554    0.4094  -12286.5655  0.5344 
   00555    0.4117  -12339.6588  0.5391 
   00556    0.3972  -12340.5696  0.5366 
   00557    0.4250  -12347.3800  0.5348 
   00558    0.3947  -12368.1155  0.5344 
   00559    0.4028  -12348.1096  0.5320 
   00560    0.4061  -12318.4371  0.5302 
   00561    0.4014  -12316.6011  0.5322 
   00562    0.3967  -12320.0576  0.5300 
   00563    0.4142  -12280.3778  0.5233 
   00564    0.4139  -12263.8036  0.5218 
   00565    0.4114  -12244.6940  0.5221 
   00566    0.4111  -12240.9869  0.5239 
   00567    0.4086  -12228.8840  0.5260 
   00568    0.4222  -12222.7056  0.5273 
   00569    0.4181  -12202.2009  0.5265 
   00570    0.4208  -12193.9360  0.5191 
   00571    0.4131  -12138.2565  0.5187 
   00572    0.4192  -12200.6416  0.5145 
   00573    0.4125  -12197.7528  0.5132 
   00574    0.4069  -12176.0300  0.5121 
   00575    0.4172  -12206.8446  0.5186 
   00576    0.3947  -12263.8394  0.5157 
   00577    0.4039  -12254.7317  0.5144 
   00578    0.4167  -12193.7786  0.5168 
   00579    0.4086  -12295.0607  0.5181 
   00580    0.4125  -12282.8406  0.5159 
   00581    0.4028  -12281.4374  0.5162 
   00582    0.4194  -12272.1122  0.5185 
   00583    0.3992  -12269.0613  0.5181 
   00584    0.4208  -12275.1705  0.5105 
   00585    0.4147  -12283.7111  0.5066 
   00586    0.4136  -12288.9358  0.5069 
   00587    0.4047  -12320.0781  0.5040 
   00588    0.4119  -12282.1508  0.5044 
   00589    0.4061  -12247.6575  0.5092 
   00590    0.4286  -12194.9171  0.5114 
   00591    0.4131  -12246.8783  0.5115 
   00592    0.4119  -12278.2931  0.5147 
   00593    0.4092  -12269.8823  0.5063 
   00594    0.4156  -12248.5673  0.5085 
   00595    0.4019  -12250.8754  0.5097 
   00596    0.4044  -12261.6198  0.5127 
   00597    0.4183  -12249.6319  0.5096 
   00598    0.4019  -12224.4991  0.5111 
   00599    0.4094  -12262.8219  0.5075 
   00600    0.3947  -12301.4769  0.5068 
   00601    0.4150  -12295.7459  0.5097 
   00602    0.4200  -12243.3973  0.5111 
   00603    0.4200  -12222.4881  0.5085 
   00604    0.4072  -12274.5794  0.5058 
   00605    0.4194  -12282.7704  0.5096 
   00606    0.4236  -12268.1560  0.5069 
   00607    0.4167  -12240.1939  0.5081 
   00608    0.3964  -12212.9254  0.5069 
   00609    0.4036  -12213.0935  0.5011 
   00610    0.4097  -12232.8406  0.5003 
   00611    0.4158  -12246.2597  0.5049 
   00612    0.4147  -12219.8116  0.5069 
   00613    0.4031  -12228.9401  0.5129 
   00614    0.3936  -12260.1617  0.5147 
   00615    0.4022  -12284.9445  0.5127 
   00616    0.4161  -12262.1536  0.5157 
   00617    0.4169  -12189.2039  0.5160 
   00618    0.4247  -12235.6618  0.5192 
   00619    0.4322  -12215.2590  0.5196 
   00620    0.4075  -12184.4677  0.5205 
   00621    0.4161  -12147.1210  0.5222 
   00622    0.4300  -12114.3681  0.5206 
   00623    0.4114  -12118.5191  0.5254 
   00624    0.4081  -12143.8238  0.5238 
   00625    0.4217  -12220.6911  0.5263 
   00626    0.4211  -12294.9760  0.5307 
   00627    0.4197  -12232.6644  0.5299 
   00628    0.4081  -12259.8930  0.5289 
   00629    0.4044  -12267.7886  0.5295 
   00630    0.4156  -12303.3753  0.5250 
   00631    0.4136  -12314.4905  0.5276 
   00632    0.4250  -12274.6072  0.5289 
   00633    0.4028  -12279.4526  0.5297 
   00634    0.4053  -12268.7009  0.5258 
   00635    0.4247  -12290.6326  0.5264 
   00636    0.4106  -12331.0104  0.5321 
   00637    0.4228  -12282.9365  0.5296 
   00638    0.3936  -12298.6400  0.5311 
   00639    0.4042  -12345.1605  0.5304 
   00640    0.4203  -12328.6680  0.5337 
   00641    0.4178  -12288.2416  0.5267 
   00642    0.4042  -12354.5655  0.5239 
   00643    0.4200  -12349.6485  0.5233 
   00644    0.4103  -12310.5948  0.5265 
   00645    0.4064  -12273.0768  0.5242 
   00646    0.4186  -12282.7745  0.5256 
   00647    0.4153  -12324.9843  0.5315 
   00648    0.4058  -12301.8571  0.5312 
   00649    0.4011  -12290.0634  0.5297 
   00650    0.4131  -12294.5699  0.5276 
   00651    0.4106  -12261.7799  0.5285 
   00652    0.4258  -12303.3708  0.5343 
   00653    0.4019  -12288.5861  0.5353 
   00654    0.4119  -12216.1373  0.5368 
   00655    0.4169  -12225.3821  0.5381 
   00656    0.4197  -12230.2856  0.5393 
   00657    0.4128  -12326.2189  0.5418 
   00658    0.4144  -12279.2188  0.5479 
   00659    0.4072  -12195.7217  0.5410 
   00660    0.4125  -12281.8483  0.5446 
   00661    0.4164  -12265.8039  0.5472 
   00662    0.4081  -12266.2285  0.5484 
   00663    0.3994  -12323.8816  0.5486 
   00664    0.4156  -12322.3108  0.5504 
   00665    0.4050  -12301.1123  0.5550 
   00666    0.4267  -12283.7002  0.5531 
   00667    0.4106  -12341.8504  0.5559 
   00668    0.4097  -12319.0269  0.5579 
   00669    0.4244  -12313.2366  0.5604 
   00670    0.4219  -12325.7613  0.5612 
   00671    0.4067  -12274.3769  0.5528 
   00672    0.4086  -12273.3232  0.5515 
   00673    0.3961  -12319.2319  0.5547 
   00674    0.4139  -12298.6916  0.5566 
   00675    0.4019  -12227.7722  0.5581 
   00676    0.4092  -12270.4290  0.5628 
   00677    0.4047  -12320.8616  0.5596 
   00678    0.4119  -12290.2087  0.5555 
   00679    0.3922  -12237.6348  0.5557 
   00680    0.4142  -12223.0341  0.5538 
   00681    0.4064  -12255.7543  0.5551 
   00682    0.4119  -12344.2691  0.5567 
   00683    0.4150  -12394.1620  0.5552 
   00684    0.3983  -12415.1285  0.5594 
   00685    0.4056  -12361.2933  0.5556 
   00686    0.4186  -12376.9949  0.5527 
   00687    0.4217  -12344.3628  0.5491 
   00688    0.4256  -12316.3478  0.5484 
   00689    0.4069  -12268.8709  0.5469 
   00690    0.4078  -12272.5350  0.5467 
   00691    0.4186  -12260.6672  0.5476 
   00692    0.4219  -12260.6149  0.5459 
   00693    0.4194  -12342.4029  0.5499 
   00694    0.4067  -12346.5146  0.5470 
   00695    0.4053  -12330.6576  0.5509 
   00696    0.4058  -12322.8663  0.5497 
   00697    0.4128  -12312.4580  0.5481 
   00698    0.3944  -12349.3815  0.5517 
   00699    0.4208  -12334.0244  0.5510 
   00700    0.3861  -12299.3735  0.5487 
   00701    0.4158  -12269.9768  0.5536 
   00702    0.3992  -12303.4387  0.5547 
   00703    0.4097  -12249.6320  0.5567 
   00704    0.4097  -12321.1479  0.5579 
   00705    0.4031  -12335.0260  0.5593 
   00706    0.4128  -12315.5728  0.5616 
   00707    0.4106  -12325.8382  0.5621 
   00708    0.4075  -12325.2918  0.5656 
   00709    0.4150  -12350.6500  0.5677 
   00710    0.4003  -12286.1792  0.5689 
   00711    0.4025  -12307.0419  0.5701 
   00712    0.4142  -12325.7360  0.5751 
   00713    0.4011  -12308.9947  0.5813 
   00714    0.4167  -12265.3784  0.5786 
   00715    0.4297  -12246.4425  0.5777 
   00716    0.4353  -12252.0272  0.5758 
   00717    0.4139  -12284.4349  0.5742 
   00718    0.4217  -12243.1967  0.5687 
   00719    0.4103  -12216.0163  0.5690 
   00720    0.4025  -12243.4850  0.5709 
   00721    0.4092  -12226.0668  0.5692 
   00722    0.4178  -12214.4483  0.5663 
   00723    0.4067  -12228.7475  0.5655 
   00724    0.4031  -12203.9123  0.5623 
   00725    0.4286  -12271.1696  0.5602 
   00726    0.3975  -12303.6101  0.5675 
   00727    0.4050  -12310.5435  0.5685 
   00728    0.4169  -12284.4286  0.5681 
   00729    0.4239  -12294.8413  0.5665 
   00730    0.4094  -12249.3980  0.5644 
   00731    0.4075  -12228.1688  0.5634 
   00732    0.4208  -12187.1655  0.5659 
   00733    0.4072  -12161.2213  0.5673 
   00734    0.4217  -12228.6735  0.5674 
   00735    0.4131  -12198.1600  0.5663 
   00736    0.4189  -12225.4835  0.5638 
   00737    0.4269  -12236.2278  0.5741 
   00738    0.4328  -12239.3375  0.5781 
   00739    0.4272  -12273.2265  0.5824 
   00740    0.4008  -12285.6389  0.5799 
   00741    0.3967  -12254.9989  0.5791 
   00742    0.4072  -12299.2712  0.5809 
   00743    0.3992  -12253.9370  0.5787 
   00744    0.4075  -12278.2839  0.5770 
   00745    0.4083  -12268.9783  0.5767 
   00746    0.4069  -12253.5318  0.5774 
   00747    0.4219  -12258.9435  0.5797 
   00748    0.4150  -12343.9282  0.5844 
   00749    0.4144  -12357.8709  0.5883 
   00750    0.4217  -12287.9211  0.5887 
   00751    0.3958  -12246.9253  0.5874 
   00752    0.4153  -12302.3224  0.5910 
   00753    0.4069  -12338.2157  0.5907 
   00754    0.4181  -12292.7142  0.5847 
   00755    0.4111  -12301.3827  0.5865 
   00756    0.4086  -12313.6991  0.5853 
   00757    0.4131  -12281.7141  0.5812 
   00758    0.4169  -12309.1343  0.5885 
   00759    0.4167  -12266.2501  0.5867 
   00760    0.4025  -12258.8607  0.5868 
   00761    0.3986  -12267.2754  0.5886 
   00762    0.4072  -12292.7467  0.5900 
   00763    0.4250  -12290.4716  0.5924 
   00764    0.4169  -12314.6309  0.5998 
   00765    0.4114  -12317.8899  0.5923 
   00766    0.4053  -12286.6392  0.5951 
   00767    0.4042  -12255.1754  0.5946 
   00768    0.4156  -12246.2822  0.5886 
   00769    0.4086  -12291.4540  0.5861 
   00770    0.4125  -12319.0248  0.5855 
   00771    0.4289  -12341.8498  0.5859 
   00772    0.4269  -12317.7495  0.5827 
   00773    0.4264  -12327.1823  0.5766 
   00774    0.4172  -12253.6496  0.5750 
   00775    0.4081  -12282.8696  0.5718 
   00776    0.4083  -12184.4062  0.5686 
   00777    0.4247  -12193.1264  0.5698 
   00778    0.4092  -12199.7378  0.5709 
   00779    0.4150  -12252.8891  0.5723 
   00780    0.4211  -12244.7125  0.5688 
   00781    0.4161  -12268.4310  0.5675 
   00782    0.4094  -12241.9028  0.5680 
   00783    0.4242  -12233.7671  0.5701 
   00784    0.4081  -12275.7281  0.5706 
   00785    0.4014  -12321.1966  0.5694 
   00786    0.4078  -12291.1719  0.5651 
   00787    0.4192  -12251.4375  0.5580 
   00788    0.4239  -12258.6439  0.5662 
   00789    0.4183  -12272.2955  0.5667 
   00790    0.4150  -12287.9323  0.5712 
   00791    0.4181  -12297.0922  0.5713 
   00792    0.4097  -12324.2081  0.5734 
   00793    0.4025  -12271.0024  0.5724 
   00794    0.4133  -12274.0770  0.5704 
   00795    0.3944  -12240.8606  0.5678 
   00796    0.4031  -12254.9095  0.5694 
   00797    0.4236  -12217.7959  0.5655 
   00798    0.4211  -12216.8397  0.5661 
   00799    0.4025  -12285.1087  0.5680 
   00800    0.4117  -12277.2575  0.5679 
   00801    0.4097  -12264.3107  0.5704 
   00802    0.4119  -12252.9585  0.5717 
   00803    0.4147  -12265.9363  0.5709 
   00804    0.4083  -12318.6177  0.5738 
   00805    0.4114  -12316.9758  0.5784 
   00806    0.4075  -12261.2215  0.5748 
   00807    0.4117  -12218.4329  0.5743 
   00808    0.4264  -12243.4931  0.5786 
   00809    0.4172  -12264.0656  0.5766 
   00810    0.4125  -12254.8778  0.5800 
   00811    0.4147  -12269.7470  0.5783 
   00812    0.4292  -12328.7312  0.5787 
   00813    0.4189  -12324.1598  0.5813 
   00814    0.4175  -12331.5311  0.5846 
   00815    0.3975  -12308.0745  0.5834 
   00816    0.4072  -12308.4925  0.5863 
   00817    0.4286  -12261.9578  0.5888 
   00818    0.4092  -12271.5555  0.5878 
   00819    0.4028  -12272.3028  0.5866 
   00820    0.4178  -12280.7923  0.5886 
   00821    0.3964  -12301.2532  0.5867 
   00822    0.4078  -12310.7829  0.5880 
   00823    0.4186  -12319.9295  0.5889 
   00824    0.4025  -12269.6968  0.5810 
   00825    0.4017  -12358.2795  0.5799 
   00826    0.4114  -12340.8491  0.5784 
   00827    0.4231  -12288.4897  0.5750 
   00828    0.4100  -12315.7051  0.5732 
   00829    0.4114  -12297.1027  0.5732 
   00830    0.4142  -12303.0238  0.5762 
   00831    0.4086  -12288.3648  0.5800 
   00832    0.4156  -12302.8385  0.5793 
   00833    0.4158  -12306.5445  0.5803 
   00834    0.4111  -12357.2820  0.5842 
   00835    0.3931  -12307.1063  0.5792 
   00836    0.4000  -12267.4063  0.5770 
   00837    0.4086  -12287.3891  0.5783 
   00838    0.4164  -12247.4016  0.5756 
   00839    0.4089  -12253.0329  0.5708 
   00840    0.4039  -12247.9229  0.5672 
   00841    0.4106  -12265.7790  0.5614 
   00842    0.4072  -12271.9414  0.5561 
   00843    0.4111  -12225.7006  0.5493 
   00844    0.4117  -12161.4235  0.5482 
   00845    0.4117  -12141.9960  0.5511 
   00846    0.4025  -12161.0889  0.5541 
   00847    0.4114  -12250.3836  0.5556 
   00848    0.4011  -12272.4240  0.5578 
   00849    0.4092  -12222.2693  0.5559 
   00850    0.4167  -12301.5640  0.5629 
   00851    0.4028  -12308.5455  0.5642 
   00852    0.4197  -12318.1162  0.5684 
   00853    0.4142  -12384.0783  0.5714 
   00854    0.4092  -12320.0619  0.5707 
   00855    0.4203  -12311.3317  0.5645 
   00856    0.4172  -12304.1416  0.5627 
   00857    0.4042  -12347.8937  0.5667 
   00858    0.4169  -12378.5235  0.5679 
   00859    0.4094  -12339.9741  0.5731 
   00860    0.4175  -12310.1189  0.5748 
   00861    0.4197  -12281.7590  0.5721 
   00862    0.4192  -12268.8373  0.5800 
   00863    0.4100  -12257.9713  0.5820 
   00864    0.4197  -12273.9310  0.5791 
   00865    0.4069  -12230.1859  0.5804 
   00866    0.4008  -12216.1812  0.5815 
   00867    0.4114  -12260.3205  0.5738 
   00868    0.4150  -12323.4702  0.5776 
   00869    0.4011  -12310.3436  0.5803 
   00870    0.4192  -12287.7946  0.5770 
   00871    0.4203  -12361.6123  0.5741 
   00872    0.4064  -12299.1989  0.5699 
   00873    0.4067  -12265.0441  0.5743 
   00874    0.3928  -12258.0968  0.5749 
   00875    0.4094  -12197.0700  0.5698 
   00876    0.4058  -12241.4517  0.5736 
   00877    0.4156  -12264.2038  0.5698 
   00878    0.4092  -12258.2549  0.5646 
   00879    0.4092  -12305.3733  0.5693 
   00880    0.4375  -12294.5086  0.5742 
   00881    0.4083  -12272.0180  0.5719 
   00882    0.4147  -12261.8242  0.5722 
   00883    0.4153  -12277.1997  0.5698 
   00884    0.4222  -12282.4615  0.5704 
   00885    0.4031  -12247.8520  0.5710 
   00886    0.4000  -12281.9392  0.5737 
   00887    0.4000  -12296.1184  0.5737 
   00888    0.4264  -12239.0138  0.5718 
   00889    0.4117  -12191.2244  0.5743 
   00890    0.4133  -12203.3719  0.5770 
   00891    0.4039  -12225.4835  0.5754 
   00892    0.4128  -12192.0597  0.5779 
   00893    0.4108  -12229.6191  0.5747 
   00894    0.4408  -12263.5988  0.5736 
   00895    0.4133  -12297.5451  0.5679 
   00896    0.4075  -12277.7840  0.5723 
   00897    0.4094  -12277.0966  0.5734 
   00898    0.3994  -12274.2365  0.5652 
   00899    0.4083  -12241.9232  0.5644 
   00900    0.4283  -12258.2458  0.5594 
   00901    0.4114  -12300.9644  0.5647 
   00902    0.4083  -12311.1369  0.5636 
   00903    0.4000  -12296.1765  0.5643 
   00904    0.4072  -12328.2173  0.5704 
   00905    0.4150  -12282.7574  0.5677 
   00906    0.4025  -12261.3236  0.5742 
   00907    0.4125  -12222.1417  0.5748 
   00908    0.4164  -12230.0473  0.5766 
   00909    0.3992  -12230.5869  0.5783 
   00910    0.4100  -12239.3567  0.5835 
   00911    0.3944  -12243.0627  0.5894 
   00912    0.4042  -12220.4971  0.5866 
   00913    0.4119  -12301.1603  0.5877 
   00914    0.3967  -12310.7505  0.5871 
   00915    0.3986  -12294.7153  0.5829 
   00916    0.4050  -12296.8838  0.5797 
   00917    0.4136  -12258.0683  0.5764 
   00918    0.4047  -12281.8573  0.5806 
   00919    0.3964  -12295.4654  0.5776 
   00920    0.4097  -12267.8433  0.5726 
   00921    0.4056  -12319.7057  0.5746 
   00922    0.3978  -12283.6197  0.5688 
   00923    0.4192  -12316.0750  0.5708 
   00924    0.4022  -12352.6298  0.5763 
   00925    0.4031  -12383.1150  0.5749 
   00926    0.4131  -12350.1361  0.5719 
   00927    0.4036  -12346.8807  0.5732 
   00928    0.4206  -12313.3288  0.5757 
   00929    0.4181  -12324.5246  0.5761 
   00930    0.4194  -12302.6437  0.5799 
   00931    0.4114  -12288.3119  0.5793 
   00932    0.4122  -12304.2349  0.5813 
   00933    0.4131  -12306.5312  0.5767 
   00934    0.3994  -12316.9843  0.5747 
   00935    0.4114  -12269.1228  0.5743 
   00936    0.4350  -12276.2539  0.5755 
   00937    0.4100  -12295.0232  0.5737 
   00938    0.4058  -12243.9101  0.5719 
   00939    0.4119  -12273.9265  0.5715 
   00940    0.4058  -12275.0466  0.5809 
   00941    0.4089  -12271.6995  0.5814 
   00942    0.4106  -12281.4540  0.5796 
   00943    0.4103  -12312.1002  0.5811 
   00944    0.4039  -12379.9842  0.5853 
   00945    0.4328  -12304.4147  0.5820 
   00946    0.4178  -12296.7500  0.5765 
   00947    0.4197  -12326.9527  0.5754 
   00948    0.3939  -12323.1654  0.5728 
   00949    0.4114  -12295.0971  0.5703 
   00950    0.4056  -12303.8709  0.5718 
   00951    0.4047  -12333.5150  0.5716 
   00952    0.4156  -12282.9432  0.5745 
   00953    0.4197  -12297.5114  0.5796 
   00954    0.3972  -12313.6246  0.5754 
   00955    0.4036  -12278.3217  0.5695 
   00956    0.4192  -12293.3487  0.5686 
   00957    0.4017  -12282.6968  0.5691 
   00958    0.4169  -12316.1544  0.5709 
   00959    0.4178  -12326.6311  0.5694 
   00960    0.4139  -12327.5694  0.5680 
   00961    0.4164  -12316.6171  0.5695 
   00962    0.4117  -12301.2447  0.5724 
   00963    0.4156  -12357.7176  0.5727 
   00964    0.4164  -12293.2057  0.5751 
   00965    0.4281  -12257.7700  0.5751 
   00966    0.4122  -12231.4861  0.5724 
   00967    0.4089  -12274.1848  0.5769 
   00968    0.4125  -12322.4247  0.5738 
   00969    0.4100  -12267.2981  0.5754 
   00970    0.4064  -12271.4613  0.5761 
   00971    0.4106  -12287.7711  0.5763 
   00972    0.4056  -12273.9192  0.5757 
   00973    0.4069  -12261.8644  0.5740 
   00974    0.4136  -12298.8703  0.5782 
   00975    0.4161  -12300.3793  0.5719 
   00976    0.4156  -12323.0615  0.5697 
   00977    0.4172  -12266.0202  0.5734 
   00978    0.4106  -12247.3680  0.5731 
   00979    0.4150  -12322.3335  0.5710 
   00980    0.4028  -12297.9629  0.5686 
   00981    0.4044  -12339.3614  0.5740 
   00982    0.4044  -12314.5749  0.5772 
   00983    0.4100  -12309.2025  0.5745 
   00984    0.4033  -12306.1870  0.5726 
   00985    0.4075  -12305.9082  0.5768 
   00986    0.4183  -12275.3393  0.5721 
   00987    0.4122  -12267.7692  0.5676 
   00988    0.4083  -12246.1340  0.5642 
   00989    0.4153  -12297.9908  0.5623 
   00990    0.4125  -12296.9998  0.5636 
   00991    0.4039  -12232.1595  0.5613 
   00992    0.4089  -12219.9552  0.5591 
   00993    0.4208  -12258.9040  0.5646 
   00994    0.4133  -12205.8727  0.5636 
   00995    0.4006  -12210.5969  0.5713 
   00996    0.3989  -12256.8672  0.5798 
   00997    0.4028  -12222.1350  0.5822 
   00998    0.4114  -12289.1139  0.5791 
   00999    0.3872  -12298.5055  0.5797 
   01000    0.4083  -12275.9205  0.5768 
