#=====================================================
# File created:        Tue-25-Feb-2025-at-01-37-24PM
# Size of lattice:     50x50
# Number of MC steps:  50
# Reduced temperature: 0.500
# Run time (s):        15.202496
#=====================================================
# MC step:  Ratio:     Energy:   Order:
#=====================================================
   00000    0.5000 -125343.6539  0.0998 
   00001    0.4712 -184543.0766  0.0891 
   00002    0.3912 -226581.3803  0.1320 
   00003    0.3256 -255410.5472  0.0750 
   00004    0.2828 -278155.5982  0.1790 
   00005    0.2924 -298911.4601  0.1631 
   00006    0.2520 -317440.3068  0.1018 
   00007    0.2356 -335942.2133  0.1239 
   00008    0.2132 -352187.8588  0.1460 
   00009    0.2180 -368120.2959  0.2071 
   00010    0.2056 -382866.9137  0.0896 
   00011    0.2016 -396965.5311  0.0946 
   00012    0.1876 -410455.6031  0.1470 
   00013    0.1836 -420833.6012  0.1240 
   00014    0.1672 -429223.0755  0.1058 
   00015    0.1652 -435894.0336  0.1052 
   00016    0.1472 -442534.9523  0.1089 
   00017    0.1420 -447901.9284  0.1458 
   00018    0.1424 -452673.8283  0.1159 
   00019    0.1372 -457410.0942  0.1272 
   00020    0.1232 -459572.6647  0.1835 
   00021    0.1120 -462082.1004  0.1841 
   00022    0.1188 -464525.7577  0.1698 
   00023    0.1056 -466166.2830  0.1520 
   00024    0.1036 -467923.6439  0.1213 
   00025    0.1004 -469535.9582  0.1070 
   00026    0.1004 -470838.4710  0.1276 
   00027    0.0964 -472290.3615  0.1064 
   00028    0.0988 -473544.6243  0.1247 
   00029    0.1016 -474347.1052  0.1199 
   00030    0.0904 -475025.3642  0.1103 
   00031    0.0944 -475668.2507  0.1131 
   00032    0.0824 -476137.9745  0.1194 
   00033    0.0844 -476592.7566  0.1208 
   00034    0.0784 -476954.4504  0.1935 
   00035    0.0904 -477216.0431  0.1243 
   00036    0.0704 -477556.0473  0.1125 
   00037    0.0876 -477916.8711  0.1276 
   00038    0.0780 -478217.8277  0.1300 
   00039    0.0724 -478549.1816  0.1244 
   00040    0.0744 -478788.1866  0.0903 
   00041    0.0772 -479018.0184  0.1164 
   00042    0.0816 -479260.8979  0.1145 
   00043    0.0748 -479402.3325  0.1158 
   00044    0.0780 -479569.9611  0.1289 
   00045    0.0676 -479728.8799  0.1359 
   00046    0.0704 -479903.9057  0.1188 
   00047    0.0700 -480000.5822  0.1135 
   00048    0.0704 -480119.7746  0.2020 
   00049    0.0744 -480262.5416  0.1253 
   00050    0.0744 -480381.5888  0.1076 
