#=====================================================
# File created:        Wed-26-Feb-2025-at-04-11-07AM
# Size of lattice:     60x60
# Number of MC steps:  1000
# Reduced temperature: 0.500
# Run time (s):        35.784825
#=====================================================
# MC step:  Ratio:     Energy:   Order:
#=====================================================
   00000    0.5000   -3368.0666  0.2583 
   00001    0.7119   -5420.6963  0.2519 
   00002    0.6356   -6644.8796  0.2618 
   00003    0.5822   -7489.4964  0.2628 
   00004    0.5531   -8055.0393  0.2617 
   00005    0.5422   -8594.7177  0.2703 
   00006    0.5219   -8998.9639  0.2617 
   00007    0.4981   -9375.9883  0.2717 
   00008    0.4983   -9749.2001  0.2755 
   00009    0.4811  -10015.4187  0.2784 
   00010    0.4881  -10090.9411  0.2769 
   00011    0.4761  -10323.0963  0.2817 
   00012    0.4736  -10487.3998  0.2750 
   00013    0.4489  -10596.3518  0.2722 
   00014    0.4606  -10733.9440  0.2725 
   00015    0.4511  -10899.8507  0.2652 
   00016    0.4517  -10994.2256  0.2639 
   00017    0.4403  -11030.6180  0.2573 
   00018    0.4461  -11093.5798  0.2543 
   00019    0.4461  -11179.0872  0.2531 
   00020    0.4506  -11155.9736  0.2615 
   00021    0.4331  -11237.6443  0.2603 
   00022    0.4422  -11318.3793  0.2631 
   00023    0.4475  -11342.3325  0.2640 
   00024    0.4342  -11351.2023  0.2643 
   00025    0.4453  -11389.9262  0.2643 
   00026    0.4411  -11437.8173  0.2652 
   00027    0.4350  -11493.3635  0.2678 
   00028    0.4350  -11554.3366  0.2637 
   00029    0.4264  -11499.0296  0.2624 
   00030    0.4342  -11559.8411  0.2682 
   00031    0.4231  -11606.4731  0.2678 
   00032    0.4297  -11626.7258  0.2671 
   00033    0.4328  -11594.4880  0.2718 
   00034    0.4331  -11571.9701  0.2774 
   00035    0.4294  -11617.0595  0.2844 
   00036    0.4367  -11593.0583  0.2856 
   00037    0.4269  -11608.9274  0.2861 
   00038    0.4431  -11622.2643  0.2895 
   00039    0.4408  -11648.5598  0.2841 
   00040    0.4344  -11695.6781  0.2843 
   00041    0.4161  -11718.1895  0.2818 
   00042    0.4228  -11792.5476  0.2854 
   00043    0.4083  -11772.9187  0.2852 
   00044    0.4181  -11803.0134  0.2837 
   00045    0.4397  -11783.0678  0.2886 
   00046    0.4117  -11824.5661  0.2828 
   00047    0.4200  -11825.3748  0.2894 
   00048    0.4378  -11831.3229  0.2846 
   00049    0.4233  -11785.3490  0.2843 
   00050    0.4197  -11772.3307  0.2805 
   00051    0.4308  -11777.3703  0.2839 
   00052    0.4325  -11776.5709  0.2845 
   00053    0.4256  -11770.6396  0.2905 
   00054    0.4364  -11792.5176  0.2919 
   00055    0.4275  -11825.6156  0.2922 
   00056    0.4231  -11827.9562  0.2930 
   00057    0.4203  -11817.9578  0.2925 
   00058    0.4231  -11853.6574  0.2914 
   00059    0.4258  -11826.3322  0.2930 
   00060    0.4158  -11840.1829  0.2885 
   00061    0.4256  -11837.5680  0.2936 
   00062    0.4056  -11832.4061  0.2914 
   00063    0.4217  -11844.3218  0.2941 
   00064    0.4181  -11844.9818  0.2943 
   00065    0.4306  -11880.3566  0.2896 
   00066    0.4283  -11928.6467  0.2931 
   00067    0.4203  -11896.0326  0.2976 
   00068    0.4150  -11879.5913  0.2976 
   00069    0.4067  -11923.2904  0.2961 
   00070    0.4267  -11929.0476  0.2861 
   00071    0.4217  -11892.3871  0.2827 
   00072    0.4256  -11912.8318  0.2802 
   00073    0.4236  -11945.0031  0.2873 
   00074    0.4239  -11888.4917  0.2852 
   00075    0.4286  -11896.7418  0.2926 
   00076    0.4181  -11869.0112  0.2979 
   00077    0.4297  -11900.1973  0.3006 
   00078    0.4358  -11871.6016  0.2934 
   00079    0.4083  -11856.9858  0.2923 
   00080    0.4178  -11916.5578  0.2885 
   00081    0.4233  -11913.3394  0.2887 
   00082    0.4233  -11927.2657  0.2903 
   00083    0.4117  -11963.7574  0.2909 
   00084    0.4267  -11917.8638  0.2859 
   00085    0.4200  -11914.4644  0.2798 
   00086    0.4192  -11901.2288  0.2738 
   00087    0.4367  -11891.2498  0.2789 
   00088    0.4103  -11935.1209  0.2837 
   00089    0.4289  -11883.6249  0.2907 
   00090    0.4161  -11859.0923  0.3003 
   00091    0.4253  -11814.2658  0.2914 
   00092    0.4289  -11833.0239  0.2916 
   00093    0.4272  -11877.2332  0.2870 
   00094    0.4317  -11797.4302  0.2884 
   00095    0.4275  -11775.8761  0.2905 
   00096    0.4164  -11845.7200  0.2884 
   00097    0.4264  -11853.6858  0.2929 
   00098    0.4264  -11895.1751  0.2977 
   00099    0.4283  -11917.3862  0.2982 
   00100    0.4197  -11856.5197  0.2965 
   00101    0.4219  -11878.7875  0.3001 
   00102    0.4144  -11884.4201  0.3059 
   00103    0.4219  -11873.0229  0.3095 
   00104    0.4231  -11914.6760  0.3070 
   00105    0.4089  -11908.2437  0.3003 
   00106    0.4236  -11911.3248  0.2986 
   00107    0.4139  -11914.9828  0.2978 
   00108    0.4322  -11928.3135  0.3049 
   00109    0.4267  -11883.9205  0.2954 
   00110    0.4178  -11874.7455  0.3000 
   00111    0.4119  -11898.1739  0.2948 
   00112    0.4025  -11906.3617  0.2989 
   00113    0.4225  -11939.2920  0.2949 
   00114    0.4206  -11938.1208  0.2914 
   00115    0.4147  -11912.4262  0.2937 
   00116    0.4228  -11864.2198  0.2947 
   00117    0.4164  -11869.2785  0.2935 
   00118    0.4158  -11909.9425  0.2930 
   00119    0.4289  -11880.8289  0.2892 
   00120    0.4217  -11870.7309  0.2889 
   00121    0.4281  -11844.1029  0.2937 
   00122    0.4119  -11923.0559  0.2990 
   00123    0.4144  -11911.3055  0.2991 
   00124    0.4128  -11876.2500  0.2988 
   00125    0.4297  -11858.8041  0.2990 
   00126    0.4258  -11885.1807  0.2997 
   00127    0.4200  -11843.9476  0.3059 
   00128    0.4281  -11904.5196  0.3147 
   00129    0.4353  -11910.5831  0.3168 
   00130    0.4253  -11938.5664  0.3135 
   00131    0.4186  -11968.8370  0.3193 
   00132    0.4225  -11959.8584  0.3227 
   00133    0.4136  -11947.5830  0.3230 
   00134    0.4186  -11917.9277  0.3209 
   00135    0.4228  -11954.6662  0.3166 
   00136    0.4297  -11981.9269  0.3148 
   00137    0.4225  -11931.3239  0.3162 
   00138    0.4283  -11871.3336  0.3151 
   00139    0.4286  -11890.3800  0.3177 
   00140    0.4147  -11953.2774  0.3130 
   00141    0.4144  -11963.8670  0.3065 
   00142    0.4225  -11949.1732  0.3114 
   00143    0.4056  -11977.4339  0.3109 
   00144    0.4275  -11981.5625  0.3159 
   00145    0.4136  -12051.7595  0.3155 
   00146    0.4219  -12058.6811  0.3098 
   00147    0.4167  -12024.8930  0.3119 
   00148    0.4217  -11998.6673  0.3074 
   00149    0.4164  -12000.5296  0.3111 
   00150    0.4242  -12027.5128  0.3156 
   00151    0.4225  -12055.3573  0.3165 
   00152    0.4147  -12043.7664  0.3114 
   00153    0.4178  -12053.1887  0.3100 
   00154    0.4086  -12002.8026  0.3108 
   00155    0.4003  -12009.6723  0.3133 
   00156    0.4044  -12011.9489  0.3141 
   00157    0.4161  -12062.0919  0.3160 
   00158    0.4217  -11993.5952  0.3249 
   00159    0.4247  -11987.8147  0.3237 
   00160    0.4197  -12026.7530  0.3251 
   00161    0.4225  -12023.8710  0.3211 
   00162    0.4094  -12055.4766  0.3202 
   00163    0.4186  -12061.5533  0.3202 
   00164    0.4117  -12074.2076  0.3188 
   00165    0.4253  -12119.4954  0.3240 
   00166    0.4081  -12108.4545  0.3192 
   00167    0.4164  -12075.1544  0.3129 
   00168    0.4019  -12025.5853  0.3116 
   00169    0.4275  -12038.7827  0.3121 
   00170    0.4353  -12085.5499  0.3099 
   00171    0.4086  -12033.6475  0.3098 
   00172    0.4044  -11980.9201  0.3195 
   00173    0.4197  -11997.9393  0.3226 
   00174    0.4297  -12014.6220  0.3207 
   00175    0.4197  -12023.3508  0.3179 
   00176    0.4128  -11999.8262  0.3175 
   00177    0.4147  -12021.5549  0.3236 
   00178    0.3889  -12057.1494  0.3210 
   00179    0.4139  -12058.5825  0.3214 
   00180    0.4206  -12037.7031  0.3167 
   00181    0.4031  -12071.4339  0.3125 
   00182    0.4242  -12052.1371  0.3088 
   00183    0.4025  -12050.3578  0.3109 
   00184    0.4167  -12080.6481  0.3054 
   00185    0.4072  -12081.4821  0.3025 
   00186    0.4167  -12021.5961  0.2980 
   00187    0.4203  -12028.3299  0.2946 
   00188    0.4158  -12043.6760  0.2913 
   00189    0.4225  -12056.2154  0.2906 
   00190    0.4344  -12021.5579  0.2890 
   00191    0.4278  -12051.5459  0.2903 
   00192    0.4125  -11987.5765  0.2876 
   00193    0.4147  -11954.5965  0.2856 
   00194    0.4181  -11921.9639  0.2871 
   00195    0.4186  -11968.2734  0.2826 
   00196    0.4172  -11951.7294  0.2842 
   00197    0.4236  -11935.0677  0.2824 
   00198    0.4133  -11918.2010  0.2862 
   00199    0.4350  -11988.2228  0.2827 
   00200    0.3994  -12006.5966  0.2899 
   00201    0.4208  -12004.0269  0.2973 
   00202    0.4083  -12029.6772  0.3017 
   00203    0.4181  -12065.1824  0.2999 
   00204    0.4161  -12041.3572  0.3055 
   00205    0.4333  -12034.4207  0.3069 
   00206    0.4211  -12131.5413  0.3066 
   00207    0.4025  -12141.4221  0.3094 
   00208    0.4228  -12120.8085  0.3080 
   00209    0.4114  -12146.6356  0.3116 
   00210    0.4247  -12101.0268  0.3142 
   00211    0.4069  -12088.9814  0.3155 
   00212    0.3967  -12169.7953  0.3130 
   00213    0.4211  -12095.4208  0.3080 
   00214    0.4208  -12099.5356  0.3064 
   00215    0.4233  -12114.7054  0.3057 
   00216    0.4119  -12095.9355  0.3049 
   00217    0.4303  -12087.1091  0.3070 
   00218    0.4194  -12094.3858  0.3139 
   00219    0.4164  -12101.1160  0.3107 
   00220    0.4169  -12108.8257  0.3125 
   00221    0.4022  -12131.4441  0.3130 
   00222    0.4164  -12087.9584  0.3104 
   00223    0.4108  -12131.1042  0.3085 
   00224    0.4153  -12119.5608  0.3061 
   00225    0.4142  -12087.3715  0.3041 
   00226    0.4094  -12084.3890  0.3035 
   00227    0.4172  -12115.7440  0.3006 
   00228    0.4036  -12124.9643  0.3069 
   00229    0.4067  -12146.5759  0.3073 
   00230    0.4192  -12088.0945  0.3095 
   00231    0.4092  -12140.7325  0.3151 
   00232    0.4158  -12096.2384  0.3193 
   00233    0.4133  -12055.8495  0.3203 
   00234    0.4219  -12142.7657  0.3256 
   00235    0.4108  -12112.8460  0.3293 
   00236    0.4228  -12141.9941  0.3351 
   00237    0.4056  -12089.9836  0.3336 
   00238    0.4075  -12129.1626  0.3350 
   00239    0.4161  -12078.8901  0.3387 
   00240    0.4086  -12068.5784  0.3340 
   00241    0.4283  -12068.3848  0.3392 
   00242    0.4017  -12091.3072  0.3395 
   00243    0.4147  -12087.8644  0.3421 
   00244    0.4081  -12113.1993  0.3435 
   00245    0.4092  -12092.7597  0.3433 
   00246    0.4219  -12127.7235  0.3436 
   00247    0.4158  -12190.6273  0.3488 
   00248    0.4122  -12095.1017  0.3451 
   00249    0.4272  -12107.4761  0.3471 
   00250    0.4219  -12143.1914  0.3427 
   00251    0.4153  -12114.3858  0.3421 
   00252    0.4092  -12048.5283  0.3460 
   00253    0.4283  -12030.2364  0.3460 
   00254    0.4283  -12009.9325  0.3429 
   00255    0.4119  -12051.7881  0.3445 
   00256    0.4136  -12100.2338  0.3479 
   00257    0.4181  -12044.7354  0.3450 
   00258    0.4186  -12070.8475  0.3473 
   00259    0.4094  -12047.3898  0.3491 
   00260    0.4203  -12049.2953  0.3586 
   00261    0.4256  -12125.0309  0.3636 
   00262    0.4211  -12041.1407  0.3688 
   00263    0.4103  -12080.2516  0.3749 
   00264    0.4272  -12065.4137  0.3778 
   00265    0.4247  -12034.7242  0.3755 
   00266    0.4133  -12028.2617  0.3736 
   00267    0.4128  -12038.0926  0.3718 
   00268    0.4250  -12105.0770  0.3653 
   00269    0.4075  -12015.3362  0.3620 
   00270    0.4161  -12058.8968  0.3611 
   00271    0.4103  -12041.7216  0.3569 
   00272    0.4239  -12100.2447  0.3608 
   00273    0.4175  -12105.8038  0.3641 
   00274    0.4208  -12106.0423  0.3688 
   00275    0.4042  -12140.3160  0.3638 
   00276    0.4031  -12068.8584  0.3673 
   00277    0.4392  -12117.3107  0.3714 
   00278    0.4169  -12112.0471  0.3714 
   00279    0.4133  -12100.0544  0.3692 
   00280    0.4103  -12119.2334  0.3697 
   00281    0.4111  -12103.8494  0.3658 
   00282    0.4139  -12112.0088  0.3657 
   00283    0.4200  -12122.3157  0.3667 
   00284    0.4306  -12164.8993  0.3639 
   00285    0.4103  -12103.4191  0.3608 
   00286    0.4211  -12115.1921  0.3588 
   00287    0.4133  -12097.3718  0.3595 
   00288    0.4042  -12125.7189  0.3641 
   00289    0.4153  -12113.4066  0.3666 
   00290    0.4069  -12146.0008  0.3645 
   00291    0.4064  -12113.5056  0.3642 
   00292    0.4242  -12071.5551  0.3646 
   00293    0.4211  -12123.9818  0.3551 
   00294    0.4253  -12083.5522  0.3526 
   00295    0.4158  -12062.4965  0.3516 
   00296    0.4231  -12100.4822  0.3517 
   00297    0.4200  -12116.8337  0.3519 
   00298    0.4167  -12169.1900  0.3459 
   00299    0.4136  -12144.7887  0.3508 
   00300    0.4233  -12121.5177  0.3462 
   00301    0.4042  -12095.0291  0.3493 
   00302    0.4194  -12062.1352  0.3504 
   00303    0.4181  -12083.4560  0.3467 
   00304    0.4167  -12096.3056  0.3509 
   00305    0.4183  -12163.3736  0.3524 
   00306    0.4028  -12224.2876  0.3447 
   00307    0.4025  -12171.0038  0.3426 
   00308    0.4300  -12207.1185  0.3426 
   00309    0.4050  -12122.6197  0.3376 
   00310    0.4136  -12116.2473  0.3340 
   00311    0.4056  -12072.0645  0.3304 
   00312    0.4139  -12058.4947  0.3254 
   00313    0.4086  -12027.8868  0.3256 
   00314    0.4158  -11979.3514  0.3271 
   00315    0.4264  -12003.6862  0.3320 
   00316    0.4397  -12042.3060  0.3345 
   00317    0.4244  -12050.4567  0.3310 
   00318    0.4169  -12128.0078  0.3339 
   00319    0.4122  -12102.7806  0.3354 
   00320    0.4117  -12133.1119  0.3398 
   00321    0.4239  -12128.1738  0.3372 
   00322    0.4272  -12128.8483  0.3304 
   00323    0.4014  -12125.6465  0.3366 
   00324    0.4158  -12156.5312  0.3335 
   00325    0.4069  -12165.7694  0.3312 
   00326    0.4167  -12168.3341  0.3297 
   00327    0.4225  -12169.1301  0.3302 
   00328    0.4203  -12174.1911  0.3306 
   00329    0.4206  -12136.1277  0.3384 
   00330    0.4047  -12166.3952  0.3403 
   00331    0.4167  -12190.2352  0.3425 
   00332    0.4203  -12135.9217  0.3472 
   00333    0.4103  -12093.4087  0.3465 
   00334    0.4258  -12119.9900  0.3492 
   00335    0.4050  -12105.3214  0.3443 
   00336    0.4217  -12070.6221  0.3497 
   00337    0.4119  -12100.6730  0.3491 
   00338    0.4011  -12182.2372  0.3443 
   00339    0.4064  -12206.5446  0.3429 
   00340    0.4150  -12196.9208  0.3411 
   00341    0.4039  -12179.7043  0.3389 
   00342    0.4114  -12138.6391  0.3412 
   00343    0.4006  -12114.6115  0.3463 
   00344    0.4267  -12098.6757  0.3486 
   00345    0.4086  -12118.9323  0.3530 
   00346    0.4125  -12106.4467  0.3530 
   00347    0.4186  -12090.0679  0.3505 
   00348    0.4364  -12077.9567  0.3517 
   00349    0.4189  -12125.5533  0.3546 
   00350    0.4133  -12126.8122  0.3534 
   00351    0.4150  -12163.8153  0.3567 
   00352    0.4100  -12152.6087  0.3586 
   00353    0.4033  -12175.4393  0.3554 
   00354    0.4147  -12196.0824  0.3542 
   00355    0.4053  -12176.6286  0.3566 
   00356    0.4022  -12224.9950  0.3520 
   00357    0.4064  -12199.7506  0.3551 
   00358    0.4017  -12189.1713  0.3516 
   00359    0.4236  -12154.4883  0.3499 
   00360    0.4106  -12118.3814  0.3484 
   00361    0.4036  -12197.7322  0.3467 
   00362    0.4103  -12188.8864  0.3441 
   00363    0.4017  -12119.1923  0.3396 
   00364    0.4181  -12125.8273  0.3425 
   00365    0.4122  -12194.2882  0.3467 
   00366    0.4072  -12184.6777  0.3504 
   00367    0.4108  -12204.1713  0.3547 
   00368    0.4092  -12150.3993  0.3511 
   00369    0.4203  -12167.9734  0.3466 
   00370    0.4164  -12154.9564  0.3415 
   00371    0.4194  -12128.9048  0.3456 
   00372    0.4153  -12163.6760  0.3485 
   00373    0.4267  -12155.8913  0.3488 
   00374    0.4225  -12086.1533  0.3568 
   00375    0.4042  -12115.9226  0.3617 
   00376    0.4189  -12113.9658  0.3637 
   00377    0.4261  -12074.9777  0.3677 
   00378    0.4108  -12067.7043  0.3745 
   00379    0.4128  -12043.9453  0.3775 
   00380    0.4286  -12111.0781  0.3798 
   00381    0.4114  -12163.8401  0.3862 
   00382    0.4022  -12158.4445  0.3834 
   00383    0.4042  -12139.2727  0.3903 
   00384    0.4078  -12139.8774  0.3937 
   00385    0.3986  -12172.3015  0.3989 
   00386    0.4125  -12156.4877  0.3934 
   00387    0.4036  -12101.3784  0.3863 
   00388    0.4192  -12180.6106  0.3814 
   00389    0.4131  -12157.4514  0.3855 
   00390    0.4089  -12122.6240  0.3860 
   00391    0.4244  -12114.9176  0.3801 
   00392    0.4258  -12124.1287  0.3834 
   00393    0.4239  -12168.4472  0.3826 
   00394    0.4181  -12153.9059  0.3790 
   00395    0.4142  -12134.4438  0.3755 
   00396    0.4272  -12161.0802  0.3824 
   00397    0.4161  -12157.6844  0.3806 
   00398    0.4147  -12175.0459  0.3824 
   00399    0.4028  -12164.9881  0.3808 
   00400    0.4197  -12139.7708  0.3860 
   00401    0.4064  -12119.2316  0.3802 
   00402    0.4264  -12142.9540  0.3814 
   00403    0.4133  -12169.3288  0.3804 
   00404    0.4167  -12168.1075  0.3805 
   00405    0.4106  -12171.3945  0.3760 
   00406    0.4069  -12223.8471  0.3783 
   00407    0.4172  -12175.9368  0.3801 
   00408    0.4092  -12165.1168  0.3818 
   00409    0.4228  -12144.6184  0.3821 
   00410    0.4119  -12175.6979  0.3863 
   00411    0.4153  -12169.6393  0.3846 
   00412    0.4017  -12201.0695  0.3834 
   00413    0.4097  -12174.7983  0.3863 
   00414    0.4186  -12181.2380  0.3909 
   00415    0.3969  -12194.5505  0.3969 
   00416    0.4100  -12236.2252  0.3986 
   00417    0.4008  -12246.0811  0.4068 
   00418    0.3864  -12291.4334  0.4134 
   00419    0.4225  -12334.9923  0.4118 
   00420    0.4111  -12321.2633  0.4168 
   00421    0.4094  -12270.4557  0.4179 
   00422    0.4131  -12338.1554  0.4193 
   00423    0.4103  -12242.9587  0.4163 
   00424    0.4094  -12228.1327  0.4179 
   00425    0.4114  -12224.6685  0.4153 
   00426    0.3989  -12214.8016  0.4189 
   00427    0.3958  -12193.8084  0.4182 
   00428    0.4100  -12189.3138  0.4253 
   00429    0.4125  -12207.7621  0.4239 
   00430    0.4228  -12145.7431  0.4232 
   00431    0.4217  -12174.9856  0.4297 
   00432    0.4086  -12197.7676  0.4328 
   00433    0.4111  -12196.3078  0.4309 
   00434    0.4006  -12222.9075  0.4295 
   00435    0.4075  -12280.1361  0.4306 
   00436    0.4169  -12248.4865  0.4291 
   00437    0.4075  -12209.1856  0.4238 
   00438    0.4014  -12173.3708  0.4227 
   00439    0.4117  -12131.2339  0.4209 
   00440    0.4206  -12196.7365  0.4215 
   00441    0.4039  -12208.1545  0.4251 
   00442    0.4022  -12242.4876  0.4263 
   00443    0.4125  -12176.2795  0.4286 
   00444    0.4061  -12181.3514  0.4305 
   00445    0.4236  -12194.4792  0.4350 
   00446    0.4192  -12177.5021  0.4385 
   00447    0.4094  -12233.2130  0.4354 
   00448    0.4100  -12251.1873  0.4425 
   00449    0.4189  -12248.6987  0.4448 
   00450    0.4053  -12220.3898  0.4493 
   00451    0.4064  -12233.4160  0.4496 
   00452    0.4044  -12298.7851  0.4493 
   00453    0.4136  -12267.4924  0.4497 
   00454    0.3994  -12216.6513  0.4474 
   00455    0.4269  -12202.4158  0.4469 
   00456    0.4367  -12242.0530  0.4521 
   00457    0.4144  -12239.7656  0.4503 
   00458    0.4117  -12234.8662  0.4485 
   00459    0.4114  -12274.6244  0.4513 
   00460    0.4172  -12190.9475  0.4549 
   00461    0.4200  -12269.8491  0.4556 
   00462    0.4250  -12242.3913  0.4556 
   00463    0.4086  -12204.9679  0.4561 
   00464    0.4078  -12259.9472  0.4555 
   00465    0.4153  -12284.4915  0.4518 
   00466    0.4053  -12240.8890  0.4511 
   00467    0.4153  -12249.0152  0.4494 
   00468    0.4156  -12264.6196  0.4551 
   00469    0.4156  -12292.2035  0.4574 
   00470    0.4053  -12270.4584  0.4566 
   00471    0.4231  -12278.2400  0.4507 
   00472    0.4058  -12247.7104  0.4454 
   00473    0.4219  -12262.1811  0.4410 
   00474    0.4217  -12279.4611  0.4444 
   00475    0.4222  -12293.6610  0.4493 
   00476    0.4114  -12288.9605  0.4538 
   00477    0.4103  -12274.7652  0.4492 
   00478    0.4056  -12281.9907  0.4507 
   00479    0.3956  -12263.9296  0.4528 
   00480    0.3983  -12244.3127  0.4538 
   00481    0.3958  -12265.9661  0.4501 
   00482    0.4139  -12303.8497  0.4515 
   00483    0.4100  -12266.7006  0.4500 
   00484    0.4197  -12278.5410  0.4499 
   00485    0.4117  -12289.8846  0.4521 
   00486    0.4300  -12331.8060  0.4468 
   00487    0.4025  -12303.2993  0.4487 
   00488    0.4200  -12319.9871  0.4473 
   00489    0.4167  -12340.2449  0.4428 
   00490    0.4100  -12260.2228  0.4426 
   00491    0.4161  -12317.1255  0.4461 
   00492    0.4158  -12312.9706  0.4448 
   00493    0.4169  -12289.0891  0.4462 
   00494    0.4236  -12322.1203  0.4483 
   00495    0.3994  -12327.6090  0.4417 
   00496    0.3964  -12290.0053  0.4383 
   00497    0.4000  -12300.5251  0.4382 
   00498    0.4164  -12281.8011  0.4411 
   00499    0.4089  -12291.8334  0.4465 
   00500    0.3969  -12236.2847  0.4444 
   00501    0.4125  -12316.2040  0.4400 
   00502    0.4022  -12286.0436  0.4383 
   00503    0.3853  -12310.2380  0.4374 
   00504    0.4244  -12311.5119  0.4379 
   00505    0.4211  -12314.7868  0.4396 
   00506    0.4097  -12249.4700  0.4353 
   00507    0.4219  -12200.5402  0.4347 
   00508    0.4175  -12171.3073  0.4339 
   00509    0.4111  -12221.9461  0.4305 
   00510    0.4153  -12248.9069  0.4388 
   00511    0.4019  -12242.7381  0.4400 
   00512    0.4100  -12265.9436  0.4386 
   00513    0.3989  -12259.4231  0.4373 
   00514    0.4108  -12275.7149  0.4370 
   00515    0.4111  -12283.6789  0.4340 
   00516    0.4258  -12361.0847  0.4425 
   00517    0.4006  -12348.5676  0.4402 
   00518    0.4058  -12387.3418  0.4437 
   00519    0.3981  -12372.1356  0.4519 
   00520    0.4028  -12360.5302  0.4508 
   00521    0.4078  -12331.4285  0.4487 
   00522    0.4156  -12292.7621  0.4498 
   00523    0.4175  -12271.1809  0.4492 
   00524    0.4128  -12224.0530  0.4551 
   00525    0.4206  -12281.3504  0.4552 
   00526    0.4011  -12308.6411  0.4591 
   00527    0.4053  -12277.0228  0.4559 
   00528    0.4075  -12233.3575  0.4593 
   00529    0.4189  -12228.0152  0.4591 
   00530    0.4231  -12186.5303  0.4563 
   00531    0.3983  -12254.7138  0.4585 
   00532    0.4042  -12277.8235  0.4560 
   00533    0.4036  -12354.5648  0.4489 
   00534    0.4044  -12285.5993  0.4483 
   00535    0.4119  -12292.0936  0.4414 
   00536    0.4314  -12363.1366  0.4411 
   00537    0.4197  -12324.8582  0.4422 
   00538    0.4025  -12337.3602  0.4329 
   00539    0.4139  -12315.9874  0.4340 
   00540    0.4033  -12290.2351  0.4280 
   00541    0.4092  -12265.1283  0.4296 
   00542    0.4014  -12228.2657  0.4311 
   00543    0.3942  -12179.8138  0.4307 
   00544    0.4197  -12219.0200  0.4371 
   00545    0.4111  -12224.0528  0.4289 
   00546    0.4161  -12281.5230  0.4263 
   00547    0.4075  -12254.2720  0.4275 
   00548    0.4203  -12243.5320  0.4305 
   00549    0.4111  -12206.6058  0.4287 
   00550    0.4189  -12160.3944  0.4311 
   00551    0.4117  -12215.6284  0.4383 
   00552    0.4158  -12235.2242  0.4350 
   00553    0.4006  -12227.9959  0.4363 
   00554    0.4211  -12202.9856  0.4343 
   00555    0.4108  -12190.1086  0.4331 
   00556    0.4119  -12247.0088  0.4416 
   00557    0.4031  -12288.0004  0.4500 
   00558    0.3983  -12277.0876  0.4544 
   00559    0.4142  -12258.0228  0.4553 
   00560    0.4133  -12293.5216  0.4500 
   00561    0.4028  -12293.1110  0.4516 
   00562    0.4106  -12282.7415  0.4501 
   00563    0.4150  -12259.3237  0.4531 
   00564    0.4047  -12259.1679  0.4532 
   00565    0.4131  -12277.0346  0.4585 
   00566    0.3925  -12246.1641  0.4520 
   00567    0.4253  -12201.9375  0.4504 
   00568    0.4139  -12211.6018  0.4496 
   00569    0.4039  -12239.1217  0.4454 
   00570    0.4097  -12214.3995  0.4403 
   00571    0.4047  -12284.6665  0.4446 
   00572    0.4219  -12281.4317  0.4481 
   00573    0.4125  -12263.4313  0.4451 
   00574    0.4033  -12222.2147  0.4415 
   00575    0.4122  -12269.6858  0.4410 
   00576    0.4239  -12233.8670  0.4404 
   00577    0.4103  -12291.5072  0.4478 
   00578    0.4144  -12260.3297  0.4425 
   00579    0.4214  -12283.4410  0.4490 
   00580    0.4081  -12270.3809  0.4509 
   00581    0.4075  -12232.5383  0.4525 
   00582    0.4117  -12272.2046  0.4518 
   00583    0.4189  -12279.7383  0.4461 
   00584    0.4275  -12264.7976  0.4442 
   00585    0.4053  -12270.4393  0.4389 
   00586    0.4028  -12268.8809  0.4458 
   00587    0.4228  -12220.3250  0.4432 
   00588    0.4050  -12203.2848  0.4439 
   00589    0.4078  -12228.0740  0.4452 
   00590    0.4264  -12270.9819  0.4418 
   00591    0.4072  -12258.0412  0.4439 
   00592    0.4094  -12258.0943  0.4414 
   00593    0.3956  -12312.3105  0.4396 
   00594    0.4103  -12324.9280  0.4410 
   00595    0.4008  -12349.0031  0.4342 
   00596    0.4078  -12338.9943  0.4438 
   00597    0.4056  -12296.2360  0.4485 
   00598    0.4139  -12294.9709  0.4508 
   00599    0.4033  -12307.2228  0.4530 
   00600    0.4067  -12283.3399  0.4462 
   00601    0.4119  -12294.3539  0.4443 
   00602    0.4072  -12231.7229  0.4468 
   00603    0.4067  -12271.5374  0.4446 
   00604    0.4078  -12294.2430  0.4433 
   00605    0.4117  -12277.6782  0.4412 
   00606    0.4125  -12321.4005  0.4433 
   00607    0.4086  -12298.7884  0.4406 
   00608    0.4189  -12272.5726  0.4435 
   00609    0.4117  -12298.1224  0.4431 
   00610    0.4053  -12327.4352  0.4465 
   00611    0.3886  -12332.2656  0.4436 
   00612    0.4122  -12311.4389  0.4451 
   00613    0.3911  -12296.1981  0.4453 
   00614    0.3997  -12313.8417  0.4494 
   00615    0.4083  -12320.7867  0.4521 
   00616    0.4033  -12324.1783  0.4536 
   00617    0.4078  -12337.7646  0.4534 
   00618    0.4131  -12287.1074  0.4490 
   00619    0.3983  -12242.7196  0.4504 
   00620    0.4108  -12290.4453  0.4523 
   00621    0.4142  -12313.1410  0.4502 
   00622    0.4064  -12243.1555  0.4447 
   00623    0.4200  -12274.5578  0.4442 
   00624    0.4114  -12228.3306  0.4401 
   00625    0.4092  -12278.6391  0.4349 
   00626    0.4042  -12344.2418  0.4372 
   00627    0.4208  -12269.3029  0.4364 
   00628    0.4033  -12264.8094  0.4327 
   00629    0.4161  -12264.9312  0.4377 
   00630    0.4092  -12222.4243  0.4422 
   00631    0.4119  -12236.4461  0.4454 
   00632    0.4047  -12282.1817  0.4469 
   00633    0.4039  -12247.0552  0.4487 
   00634    0.4194  -12287.6990  0.4484 
   00635    0.4197  -12291.6618  0.4460 
   00636    0.4056  -12278.7660  0.4474 
   00637    0.4167  -12308.2341  0.4527 
   00638    0.3994  -12279.1409  0.4569 
   00639    0.4008  -12290.5024  0.4543 
   00640    0.4075  -12305.1162  0.4533 
   00641    0.4228  -12310.2857  0.4577 
   00642    0.4147  -12311.6993  0.4567 
   00643    0.3875  -12268.0803  0.4595 
   00644    0.3953  -12331.1283  0.4585 
   00645    0.4028  -12309.8208  0.4571 
   00646    0.4147  -12296.5541  0.4543 
   00647    0.4175  -12231.2741  0.4509 
   00648    0.4017  -12225.5102  0.4481 
   00649    0.4106  -12283.9726  0.4580 
   00650    0.4097  -12316.3972  0.4559 
   00651    0.4103  -12279.4036  0.4606 
   00652    0.4203  -12302.3498  0.4611 
   00653    0.4169  -12342.7343  0.4608 
   00654    0.4219  -12317.3676  0.4659 
   00655    0.4164  -12341.1519  0.4701 
   00656    0.4178  -12324.7700  0.4690 
   00657    0.4142  -12366.2475  0.4685 
   00658    0.4058  -12313.6616  0.4625 
   00659    0.4128  -12287.3892  0.4668 
   00660    0.4067  -12311.5515  0.4659 
   00661    0.4086  -12289.8126  0.4708 
   00662    0.4042  -12288.5524  0.4681 
   00663    0.4167  -12277.2932  0.4693 
   00664    0.4019  -12342.8889  0.4676 
   00665    0.4064  -12368.5002  0.4673 
   00666    0.4256  -12366.1071  0.4665 
   00667    0.4144  -12291.4396  0.4655 
   00668    0.4128  -12268.2331  0.4611 
   00669    0.4161  -12332.4467  0.4592 
   00670    0.4153  -12285.3484  0.4511 
   00671    0.4119  -12237.2671  0.4562 
   00672    0.4022  -12247.6280  0.4470 
   00673    0.4319  -12262.4952  0.4522 
   00674    0.4064  -12240.9731  0.4513 
   00675    0.3994  -12234.5902  0.4425 
   00676    0.4047  -12271.2137  0.4414 
   00677    0.4031  -12256.3040  0.4361 
   00678    0.4044  -12218.6228  0.4389 
   00679    0.4217  -12234.3102  0.4426 
   00680    0.4192  -12274.3913  0.4420 
   00681    0.4042  -12238.8757  0.4432 
   00682    0.4214  -12254.7067  0.4520 
   00683    0.4058  -12270.6165  0.4536 
   00684    0.4128  -12254.6604  0.4578 
   00685    0.3972  -12231.6344  0.4523 
   00686    0.4228  -12297.3666  0.4505 
   00687    0.4133  -12313.1118  0.4486 
   00688    0.3942  -12341.0069  0.4470 
   00689    0.4094  -12311.2032  0.4433 
   00690    0.4072  -12273.9958  0.4392 
   00691    0.4081  -12283.9382  0.4463 
   00692    0.4103  -12352.1561  0.4472 
   00693    0.4044  -12354.8143  0.4475 
   00694    0.4075  -12436.5964  0.4529 
   00695    0.4047  -12384.6454  0.4551 
   00696    0.3911  -12427.7646  0.4570 
   00697    0.4111  -12370.9323  0.4531 
   00698    0.3969  -12337.3679  0.4512 
   00699    0.4147  -12359.3738  0.4561 
   00700    0.4222  -12360.4737  0.4519 
   00701    0.4058  -12323.0529  0.4519 
   00702    0.4103  -12263.1621  0.4504 
   00703    0.4053  -12275.3471  0.4447 
   00704    0.4092  -12312.3654  0.4442 
   00705    0.4164  -12254.0879  0.4488 
   00706    0.4022  -12284.6073  0.4518 
   00707    0.4139  -12262.9583  0.4480 
   00708    0.4142  -12269.7539  0.4466 
   00709    0.4119  -12316.6850  0.4529 
   00710    0.4242  -12349.6187  0.4508 
   00711    0.4067  -12347.8333  0.4548 
   00712    0.4094  -12350.5066  0.4583 
   00713    0.4128  -12339.3260  0.4576 
   00714    0.4200  -12267.2733  0.4541 
   00715    0.4053  -12348.5819  0.4528 
   00716    0.4192  -12391.3983  0.4538 
   00717    0.4183  -12331.6646  0.4592 
   00718    0.4117  -12329.1645  0.4604 
   00719    0.4264  -12302.6106  0.4632 
   00720    0.4169  -12328.9593  0.4654 
   00721    0.4003  -12356.1365  0.4609 
   00722    0.4108  -12355.6577  0.4646 
   00723    0.4142  -12287.4886  0.4601 
   00724    0.4067  -12290.6946  0.4586 
   00725    0.4114  -12277.8907  0.4582 
   00726    0.4136  -12263.4293  0.4529 
   00727    0.4175  -12272.8767  0.4488 
   00728    0.4186  -12270.0169  0.4504 
   00729    0.4236  -12256.2070  0.4533 
   00730    0.4022  -12232.7853  0.4519 
   00731    0.4131  -12254.1866  0.4528 
   00732    0.4075  -12264.1304  0.4540 
   00733    0.4069  -12316.7077  0.4569 
   00734    0.4094  -12323.6975  0.4603 
   00735    0.4028  -12287.7366  0.4590 
   00736    0.4164  -12250.7008  0.4540 
   00737    0.4064  -12265.2700  0.4578 
   00738    0.4136  -12302.4184  0.4628 
   00739    0.4083  -12259.9208  0.4669 
   00740    0.4153  -12257.1579  0.4680 
   00741    0.4061  -12271.8282  0.4715 
   00742    0.4031  -12244.5930  0.4750 
   00743    0.4008  -12254.6540  0.4742 
   00744    0.4017  -12239.4242  0.4760 
   00745    0.4050  -12203.6892  0.4716 
   00746    0.4150  -12255.7908  0.4742 
   00747    0.4150  -12269.7726  0.4793 
   00748    0.4056  -12247.0946  0.4728 
   00749    0.4119  -12238.6199  0.4767 
   00750    0.4128  -12254.1368  0.4773 
   00751    0.4208  -12143.1035  0.4760 
   00752    0.4069  -12263.3325  0.4773 
   00753    0.4131  -12282.0890  0.4778 
   00754    0.4075  -12257.9922  0.4719 
   00755    0.4125  -12305.2619  0.4723 
   00756    0.4011  -12319.9769  0.4771 
   00757    0.4033  -12305.3817  0.4756 
   00758    0.4128  -12323.7663  0.4752 
   00759    0.4039  -12222.0449  0.4716 
   00760    0.4136  -12242.5543  0.4769 
   00761    0.4072  -12212.0676  0.4726 
   00762    0.4147  -12197.4980  0.4723 
   00763    0.4036  -12283.5478  0.4741 
   00764    0.4144  -12257.6467  0.4761 
   00765    0.4272  -12251.3272  0.4734 
   00766    0.4253  -12253.4367  0.4754 
   00767    0.4203  -12314.8427  0.4761 
   00768    0.4081  -12304.4426  0.4750 
   00769    0.4078  -12329.0810  0.4710 
   00770    0.3994  -12271.3985  0.4691 
   00771    0.4042  -12281.6491  0.4725 
   00772    0.4167  -12266.6154  0.4797 
   00773    0.4147  -12310.5874  0.4809 
   00774    0.4144  -12339.8872  0.4811 
   00775    0.4025  -12337.9846  0.4804 
   00776    0.3956  -12276.6314  0.4832 
   00777    0.4044  -12319.2870  0.4823 
   00778    0.3983  -12300.8081  0.4888 
   00779    0.3919  -12335.1847  0.4930 
   00780    0.4125  -12341.7849  0.4909 
   00781    0.4047  -12301.5272  0.5000 
   00782    0.3911  -12374.9995  0.4995 
   00783    0.4147  -12390.6432  0.4956 
   00784    0.4158  -12396.8496  0.4924 
   00785    0.4042  -12343.0021  0.4940 
   00786    0.4097  -12353.7772  0.4907 
   00787    0.4064  -12346.0975  0.4918 
   00788    0.4203  -12339.4515  0.4887 
   00789    0.4231  -12311.1197  0.4944 
   00790    0.4136  -12314.1524  0.4877 
   00791    0.4111  -12310.2198  0.4899 
   00792    0.4067  -12314.2241  0.4910 
   00793    0.4133  -12263.2725  0.4791 
   00794    0.4161  -12273.1068  0.4755 
   00795    0.4053  -12286.6192  0.4754 
   00796    0.4139  -12294.2907  0.4781 
   00797    0.4194  -12321.3121  0.4782 
   00798    0.4011  -12331.7352  0.4786 
   00799    0.3967  -12338.9695  0.4798 
   00800    0.4133  -12332.2364  0.4750 
   00801    0.4053  -12299.4162  0.4815 
   00802    0.4097  -12354.3418  0.4852 
   00803    0.4078  -12344.7030  0.4895 
   00804    0.4133  -12311.0094  0.4964 
   00805    0.3992  -12282.6423  0.4936 
   00806    0.4028  -12301.6077  0.4949 
   00807    0.4100  -12254.6563  0.4963 
   00808    0.4122  -12323.2362  0.4907 
   00809    0.3953  -12365.4948  0.4970 
   00810    0.4097  -12386.2367  0.4979 
   00811    0.3972  -12371.8487  0.4948 
   00812    0.4183  -12326.2391  0.4972 
   00813    0.4125  -12345.0210  0.4971 
   00814    0.4108  -12324.2479  0.4953 
   00815    0.4172  -12331.3397  0.4965 
   00816    0.4178  -12288.2248  0.4985 
   00817    0.4111  -12272.1807  0.4976 
   00818    0.3992  -12228.5909  0.4994 
   00819    0.4292  -12245.8865  0.5043 
   00820    0.4075  -12275.4491  0.5020 
   00821    0.4094  -12349.5883  0.5015 
   00822    0.3981  -12319.8319  0.5049 
   00823    0.4211  -12310.5473  0.5004 
   00824    0.4183  -12332.3225  0.4980 
   00825    0.4161  -12350.7085  0.4962 
   00826    0.4128  -12294.6176  0.4930 
   00827    0.4083  -12268.1614  0.4970 
   00828    0.4114  -12309.0785  0.4953 
   00829    0.4028  -12335.7518  0.4955 
   00830    0.4106  -12343.9199  0.4987 
   00831    0.4175  -12324.4536  0.4976 
   00832    0.3931  -12345.9844  0.4966 
   00833    0.4042  -12330.2125  0.4913 
   00834    0.4064  -12390.1788  0.4947 
   00835    0.4022  -12396.8468  0.4957 
   00836    0.4058  -12344.5042  0.4901 
   00837    0.4028  -12291.3474  0.4913 
   00838    0.4094  -12355.8156  0.4917 
   00839    0.4228  -12353.7494  0.4875 
   00840    0.4100  -12368.6066  0.4893 
   00841    0.4206  -12307.9841  0.4848 
   00842    0.4036  -12379.7122  0.4812 
   00843    0.3936  -12365.5453  0.4796 
   00844    0.4019  -12382.1360  0.4806 
   00845    0.4111  -12376.7997  0.4801 
   00846    0.4083  -12362.3697  0.4831 
   00847    0.4047  -12307.7202  0.4797 
   00848    0.4222  -12275.6456  0.4791 
   00849    0.4075  -12308.5882  0.4824 
   00850    0.3986  -12242.7365  0.4800 
   00851    0.3897  -12224.7490  0.4801 
   00852    0.4178  -12273.1647  0.4777 
   00853    0.4053  -12248.2477  0.4755 
   00854    0.3992  -12279.0425  0.4779 
   00855    0.4161  -12306.9084  0.4849 
   00856    0.4208  -12233.1030  0.4813 
   00857    0.4100  -12307.3984  0.4808 
   00858    0.4058  -12294.1389  0.4812 
   00859    0.4142  -12349.9448  0.4799 
   00860    0.3942  -12341.9549  0.4778 
   00861    0.4094  -12295.6272  0.4745 
   00862    0.4050  -12322.8632  0.4731 
   00863    0.4194  -12404.8338  0.4705 
   00864    0.4064  -12406.3373  0.4731 
   00865    0.4025  -12343.8684  0.4684 
   00866    0.4036  -12368.4661  0.4709 
   00867    0.4131  -12351.1981  0.4771 
   00868    0.4106  -12304.8049  0.4785 
   00869    0.4089  -12298.5183  0.4707 
   00870    0.4128  -12267.6786  0.4724 
   00871    0.4147  -12306.2335  0.4747 
   00872    0.3997  -12288.5296  0.4701 
   00873    0.4197  -12306.4055  0.4714 
   00874    0.4131  -12354.1635  0.4704 
   00875    0.4172  -12373.1737  0.4719 
   00876    0.4081  -12357.0734  0.4702 
   00877    0.4172  -12384.5494  0.4717 
   00878    0.4264  -12337.4089  0.4725 
   00879    0.4033  -12339.7149  0.4691 
   00880    0.4083  -12371.7788  0.4697 
   00881    0.4067  -12380.5580  0.4725 
   00882    0.4142  -12301.9323  0.4775 
   00883    0.4053  -12344.6747  0.4733 
   00884    0.4192  -12305.8657  0.4801 
   00885    0.4178  -12247.1418  0.4881 
   00886    0.4022  -12306.6282  0.4879 
   00887    0.3914  -12286.3442  0.4912 
   00888    0.4131  -12225.4267  0.4896 
   00889    0.4086  -12246.2234  0.4873 
   00890    0.4133  -12278.7800  0.4918 
   00891    0.4175  -12282.3633  0.4888 
   00892    0.4078  -12275.7469  0.4897 
   00893    0.4114  -12332.8297  0.4930 
   00894    0.4083  -12403.9494  0.4985 
   00895    0.4122  -12337.0389  0.5001 
   00896    0.3911  -12370.9841  0.5075 
   00897    0.4133  -12349.7879  0.5029 
   00898    0.4092  -12346.3167  0.5081 
   00899    0.4119  -12303.8412  0.5003 
   00900    0.4083  -12263.7582  0.5045 
   00901    0.4133  -12323.1165  0.5056 
   00902    0.4078  -12320.8051  0.5026 
   00903    0.4083  -12334.9801  0.5008 
   00904    0.4125  -12354.6315  0.5001 
   00905    0.4100  -12391.3353  0.5049 
   00906    0.4122  -12348.6030  0.5054 
   00907    0.4167  -12336.9829  0.5143 
   00908    0.4158  -12311.9624  0.5139 
   00909    0.4194  -12388.2850  0.5060 
   00910    0.4042  -12344.6436  0.5067 
   00911    0.4100  -12395.8982  0.5115 
   00912    0.3925  -12333.2922  0.5121 
   00913    0.3914  -12315.8832  0.5097 
   00914    0.4125  -12297.2998  0.5139 
   00915    0.4008  -12303.8736  0.5140 
   00916    0.4200  -12262.1400  0.5194 
   00917    0.4208  -12255.2698  0.5196 
   00918    0.4175  -12305.6340  0.5270 
   00919    0.4147  -12219.7600  0.5297 
   00920    0.4144  -12310.3810  0.5331 
   00921    0.3942  -12297.6000  0.5360 
   00922    0.4150  -12295.1127  0.5383 
   00923    0.3975  -12259.8775  0.5343 
   00924    0.4178  -12277.2411  0.5299 
   00925    0.4147  -12272.3770  0.5335 
   00926    0.4175  -12287.6166  0.5339 
   00927    0.4039  -12259.2421  0.5313 
   00928    0.4008  -12288.0649  0.5310 
   00929    0.4106  -12306.2979  0.5345 
   00930    0.4028  -12250.5603  0.5328 
   00931    0.4044  -12317.6287  0.5334 
   00932    0.4006  -12297.1538  0.5329 
   00933    0.4106  -12257.0208  0.5316 
   00934    0.4094  -12285.5482  0.5344 
   00935    0.3950  -12329.3294  0.5330 
   00936    0.4039  -12299.1181  0.5287 
   00937    0.4050  -12239.6872  0.5240 
   00938    0.4103  -12254.6823  0.5247 
   00939    0.4103  -12291.4227  0.5250 
   00940    0.4172  -12222.9395  0.5280 
   00941    0.4056  -12237.9036  0.5286 
   00942    0.4308  -12264.6374  0.5327 
   00943    0.4033  -12342.8635  0.5296 
   00944    0.4039  -12343.3310  0.5294 
   00945    0.4092  -12305.2667  0.5312 
   00946    0.4064  -12356.4562  0.5332 
   00947    0.4197  -12310.7756  0.5332 
   00948    0.4231  -12263.3449  0.5347 
   00949    0.4169  -12252.1948  0.5345 
   00950    0.4192  -12334.7300  0.5402 
   00951    0.4089  -12306.6492  0.5332 
   00952    0.4053  -12296.3289  0.5331 
   00953    0.4225  -12303.3972  0.5312 
   00954    0.4111  -12281.0941  0.5279 
   00955    0.3903  -12346.5142  0.5316 
   00956    0.4142  -12313.9977  0.5341 
   00957    0.4142  -12275.4243  0.5295 
   00958    0.4144  -12266.5195  0.5330 
   00959    0.4056  -12275.9365  0.5373 
   00960    0.4125  -12290.9069  0.5428 
   00961    0.3967  -12315.1937  0.5412 
   00962    0.4147  -12374.7424  0.5431 
   00963    0.4150  -12347.9901  0.5384 
   00964    0.4169  -12339.0499  0.5370 
   00965    0.4133  -12360.7441  0.5356 
   00966    0.4181  -12318.1764  0.5430 
   00967    0.4108  -12314.7298  0.5412 
   00968    0.4058  -12343.9353  0.5430 
   00969    0.4181  -12278.1586  0.5340 
   00970    0.4119  -12244.9869  0.5296 
   00971    0.4064  -12296.3709  0.5340 
   00972    0.4025  -12311.4825  0.5335 
   00973    0.4058  -12224.9880  0.5293 
   00974    0.4036  -12304.7100  0.5279 
   00975    0.4081  -12310.3808  0.5301 
   00976    0.4069  -12291.3719  0.5323 
   00977    0.4019  -12363.7848  0.5343 
   00978    0.4092  -12349.8098  0.5315 
   00979    0.4106  -12390.4682  0.5368 
   00980    0.4153  -12345.5296  0.5345 
   00981    0.4139  -12345.8684  0.5321 
   00982    0.4144  -12393.6091  0.5356 
   00983    0.4128  -12410.1641  0.5331 
   00984    0.4033  -12354.9988  0.5317 
   00985    0.4200  -12351.2364  0.5300 
   00986    0.4003  -12334.2654  0.5274 
   00987    0.4006  -12291.2167  0.5296 
   00988    0.3978  -12347.9023  0.5330 
   00989    0.4158  -12327.7870  0.5383 
   00990    0.4056  -12269.5622  0.5400 
   00991    0.4103  -12284.5540  0.5394 
   00992    0.4044  -12299.6205  0.5393 
   00993    0.4033  -12318.5350  0.5369 
   00994    0.4094  -12289.4869  0.5355 
   00995    0.4125  -12275.9893  0.5327 
   00996    0.4086  -12227.8386  0.5292 
   00997    0.4186  -12242.4833  0.5291 
   00998    0.4031  -12249.2294  0.5333 
   00999    0.4083  -12257.5790  0.5355 
   01000    0.4153  -12254.0935  0.5351 
