#=====================================================
# File created:        Wed-26-Feb-2025-at-04-20-40AM
# Size of lattice:     10x10
# Number of MC steps:  1000
# Reduced temperature: 0.500
# Run time (s):        0.537439
#=====================================================
# MC step:  Ratio:     Energy:   Order:
#=====================================================
   00000    0.5000     -90.3463  0.1286 
   00001    0.7600    -137.4200  0.2053 
   00002    0.7200    -168.4767  0.1735 
   00003    0.5600    -198.2240  0.2377 
   00004    0.6000    -215.6587  0.1572 
   00005    0.5600    -239.9957  0.2021 
   00006    0.5800    -256.8725  0.1646 
   00007    0.5500    -268.7442  0.2028 
   00008    0.5000    -277.5864  0.1839 
   00009    0.4000    -281.7795  0.1123 
   00010    0.4900    -277.6625  0.2691 
   00011    0.4600    -282.0092  0.3303 
   00012    0.3600    -293.4869  0.2047 
   00013    0.4300    -307.1137  0.1282 
   00014    0.4700    -307.0517  0.1392 
   00015    0.4600    -308.3218  0.0960 
   00016    0.4000    -312.6862  0.1334 
   00017    0.4600    -308.8185  0.2497 
   00018    0.3700    -304.8859  0.1980 
   00019    0.4200    -310.1633  0.2596 
   00020    0.4900    -301.3620  0.2373 
   00021    0.4500    -300.9783  0.2406 
   00022    0.5600    -308.1521  0.1796 
   00023    0.4600    -310.9468  0.1960 
   00024    0.4200    -327.3156  0.1372 
   00025    0.3500    -334.0785  0.2324 
   00026    0.3700    -330.6292  0.2696 
   00027    0.4200    -320.5270  0.1579 
   00028    0.3700    -313.7964  0.2288 
   00029    0.4300    -312.8417  0.2361 
   00030    0.4200    -308.4737  0.2589 
   00031    0.3400    -312.7539  0.2496 
   00032    0.4200    -311.7020  0.1542 
   00033    0.4600    -310.1451  0.2057 
   00034    0.5000    -316.1260  0.2379 
   00035    0.4600    -312.1441  0.2562 
   00036    0.4700    -316.2034  0.2815 
   00037    0.5000    -309.5084  0.4047 
   00038    0.4300    -312.4848  0.3067 
   00039    0.4800    -317.9416  0.4215 
   00040    0.4600    -318.4159  0.3032 
   00041    0.3400    -313.0464  0.2575 
   00042    0.3900    -312.5809  0.2680 
   00043    0.4800    -306.9652  0.3187 
   00044    0.4900    -308.2901  0.3465 
   00045    0.4300    -309.5654  0.3994 
   00046    0.4800    -316.0941  0.3009 
   00047    0.4200    -316.8400  0.3648 
   00048    0.4200    -315.8612  0.2701 
   00049    0.4400    -311.4764  0.3040 
   00050    0.4300    -317.9718  0.3380 
   00051    0.4100    -319.8545  0.3760 
   00052    0.4000    -325.3225  0.2007 
   00053    0.3900    -324.7107  0.3600 
   00054    0.4100    -323.1027  0.2598 
   00055    0.4300    -327.4816  0.2282 
   00056    0.4600    -328.5256  0.2843 
   00057    0.4600    -325.3551  0.2368 
   00058    0.4400    -315.6309  0.2340 
   00059    0.4600    -320.1780  0.2440 
   00060    0.4200    -316.4349  0.1075 
   00061    0.4200    -317.5107  0.2802 
   00062    0.4100    -322.1343  0.3815 
   00063    0.4200    -313.2803  0.2789 
   00064    0.5100    -306.6460  0.3192 
   00065    0.3900    -310.1345  0.2512 
   00066    0.4200    -333.6896  0.2129 
   00067    0.4800    -320.8057  0.4567 
   00068    0.4300    -322.3445  0.2954 
   00069    0.4200    -319.2909  0.3609 
   00070    0.5900    -315.3600  0.2822 
   00071    0.3300    -322.0152  0.2175 
   00072    0.4400    -308.1246  0.2618 
   00073    0.4300    -320.7321  0.4328 
   00074    0.4900    -317.4294  0.3572 
   00075    0.3700    -327.7741  0.3117 
   00076    0.4600    -335.6486  0.2056 
   00077    0.3600    -330.8185  0.3835 
   00078    0.4300    -322.6373  0.3100 
   00079    0.4500    -327.0750  0.3306 
   00080    0.4800    -325.4403  0.4440 
   00081    0.4200    -339.3615  0.4233 
   00082    0.3700    -335.9456  0.2735 
   00083    0.4900    -340.9987  0.3851 
   00084    0.3500    -341.7788  0.3340 
   00085    0.3300    -331.6169  0.2510 
   00086    0.5200    -341.7406  0.3103 
   00087    0.5200    -346.4849  0.4546 
   00088    0.3700    -341.6986  0.3808 
   00089    0.5200    -340.2673  0.3860 
   00090    0.5100    -348.7945  0.4197 
   00091    0.4600    -351.1753  0.3848 
   00092    0.4600    -344.2296  0.3458 
   00093    0.4200    -341.6677  0.4561 
   00094    0.4000    -335.9983  0.4445 
   00095    0.3200    -343.3368  0.4706 
   00096    0.4200    -336.8645  0.4856 
   00097    0.3800    -337.9180  0.2487 
   00098    0.3800    -339.2617  0.4166 
   00099    0.4000    -345.0649  0.4422 
   00100    0.3600    -347.9350  0.3799 
   00101    0.4000    -344.2360  0.4324 
   00102    0.4200    -347.6516  0.3456 
   00103    0.3900    -335.8447  0.4203 
   00104    0.4200    -335.7896  0.3459 
   00105    0.5100    -338.8793  0.3743 
   00106    0.3600    -348.1882  0.3408 
   00107    0.4400    -349.8060  0.3392 
   00108    0.3800    -348.9033  0.3404 
   00109    0.4200    -349.1277  0.4215 
   00110    0.5000    -349.1351  0.3166 
   00111    0.4600    -356.2509  0.2739 
   00112    0.4300    -349.3250  0.4295 
   00113    0.4300    -346.5254  0.3981 
   00114    0.4100    -338.7669  0.3661 
   00115    0.4200    -336.0412  0.3278 
   00116    0.3700    -337.3482  0.3744 
   00117    0.3500    -335.2724  0.5084 
   00118    0.4500    -340.9169  0.4244 
   00119    0.4000    -337.5867  0.3824 
   00120    0.4900    -332.1978  0.3334 
   00121    0.3800    -330.3961  0.4830 
   00122    0.3600    -336.1075  0.4613 
   00123    0.4800    -341.0695  0.4047 
   00124    0.3400    -346.9106  0.4584 
   00125    0.3600    -350.6732  0.4171 
   00126    0.3700    -349.8157  0.4660 
   00127    0.3200    -353.8841  0.5495 
   00128    0.4900    -349.4618  0.4172 
   00129    0.3200    -348.5430  0.4692 
   00130    0.4300    -343.4731  0.4064 
   00131    0.5000    -329.4301  0.5660 
   00132    0.3300    -324.7144  0.4907 
   00133    0.5000    -331.8343  0.4409 
   00134    0.3800    -324.1178  0.5260 
   00135    0.3900    -336.4801  0.5420 
   00136    0.4700    -335.1077  0.5039 
   00137    0.3800    -337.9523  0.4531 
   00138    0.4600    -340.2308  0.5161 
   00139    0.4500    -340.6375  0.4485 
   00140    0.4700    -340.6683  0.4828 
   00141    0.3700    -346.3201  0.4658 
   00142    0.2800    -331.2367  0.5215 
   00143    0.4900    -335.1134  0.4696 
   00144    0.4500    -340.0383  0.4382 
   00145    0.4900    -340.6967  0.4501 
   00146    0.3800    -343.8794  0.4734 
   00147    0.4600    -347.6470  0.4890 
   00148    0.3900    -356.3802  0.5524 
   00149    0.4600    -345.8181  0.5048 
   00150    0.3100    -348.1156  0.3818 
   00151    0.4800    -336.3623  0.4330 
   00152    0.3700    -338.9790  0.4837 
   00153    0.3900    -348.1364  0.3988 
   00154    0.4500    -342.8390  0.5186 
   00155    0.4900    -338.2309  0.5391 
   00156    0.4500    -356.5865  0.4582 
   00157    0.4100    -354.1134  0.4499 
   00158    0.3800    -354.3944  0.4391 
   00159    0.3600    -348.6244  0.4615 
   00160    0.4200    -349.7022  0.5950 
   00161    0.3900    -352.8670  0.5516 
   00162    0.4600    -350.3655  0.4131 
   00163    0.4400    -351.1431  0.6218 
   00164    0.3600    -350.6753  0.3791 
   00165    0.3100    -356.9354  0.5209 
   00166    0.4000    -353.4067  0.5243 
   00167    0.3500    -357.4293  0.3579 
   00168    0.4100    -358.6721  0.4999 
   00169    0.3400    -351.2419  0.4983 
   00170    0.3300    -346.0091  0.4539 
   00171    0.3700    -337.0108  0.4942 
   00172    0.3600    -341.6748  0.4527 
   00173    0.4100    -344.4117  0.3564 
   00174    0.3900    -341.4857  0.5169 
   00175    0.5300    -340.0841  0.4086 
   00176    0.3600    -343.4004  0.3263 
   00177    0.4600    -340.7381  0.4354 
   00178    0.4000    -341.0596  0.3300 
   00179    0.3200    -339.7503  0.3375 
   00180    0.4700    -349.7116  0.5306 
   00181    0.4500    -354.8181  0.4459 
   00182    0.2900    -351.2434  0.5377 
   00183    0.3800    -348.4181  0.4986 
   00184    0.4500    -350.0201  0.3447 
   00185    0.4400    -342.3122  0.4762 
   00186    0.4700    -344.6951  0.4955 
   00187    0.4200    -353.4905  0.3103 
   00188    0.3700    -347.7624  0.5547 
   00189    0.3900    -346.5248  0.3523 
   00190    0.4400    -341.2207  0.3680 
   00191    0.5100    -348.7622  0.4196 
   00192    0.4400    -339.6088  0.5027 
   00193    0.4000    -338.6576  0.5005 
   00194    0.4200    -335.6526  0.3827 
   00195    0.4100    -340.6403  0.4313 
   00196    0.4300    -345.3925  0.3892 
   00197    0.3900    -338.5534  0.4267 
   00198    0.4200    -348.9811  0.4907 
   00199    0.4500    -341.4860  0.4569 
   00200    0.4300    -334.7942  0.5031 
   00201    0.4400    -347.6413  0.5665 
   00202    0.3700    -352.8579  0.5295 
   00203    0.4000    -358.2240  0.4928 
   00204    0.4200    -352.1325  0.6339 
   00205    0.3700    -351.7698  0.4380 
   00206    0.3900    -346.6646  0.5055 
   00207    0.4700    -354.7392  0.3424 
   00208    0.4600    -347.8579  0.4275 
   00209    0.3500    -348.8177  0.6203 
   00210    0.4300    -348.9245  0.4268 
   00211    0.4100    -347.2616  0.3945 
   00212    0.4300    -337.3783  0.3983 
   00213    0.4700    -326.3257  0.5741 
   00214    0.3400    -332.2657  0.5143 
   00215    0.4500    -333.7137  0.3312 
   00216    0.3500    -336.0880  0.3832 
   00217    0.4800    -341.0692  0.3430 
   00218    0.3400    -339.6230  0.5457 
   00219    0.4500    -341.3135  0.3341 
   00220    0.4600    -328.4813  0.4353 
   00221    0.4100    -332.5521  0.6066 
   00222    0.4800    -339.8673  0.4204 
   00223    0.4300    -337.5908  0.5006 
   00224    0.4900    -334.5284  0.4556 
   00225    0.4600    -330.9042  0.5275 
   00226    0.4400    -347.0946  0.4527 
   00227    0.4100    -341.2753  0.4503 
   00228    0.4500    -342.7923  0.4111 
   00229    0.4000    -338.7582  0.3307 
   00230    0.4400    -331.1927  0.4075 
   00231    0.3800    -332.5142  0.4295 
   00232    0.4700    -341.9026  0.6039 
   00233    0.4100    -333.8714  0.3921 
   00234    0.3700    -319.6760  0.3659 
   00235    0.5300    -324.2412  0.4996 
   00236    0.4400    -332.3848  0.5802 
   00237    0.4800    -330.4052  0.4295 
   00238    0.5000    -334.8487  0.5780 
   00239    0.5000    -338.7450  0.4284 
   00240    0.4500    -338.7748  0.3408 
   00241    0.4300    -328.1906  0.3519 
   00242    0.4300    -332.2339  0.3773 
   00243    0.3900    -340.0858  0.3809 
   00244    0.3900    -330.5002  0.2861 
   00245    0.5200    -341.0603  0.6270 
   00246    0.4400    -339.6137  0.4185 
   00247    0.4200    -332.5710  0.5659 
   00248    0.4100    -348.4372  0.6886 
   00249    0.3100    -343.9658  0.4609 
   00250    0.4100    -350.9812  0.4154 
   00251    0.3800    -345.6763  0.4202 
   00252    0.3400    -342.1431  0.5421 
   00253    0.4600    -335.7748  0.3414 
   00254    0.4200    -340.9146  0.4205 
   00255    0.4800    -339.3360  0.4627 
   00256    0.4300    -349.9009  0.4477 
   00257    0.3800    -343.8521  0.4448 
   00258    0.3900    -343.7272  0.4997 
   00259    0.3800    -349.3250  0.4075 
   00260    0.3800    -348.3740  0.3259 
   00261    0.4500    -345.7490  0.4708 
   00262    0.4000    -341.4817  0.4186 
   00263    0.4900    -348.0982  0.3637 
   00264    0.3300    -351.7861  0.4937 
   00265    0.4900    -347.8295  0.4986 
   00266    0.4400    -346.8838  0.6048 
   00267    0.3600    -354.4981  0.4113 
   00268    0.4900    -350.7212  0.3003 
   00269    0.4300    -356.1691  0.5647 
   00270    0.4000    -353.8658  0.4893 
   00271    0.4400    -345.6613  0.5086 
   00272    0.3700    -349.8474  0.3666 
   00273    0.4500    -340.9772  0.4321 
   00274    0.4300    -341.2830  0.3895 
   00275    0.4400    -338.9675  0.4807 
   00276    0.3800    -340.8033  0.4333 
   00277    0.4300    -346.5947  0.5376 
   00278    0.4400    -343.4079  0.4808 
   00279    0.4400    -351.4050  0.4221 
   00280    0.3400    -354.8620  0.5621 
   00281    0.3800    -347.4566  0.5274 
   00282    0.4700    -346.3630  0.5794 
   00283    0.4600    -338.7273  0.4153 
   00284    0.4500    -345.3589  0.4592 
   00285    0.4000    -336.8617  0.5519 
   00286    0.4000    -326.9442  0.3526 
   00287    0.4000    -320.9818  0.3538 
   00288    0.5100    -325.7383  0.4799 
   00289    0.3700    -335.9254  0.3952 
   00290    0.4000    -338.6413  0.4205 
   00291    0.3800    -343.0410  0.4089 
   00292    0.4200    -346.8918  0.4294 
   00293    0.4100    -354.8695  0.3113 
   00294    0.4700    -350.3136  0.4874 
   00295    0.3100    -349.6982  0.4963 
   00296    0.5500    -341.3320  0.2950 
   00297    0.3900    -346.3864  0.3523 
   00298    0.3900    -342.2947  0.6110 
   00299    0.3900    -336.8390  0.4441 
   00300    0.4300    -339.1501  0.3664 
   00301    0.4000    -334.3409  0.4325 
   00302    0.3600    -338.6077  0.2872 
   00303    0.4300    -336.0114  0.3903 
   00304    0.4400    -339.0901  0.4572 
   00305    0.4200    -337.5646  0.3912 
   00306    0.4400    -335.4191  0.2307 
   00307    0.4200    -340.1593  0.2706 
   00308    0.4600    -337.9828  0.4176 
   00309    0.4200    -343.6466  0.2442 
   00310    0.3500    -348.6012  0.2825 
   00311    0.4000    -350.4851  0.3083 
   00312    0.4400    -343.1754  0.3992 
   00313    0.4200    -341.6923  0.4950 
   00314    0.3800    -335.1102  0.2455 
   00315    0.4300    -329.7165  0.2055 
   00316    0.4600    -323.5936  0.2238 
   00317    0.4900    -331.9053  0.2910 
   00318    0.4300    -347.0952  0.4376 
   00319    0.4500    -348.6138  0.4281 
   00320    0.3600    -347.2068  0.4272 
   00321    0.5000    -349.4750  0.3423 
   00322    0.3600    -353.9178  0.3168 
   00323    0.4200    -349.3867  0.2929 
   00324    0.4000    -347.2268  0.3755 
   00325    0.4500    -336.1526  0.2766 
   00326    0.4000    -352.3992  0.5607 
   00327    0.4600    -355.6273  0.3456 
   00328    0.3600    -346.7954  0.3520 
   00329    0.4400    -348.8469  0.1455 
   00330    0.3600    -341.9276  0.2143 
   00331    0.4400    -338.7875  0.2765 
   00332    0.3600    -347.0636  0.4261 
   00333    0.4700    -349.5200  0.2557 
   00334    0.3200    -354.2616  0.4234 
   00335    0.3000    -355.2768  0.3944 
   00336    0.4100    -343.7239  0.2542 
   00337    0.4700    -342.5895  0.3756 
   00338    0.4500    -341.5482  0.2222 
   00339    0.3200    -340.0549  0.3466 
   00340    0.2900    -340.1473  0.2601 
   00341    0.3700    -343.2319  0.3791 
   00342    0.3900    -345.2677  0.2654 
   00343    0.3800    -344.3971  0.3513 
   00344    0.3500    -346.2808  0.3066 
   00345    0.3600    -347.5134  0.3793 
   00346    0.3700    -353.6584  0.4193 
   00347    0.4700    -356.5157  0.2595 
   00348    0.4000    -345.2141  0.2525 
   00349    0.4300    -356.7284  0.3694 
   00350    0.3900    -350.0273  0.2653 
   00351    0.4500    -353.2958  0.2409 
   00352    0.4700    -348.7008  0.4874 
   00353    0.3600    -345.4501  0.4546 
   00354    0.3900    -349.3744  0.2719 
   00355    0.4300    -349.4119  0.2589 
   00356    0.3600    -347.3621  0.1859 
   00357    0.3600    -346.4424  0.4462 
   00358    0.4400    -340.4628  0.4090 
   00359    0.3900    -338.6341  0.4463 
   00360    0.4500    -341.0607  0.3207 
   00361    0.4600    -343.1595  0.3849 
   00362    0.4000    -345.7552  0.6515 
   00363    0.3700    -350.4802  0.4155 
   00364    0.3500    -350.9682  0.3787 
   00365    0.2500    -354.2829  0.3573 
   00366    0.4200    -357.4004  0.3581 
   00367    0.3500    -352.9189  0.3632 
   00368    0.4000    -350.3807  0.4406 
   00369    0.3600    -351.3407  0.3824 
   00370    0.4200    -356.3659  0.2686 
   00371    0.4100    -356.9990  0.4288 
   00372    0.3900    -349.3635  0.3574 
   00373    0.4600    -345.7606  0.2641 
   00374    0.4300    -343.0985  0.3785 
   00375    0.3600    -347.3877  0.3680 
   00376    0.3700    -340.0683  0.5265 
   00377    0.3800    -349.1421  0.3387 
   00378    0.4500    -343.5804  0.3290 
   00379    0.3900    -351.4935  0.4060 
   00380    0.5600    -346.2719  0.2830 
   00381    0.3000    -348.9669  0.4416 
   00382    0.3300    -343.0614  0.3044 
   00383    0.4100    -335.8187  0.3310 
   00384    0.3400    -341.1527  0.4746 
   00385    0.4500    -349.2827  0.4362 
   00386    0.3600    -343.3411  0.3791 
   00387    0.4800    -338.7022  0.2444 
   00388    0.4100    -340.1061  0.4265 
   00389    0.3800    -341.9287  0.3583 
   00390    0.4700    -346.4732  0.5104 
   00391    0.3200    -346.1156  0.3208 
   00392    0.3400    -345.7427  0.3155 
   00393    0.4100    -351.8010  0.3362 
   00394    0.3700    -348.4435  0.3783 
   00395    0.4500    -350.7140  0.4216 
   00396    0.4700    -354.1324  0.4968 
   00397    0.3900    -355.6700  0.2841 
   00398    0.3700    -352.0308  0.2933 
   00399    0.4100    -345.1524  0.4328 
   00400    0.3600    -337.3818  0.3790 
   00401    0.3900    -340.8514  0.4144 
   00402    0.4100    -345.6027  0.4113 
   00403    0.4500    -345.4874  0.4156 
   00404    0.3900    -353.1474  0.3505 
   00405    0.3800    -349.8690  0.3078 
   00406    0.3600    -346.7929  0.3377 
   00407    0.4400    -341.9061  0.4659 
   00408    0.3800    -339.1621  0.3159 
   00409    0.3800    -336.8844  0.4092 
   00410    0.3800    -331.3639  0.3083 
   00411    0.3600    -335.7676  0.2955 
   00412    0.4500    -338.4573  0.3957 
   00413    0.4600    -341.6195  0.3446 
   00414    0.4100    -336.1369  0.2558 
   00415    0.4800    -340.3480  0.3071 
   00416    0.4200    -337.6058  0.4675 
   00417    0.5100    -330.1954  0.3470 
   00418    0.4200    -333.7479  0.2936 
   00419    0.4800    -325.9262  0.3958 
   00420    0.3300    -324.1130  0.3516 
   00421    0.3900    -322.8929  0.2716 
   00422    0.3400    -328.4677  0.4618 
   00423    0.4100    -326.9964  0.3461 
   00424    0.4400    -331.0020  0.3159 
   00425    0.3800    -340.7331  0.5681 
   00426    0.4000    -345.9992  0.3999 
   00427    0.3900    -347.2391  0.4636 
   00428    0.4000    -337.3293  0.3980 
   00429    0.4200    -345.1365  0.4666 
   00430    0.4600    -338.2093  0.3703 
   00431    0.3300    -339.9764  0.2781 
   00432    0.4500    -331.3871  0.5151 
   00433    0.3400    -338.3119  0.4501 
   00434    0.5100    -348.5664  0.3403 
   00435    0.4100    -348.4847  0.3202 
   00436    0.3300    -357.1121  0.2943 
   00437    0.4600    -348.7640  0.3709 
   00438    0.3500    -356.9884  0.2963 
   00439    0.3800    -353.1685  0.5389 
   00440    0.4000    -349.4152  0.3271 
   00441    0.4300    -352.8222  0.3471 
   00442    0.4300    -355.1407  0.3247 
   00443    0.5000    -351.8839  0.4007 
   00444    0.4400    -350.7318  0.5972 
   00445    0.3300    -356.2694  0.2565 
   00446    0.3800    -352.9037  0.3685 
   00447    0.4400    -352.1027  0.4167 
   00448    0.5000    -348.2583  0.2457 
   00449    0.4200    -353.8949  0.3007 
   00450    0.4400    -352.4763  0.4811 
   00451    0.4100    -351.1585  0.4327 
   00452    0.3800    -347.1588  0.4519 
   00453    0.4400    -358.1338  0.3216 
   00454    0.4400    -349.1428  0.3133 
   00455    0.4000    -349.3258  0.3167 
   00456    0.3600    -351.6690  0.2748 
   00457    0.4500    -345.5213  0.3432 
   00458    0.4300    -339.3091  0.3015 
   00459    0.4200    -342.1625  0.3871 
   00460    0.4900    -342.0320  0.3142 
   00461    0.4700    -350.5065  0.2715 
   00462    0.3800    -341.0620  0.3870 
   00463    0.4000    -341.7566  0.3362 
   00464    0.4500    -328.5864  0.3609 
   00465    0.4300    -332.8520  0.3363 
   00466    0.3700    -333.7925  0.4065 
   00467    0.4900    -333.8810  0.3079 
   00468    0.4600    -338.8721  0.3687 
   00469    0.4200    -335.4228  0.2930 
   00470    0.4000    -330.6841  0.2773 
   00471    0.3300    -340.6830  0.3723 
   00472    0.3800    -352.7674  0.3175 
   00473    0.3300    -353.1658  0.3671 
   00474    0.3700    -357.1351  0.4229 
   00475    0.4100    -354.2922  0.4832 
   00476    0.4300    -351.3577  0.4640 
   00477    0.4800    -353.8668  0.3083 
   00478    0.3700    -351.8830  0.3736 
   00479    0.3500    -363.1282  0.3711 
   00480    0.3200    -358.9445  0.3878 
   00481    0.4200    -356.2844  0.4101 
   00482    0.3900    -348.0895  0.3949 
   00483    0.4500    -341.4688  0.3192 
   00484    0.5300    -341.1589  0.2660 
   00485    0.4100    -343.2838  0.4983 
   00486    0.4300    -345.2411  0.4174 
   00487    0.4400    -345.0334  0.4746 
   00488    0.4700    -346.4091  0.4030 
   00489    0.3800    -347.0503  0.5711 
   00490    0.4300    -331.6706  0.4152 
   00491    0.4100    -335.0197  0.4415 
   00492    0.3700    -333.6465  0.2841 
   00493    0.3700    -345.7890  0.4199 
   00494    0.3600    -339.3439  0.3987 
   00495    0.4400    -339.8657  0.3463 
   00496    0.3600    -348.8578  0.3248 
   00497    0.4400    -347.6828  0.3739 
   00498    0.3000    -351.4885  0.3131 
   00499    0.3600    -352.6518  0.3866 
   00500    0.4600    -342.8575  0.3594 
   00501    0.3700    -346.9973  0.5501 
   00502    0.3700    -352.3188  0.3702 
   00503    0.4500    -348.9387  0.3695 
   00504    0.4100    -351.2729  0.3797 
   00505    0.4200    -360.1663  0.4153 
   00506    0.3100    -361.4841  0.4279 
   00507    0.4500    -359.3990  0.3261 
   00508    0.3700    -360.9132  0.4735 
   00509    0.4600    -359.1766  0.4476 
   00510    0.3800    -351.8910  0.4452 
   00511    0.3400    -337.7894  0.3708 
   00512    0.3700    -337.3771  0.3220 
   00513    0.4300    -342.2484  0.3397 
   00514    0.4800    -349.3184  0.3448 
   00515    0.4800    -351.0705  0.3439 
   00516    0.3500    -352.6997  0.3261 
   00517    0.4400    -351.5033  0.2984 
   00518    0.3400    -356.3733  0.3254 
   00519    0.4300    -352.8545  0.3184 
   00520    0.4300    -347.7242  0.5435 
   00521    0.4100    -337.3121  0.4336 
   00522    0.4000    -342.8156  0.3667 
   00523    0.4400    -339.5721  0.4400 
   00524    0.3900    -347.2236  0.3101 
   00525    0.3800    -350.1939  0.3637 
   00526    0.3700    -343.4167  0.4264 
   00527    0.3700    -342.5671  0.3249 
   00528    0.3300    -342.3725  0.2984 
   00529    0.4300    -341.0422  0.4386 
   00530    0.4100    -332.5845  0.3747 
   00531    0.3100    -336.7491  0.3373 
   00532    0.4100    -336.4869  0.2797 
   00533    0.3900    -343.2937  0.3830 
   00534    0.4300    -348.0269  0.3527 
   00535    0.4100    -344.6009  0.4307 
   00536    0.4100    -337.7615  0.4190 
   00537    0.4100    -341.5287  0.3642 
   00538    0.3600    -346.0940  0.4053 
   00539    0.4300    -356.6841  0.4739 
   00540    0.3600    -358.6212  0.4418 
   00541    0.4000    -352.0505  0.4984 
   00542    0.4400    -347.3647  0.4077 
   00543    0.4400    -346.1946  0.3840 
   00544    0.4500    -350.4798  0.3990 
   00545    0.3600    -355.4398  0.4705 
   00546    0.3700    -363.2403  0.3010 
   00547    0.3500    -357.6328  0.4906 
   00548    0.2900    -359.6397  0.4149 
   00549    0.3800    -355.2735  0.3714 
   00550    0.4300    -352.8834  0.3965 
   00551    0.4000    -348.7137  0.3418 
   00552    0.3900    -351.9506  0.3503 
   00553    0.3300    -354.2080  0.3610 
   00554    0.4700    -349.1139  0.4221 
   00555    0.4600    -344.4717  0.4280 
   00556    0.3600    -351.8570  0.3971 
   00557    0.4500    -351.1116  0.3936 
   00558    0.4500    -351.1901  0.4843 
   00559    0.3900    -361.7130  0.4446 
   00560    0.3700    -361.9023  0.4193 
   00561    0.4500    -355.5641  0.3396 
   00562    0.4100    -348.5181  0.3961 
   00563    0.4200    -357.1263  0.3777 
   00564    0.3200    -359.7238  0.3516 
   00565    0.3700    -353.8857  0.3818 
   00566    0.5000    -353.7751  0.3815 
   00567    0.5100    -350.4413  0.3839 
   00568    0.4100    -349.0458  0.4387 
   00569    0.4500    -351.3977  0.4381 
   00570    0.3600    -339.6206  0.4233 
   00571    0.4300    -346.1950  0.4322 
   00572    0.3800    -336.0941  0.2870 
   00573    0.3100    -338.7979  0.4379 
   00574    0.4200    -339.0156  0.3642 
   00575    0.4600    -339.4411  0.4116 
   00576    0.4500    -347.4429  0.3759 
   00577    0.5000    -343.1987  0.3576 
   00578    0.4300    -346.3298  0.3556 
   00579    0.3400    -351.0515  0.3254 
   00580    0.4300    -350.8720  0.4332 
   00581    0.4100    -352.5410  0.3633 
   00582    0.4300    -352.0967  0.3313 
   00583    0.4600    -350.9972  0.3810 
   00584    0.2900    -352.9736  0.3903 
   00585    0.4800    -337.5411  0.3829 
   00586    0.3700    -342.5594  0.3564 
   00587    0.4600    -329.3388  0.3897 
   00588    0.4200    -346.2405  0.4283 
   00589    0.3800    -352.3887  0.4133 
   00590    0.3200    -353.1830  0.4567 
   00591    0.4600    -353.9308  0.4370 
   00592    0.4300    -349.7873  0.3522 
   00593    0.4300    -348.7349  0.4795 
   00594    0.4000    -352.5781  0.4313 
   00595    0.3900    -352.8803  0.4027 
   00596    0.4500    -349.2066  0.3785 
   00597    0.3600    -346.9865  0.3731 
   00598    0.3700    -349.4827  0.4372 
   00599    0.4300    -341.6412  0.3678 
   00600    0.4200    -338.3347  0.4301 
   00601    0.4500    -343.0724  0.3350 
   00602    0.4600    -343.4434  0.4082 
   00603    0.4100    -346.0984  0.3922 
   00604    0.3900    -342.7988  0.4515 
   00605    0.3500    -347.1720  0.4060 
   00606    0.4200    -336.1429  0.4070 
   00607    0.4400    -330.9522  0.3045 
   00608    0.4700    -330.5371  0.3583 
   00609    0.3600    -338.8097  0.4687 
   00610    0.3400    -335.7828  0.4809 
   00611    0.4600    -342.4319  0.5413 
   00612    0.4000    -331.4475  0.3669 
   00613    0.4300    -341.7797  0.3663 
   00614    0.4300    -344.3690  0.3942 
   00615    0.3900    -348.7558  0.4342 
   00616    0.3300    -349.2354  0.3032 
   00617    0.3300    -349.0866  0.3446 
   00618    0.4200    -350.3476  0.4002 
   00619    0.3600    -352.7432  0.4779 
   00620    0.4400    -352.1102  0.4458 
   00621    0.4100    -349.3686  0.4271 
   00622    0.4400    -350.6629  0.3800 
   00623    0.3900    -352.5892  0.3440 
   00624    0.4000    -350.3164  0.4271 
   00625    0.3800    -342.4340  0.3423 
   00626    0.3700    -348.9734  0.4017 
   00627    0.3600    -349.1242  0.3981 
   00628    0.4200    -349.4200  0.2838 
   00629    0.3900    -350.3557  0.3632 
   00630    0.3600    -344.3314  0.4317 
   00631    0.4000    -346.5935  0.2223 
   00632    0.3500    -345.2730  0.3826 
   00633    0.4100    -337.9729  0.2626 
   00634    0.4300    -350.3972  0.3103 
   00635    0.4200    -348.2684  0.4291 
   00636    0.4200    -345.4864  0.3742 
   00637    0.4300    -351.4737  0.3274 
   00638    0.4400    -347.6849  0.4116 
   00639    0.3900    -346.1867  0.4096 
   00640    0.4000    -347.9828  0.4717 
   00641    0.3900    -345.1257  0.2894 
   00642    0.3900    -345.4194  0.3564 
   00643    0.4300    -342.8186  0.3620 
   00644    0.2800    -346.8491  0.4594 
   00645    0.3800    -350.8207  0.4420 
   00646    0.4200    -344.6239  0.3607 
   00647    0.4400    -347.7415  0.3380 
   00648    0.4700    -346.1579  0.4339 
   00649    0.4900    -339.1218  0.3432 
   00650    0.4000    -350.0855  0.3121 
   00651    0.3600    -354.3771  0.4271 
   00652    0.4900    -352.3785  0.3871 
   00653    0.3600    -350.6671  0.3992 
   00654    0.3900    -342.1206  0.4035 
   00655    0.3600    -346.0809  0.3115 
   00656    0.3900    -343.5167  0.3163 
   00657    0.3500    -343.0629  0.3533 
   00658    0.4500    -343.2284  0.4093 
   00659    0.3300    -341.5117  0.2860 
   00660    0.3900    -336.9568  0.3221 
   00661    0.3500    -338.9045  0.3132 
   00662    0.4000    -346.3782  0.3444 
   00663    0.4400    -334.7253  0.3625 
   00664    0.4600    -330.8480  0.3546 
   00665    0.4000    -325.6112  0.2894 
   00666    0.3600    -319.7520  0.3668 
   00667    0.4700    -319.4985  0.4580 
   00668    0.3500    -326.8418  0.2696 
   00669    0.4200    -327.8628  0.3702 
   00670    0.4400    -328.2559  0.3918 
   00671    0.4600    -325.8320  0.4982 
   00672    0.4400    -333.7552  0.3746 
   00673    0.4300    -343.4653  0.4502 
   00674    0.4400    -349.4091  0.4271 
   00675    0.4000    -346.6851  0.4501 
   00676    0.3700    -346.2529  0.4437 
   00677    0.4200    -347.8088  0.3201 
   00678    0.5000    -352.4760  0.4376 
   00679    0.3800    -354.2570  0.4026 
   00680    0.4200    -346.4425  0.3846 
   00681    0.3800    -352.6096  0.4336 
   00682    0.4300    -353.3947  0.2657 
   00683    0.2900    -352.6905  0.4835 
   00684    0.4800    -344.9167  0.3895 
   00685    0.4100    -348.8311  0.4040 
   00686    0.4200    -347.7233  0.3676 
   00687    0.2900    -353.2914  0.3923 
   00688    0.4100    -355.7202  0.4380 
   00689    0.3600    -358.8694  0.3673 
   00690    0.4100    -350.7897  0.4549 
   00691    0.3900    -357.0175  0.4746 
   00692    0.4300    -352.7493  0.3288 
   00693    0.4500    -355.9507  0.4055 
   00694    0.4300    -355.6317  0.3610 
   00695    0.4300    -352.4589  0.3362 
   00696    0.4800    -353.3316  0.3516 
   00697    0.3800    -350.5819  0.4477 
   00698    0.3600    -356.2433  0.3179 
   00699    0.4200    -347.6593  0.2527 
   00700    0.4100    -349.5607  0.4183 
   00701    0.4500    -353.6457  0.4133 
   00702    0.4300    -347.7339  0.4491 
   00703    0.3800    -347.6204  0.5038 
   00704    0.3800    -341.6488  0.3893 
   00705    0.5100    -334.3463  0.3871 
   00706    0.3700    -341.0500  0.3850 
   00707    0.4200    -335.2956  0.3821 
   00708    0.3900    -340.6553  0.3940 
   00709    0.4000    -336.0748  0.4249 
   00710    0.4000    -330.5865  0.3904 
   00711    0.4900    -342.4541  0.3639 
   00712    0.4300    -349.3301  0.3415 
   00713    0.4400    -353.5236  0.5047 
   00714    0.3600    -347.3193  0.4874 
   00715    0.4200    -352.7003  0.4172 
   00716    0.3700    -352.9139  0.4428 
   00717    0.3700    -346.3968  0.2957 
   00718    0.3300    -344.6878  0.3979 
   00719    0.3900    -351.7940  0.4822 
   00720    0.4700    -337.7444  0.4297 
   00721    0.4300    -336.5462  0.4192 
   00722    0.4600    -327.7586  0.4051 
   00723    0.4600    -335.1309  0.3834 
   00724    0.4100    -343.3379  0.3969 
   00725    0.4000    -348.8247  0.3757 
   00726    0.4100    -340.4983  0.2947 
   00727    0.4100    -342.3916  0.5137 
   00728    0.4300    -340.5873  0.3663 
   00729    0.4100    -347.9308  0.3154 
   00730    0.3700    -346.6662  0.4193 
   00731    0.3900    -337.9875  0.3884 
   00732    0.3700    -335.4000  0.4525 
   00733    0.4200    -335.2813  0.3732 
   00734    0.4000    -344.0976  0.4297 
   00735    0.2400    -343.0554  0.3310 
   00736    0.4200    -341.0461  0.5163 
   00737    0.3500    -345.7382  0.4267 
   00738    0.5400    -351.2675  0.4223 
   00739    0.4000    -355.2097  0.3116 
   00740    0.3800    -363.4261  0.3343 
   00741    0.4300    -358.2838  0.4960 
   00742    0.3500    -358.7682  0.3652 
   00743    0.3200    -359.9196  0.3325 
   00744    0.4100    -363.2586  0.4203 
   00745    0.3500    -357.4235  0.3656 
   00746    0.3500    -339.4152  0.3174 
   00747    0.3400    -347.9681  0.3992 
   00748    0.3600    -358.3846  0.4223 
   00749    0.3800    -356.3751  0.2968 
   00750    0.3700    -360.9533  0.4307 
   00751    0.4100    -350.4787  0.2346 
   00752    0.4100    -340.3456  0.3648 
   00753    0.3500    -333.7898  0.3334 
   00754    0.4100    -345.4495  0.3543 
   00755    0.4700    -348.2973  0.4059 
   00756    0.4300    -346.8846  0.3706 
   00757    0.4200    -351.4588  0.3486 
   00758    0.4500    -346.1976  0.3458 
   00759    0.4100    -344.0109  0.4349 
   00760    0.3900    -340.7052  0.1803 
   00761    0.4700    -340.4095  0.2631 
   00762    0.3700    -342.1245  0.3668 
   00763    0.5200    -344.5834  0.5085 
   00764    0.3700    -343.4220  0.3497 
   00765    0.4800    -339.2084  0.3245 
   00766    0.3700    -333.3195  0.3752 
   00767    0.5000    -337.9653  0.2782 
   00768    0.4500    -330.8598  0.5285 
   00769    0.4700    -336.1738  0.3586 
   00770    0.4300    -337.4891  0.4424 
   00771    0.4000    -339.2189  0.4479 
   00772    0.4700    -334.1375  0.4417 
   00773    0.4700    -345.8237  0.2439 
   00774    0.3900    -347.4806  0.3965 
   00775    0.3100    -344.7283  0.3929 
   00776    0.3700    -339.1800  0.4130 
   00777    0.4300    -348.6925  0.3592 
   00778    0.3900    -339.9514  0.3965 
   00779    0.3000    -344.0421  0.3181 
   00780    0.3600    -344.2229  0.3557 
   00781    0.3900    -348.2630  0.3967 
   00782    0.3600    -346.2385  0.3803 
   00783    0.3900    -343.6873  0.4002 
   00784    0.4300    -344.0209  0.3894 
   00785    0.4300    -349.7744  0.2627 
   00786    0.3500    -350.7997  0.2737 
   00787    0.4500    -346.6407  0.4207 
   00788    0.3600    -338.1121  0.3148 
   00789    0.2900    -339.0498  0.2872 
   00790    0.3600    -343.1279  0.4283 
   00791    0.4500    -336.6481  0.3555 
   00792    0.4200    -337.8889  0.4240 
   00793    0.4400    -340.8006  0.3774 
   00794    0.4900    -349.7201  0.3330 
   00795    0.4700    -341.6027  0.4472 
   00796    0.4800    -342.2709  0.5174 
   00797    0.4200    -350.2168  0.3478 
   00798    0.3800    -350.3957  0.4370 
   00799    0.3600    -356.4948  0.4556 
   00800    0.4000    -344.1816  0.3790 
   00801    0.3200    -346.5563  0.3537 
   00802    0.4300    -348.6247  0.4311 
   00803    0.3600    -347.4189  0.3787 
   00804    0.4800    -347.3628  0.5171 
   00805    0.3700    -349.1324  0.3750 
   00806    0.4100    -355.6504  0.4738 
   00807    0.3000    -354.8806  0.4661 
   00808    0.3700    -355.5170  0.2579 
   00809    0.3400    -354.7808  0.3266 
   00810    0.4000    -352.4536  0.3925 
   00811    0.3000    -353.9811  0.3764 
   00812    0.4900    -346.4387  0.2883 
   00813    0.3400    -350.0223  0.3817 
   00814    0.3300    -346.9245  0.3974 
   00815    0.3600    -354.6911  0.2883 
   00816    0.4200    -358.8269  0.4076 
   00817    0.4100    -355.6157  0.4591 
   00818    0.3100    -348.4483  0.3197 
   00819    0.3900    -354.9843  0.4457 
   00820    0.3800    -345.6863  0.2871 
   00821    0.4000    -359.2513  0.4066 
   00822    0.4400    -347.9551  0.2847 
   00823    0.4300    -346.5322  0.2138 
   00824    0.3700    -351.3160  0.3177 
   00825    0.4500    -355.2539  0.3640 
   00826    0.4200    -348.0852  0.2891 
   00827    0.4100    -342.1394  0.5339 
   00828    0.4500    -347.7262  0.4049 
   00829    0.4200    -349.8944  0.3168 
   00830    0.4200    -350.1187  0.3920 
   00831    0.3800    -344.1488  0.2996 
   00832    0.4200    -340.5905  0.3734 
   00833    0.5200    -342.4970  0.3458 
   00834    0.4500    -354.6659  0.3540 
   00835    0.4600    -346.3211  0.2577 
   00836    0.4200    -351.4912  0.4051 
   00837    0.4300    -350.9955  0.3312 
   00838    0.3200    -341.3827  0.3850 
   00839    0.5500    -340.7760  0.4232 
   00840    0.3500    -339.6964  0.5383 
   00841    0.3800    -341.0133  0.4288 
   00842    0.4900    -336.4572  0.3892 
   00843    0.4000    -339.8168  0.2952 
   00844    0.3300    -349.8670  0.4273 
   00845    0.4400    -342.5035  0.3332 
   00846    0.4900    -349.0094  0.2754 
   00847    0.3500    -343.5664  0.3765 
   00848    0.4800    -346.9446  0.2530 
   00849    0.3000    -351.0633  0.4042 
   00850    0.4100    -352.0481  0.2571 
   00851    0.3500    -344.1209  0.4047 
   00852    0.5000    -350.1436  0.3723 
   00853    0.3000    -353.4843  0.3901 
   00854    0.4800    -348.2509  0.1333 
   00855    0.4200    -346.2226  0.2535 
   00856    0.4200    -354.7835  0.2563 
   00857    0.4500    -349.4204  0.4084 
   00858    0.3500    -342.2702  0.3413 
   00859    0.4000    -332.8489  0.1530 
   00860    0.5100    -336.3285  0.2468 
   00861    0.3400    -337.8037  0.4514 
   00862    0.3600    -347.5727  0.4798 
   00863    0.2800    -349.6970  0.2521 
   00864    0.3700    -348.7390  0.4895 
   00865    0.3900    -347.0889  0.3535 
   00866    0.4200    -342.4941  0.2407 
   00867    0.5100    -343.3456  0.4819 
   00868    0.5300    -350.6422  0.2948 
   00869    0.3900    -348.6871  0.5275 
   00870    0.3900    -347.7791  0.3323 
   00871    0.4000    -348.1082  0.4135 
   00872    0.4300    -343.3815  0.3384 
   00873    0.3500    -356.8070  0.3429 
   00874    0.4400    -350.0146  0.4680 
   00875    0.4400    -343.3678  0.3777 
   00876    0.4600    -352.3935  0.1889 
   00877    0.4400    -347.4637  0.3715 
   00878    0.4200    -349.0834  0.3271 
   00879    0.3700    -341.2374  0.5308 
   00880    0.4600    -346.3766  0.3148 
   00881    0.4400    -338.0700  0.3371 
   00882    0.4000    -351.5682  0.5118 
   00883    0.3600    -353.7388  0.4684 
   00884    0.3800    -356.5120  0.4218 
   00885    0.3800    -350.3407  0.3653 
   00886    0.2900    -348.4827  0.3490 
   00887    0.4300    -349.9490  0.3633 
   00888    0.4600    -354.6020  0.4019 
   00889    0.4100    -356.5651  0.3854 
   00890    0.3600    -356.7521  0.3915 
   00891    0.3100    -354.1408  0.4153 
   00892    0.4700    -348.3639  0.4668 
   00893    0.3500    -346.6517  0.5595 
   00894    0.4900    -349.1176  0.4749 
   00895    0.3700    -337.7884  0.4858 
   00896    0.4100    -326.1026  0.3109 
   00897    0.5100    -333.2775  0.3240 
   00898    0.4300    -341.0645  0.2446 
   00899    0.4500    -335.1390  0.3325 
   00900    0.3900    -343.6030  0.4282 
   00901    0.4900    -344.4703  0.3235 
   00902    0.4400    -338.8027  0.2850 
   00903    0.4400    -345.6800  0.4585 
   00904    0.4000    -342.3854  0.3335 
   00905    0.4700    -339.8761  0.3658 
   00906    0.4400    -337.8923  0.4154 
   00907    0.3900    -335.9796  0.3839 
   00908    0.3400    -347.4746  0.3315 
   00909    0.4500    -338.7905  0.4929 
   00910    0.4400    -347.0812  0.3796 
   00911    0.4200    -349.7096  0.3979 
   00912    0.4700    -346.4970  0.4115 
   00913    0.4600    -351.1967  0.4295 
   00914    0.3800    -356.0362  0.3701 
   00915    0.3900    -358.6960  0.4175 
   00916    0.3900    -349.6302  0.4353 
   00917    0.3100    -354.7140  0.3919 
   00918    0.3800    -354.6334  0.3217 
   00919    0.3700    -349.4576  0.3727 
   00920    0.4800    -354.3707  0.4853 
   00921    0.4400    -346.9045  0.2683 
   00922    0.3800    -344.3169  0.2829 
   00923    0.4100    -338.4919  0.3630 
   00924    0.4800    -342.8167  0.3045 
   00925    0.3900    -336.8802  0.5320 
   00926    0.3100    -340.7493  0.3282 
   00927    0.4700    -338.8481  0.3862 
   00928    0.4500    -329.7181  0.4338 
   00929    0.4400    -348.6317  0.3573 
   00930    0.4000    -332.8278  0.3469 
   00931    0.3000    -340.0564  0.4661 
   00932    0.4200    -348.8951  0.3837 
   00933    0.4700    -344.8363  0.4993 
   00934    0.3500    -345.2553  0.4337 
   00935    0.4200    -348.8281  0.5515 
   00936    0.4100    -343.3404  0.4519 
   00937    0.3500    -354.8231  0.4222 
   00938    0.4300    -354.1427  0.6311 
   00939    0.3400    -355.5327  0.4512 
   00940    0.3100    -352.8725  0.3919 
   00941    0.3000    -351.0641  0.3943 
   00942    0.3700    -348.4521  0.3885 
   00943    0.4200    -347.9722  0.4081 
   00944    0.3700    -344.5252  0.2294 
   00945    0.3800    -348.0273  0.4154 
   00946    0.4600    -346.5012  0.4778 
   00947    0.4100    -345.5822  0.3474 
   00948    0.3800    -343.9756  0.3653 
   00949    0.3600    -335.1440  0.2408 
   00950    0.3900    -333.2027  0.3254 
   00951    0.4200    -331.0454  0.4205 
   00952    0.5400    -320.5826  0.3809 
   00953    0.4900    -325.2783  0.3956 
   00954    0.4900    -320.4626  0.3898 
   00955    0.3600    -327.9254  0.3263 
   00956    0.4300    -334.8647  0.4236 
   00957    0.3700    -351.8265  0.3521 
   00958    0.3700    -351.5862  0.3762 
   00959    0.3500    -345.8930  0.5264 
   00960    0.4500    -343.5772  0.3159 
   00961    0.4400    -344.2034  0.3482 
   00962    0.3800    -347.2744  0.1820 
   00963    0.4500    -345.0755  0.1890 
   00964    0.5300    -341.3411  0.3359 
   00965    0.3300    -339.7173  0.3207 
   00966    0.4400    -346.6355  0.3073 
   00967    0.3900    -358.5013  0.3692 
   00968    0.3900    -357.6057  0.3461 
   00969    0.3800    -345.9709  0.3212 
   00970    0.3900    -340.0606  0.5134 
   00971    0.4900    -334.2831  0.1820 
   00972    0.3800    -336.9867  0.3633 
   00973    0.3500    -334.2816  0.4397 
   00974    0.3800    -338.9916  0.3850 
   00975    0.3500    -335.3948  0.4587 
   00976    0.3400    -345.5663  0.3360 
   00977    0.4800    -337.7891  0.3296 
   00978    0.4500    -336.0089  0.3710 
   00979    0.3500    -338.8605  0.3328 
   00980    0.4600    -341.0634  0.1906 
   00981    0.4900    -340.7211  0.3545 
   00982    0.3700    -337.0153  0.4404 
   00983    0.4300    -339.4452  0.4704 
   00984    0.4400    -329.5457  0.5193 
   00985    0.4300    -334.4842  0.3937 
   00986    0.3200    -335.6565  0.3538 
   00987    0.4400    -340.1146  0.3763 
   00988    0.5900    -342.0502  0.3679 
   00989    0.4400    -339.7025  0.4784 
   00990    0.4700    -349.8470  0.5509 
   00991    0.3500    -353.0532  0.3800 
   00992    0.4500    -355.8856  0.3859 
   00993    0.3600    -357.0747  0.3924 
   00994    0.4400    -353.0918  0.4269 
   00995    0.3700    -352.3787  0.4226 
   00996    0.4900    -354.6754  0.3659 
   00997    0.3100    -353.8623  0.4605 
   00998    0.4000    -359.3252  0.3857 
   00999    0.3800    -346.2058  0.3638 
   01000    0.4200    -351.5854  0.4337 
