#=====================================================
# File created:        Wed-26-Feb-2025-at-04-10-23AM
# Size of lattice:     40x40
# Number of MC steps:  1000
# Reduced temperature: 0.500
# Run time (s):        16.086397
#=====================================================
# MC step:  Ratio:     Energy:   Order:
#=====================================================
   00000    0.5000   -1614.6145  0.2700 
   00001    0.7025   -2429.8796  0.2736 
   00002    0.6344   -2949.5998  0.2777 
   00003    0.5819   -3276.7302  0.2919 
   00004    0.5706   -3573.4949  0.2969 
   00005    0.5475   -3875.1907  0.3025 
   00006    0.5044   -4088.1850  0.3035 
   00007    0.4963   -4234.0870  0.3108 
   00008    0.4869   -4364.3868  0.3117 
   00009    0.4531   -4414.9159  0.3160 
   00010    0.4731   -4500.6745  0.3223 
   00011    0.4744   -4587.8841  0.3256 
   00012    0.4794   -4618.2877  0.3427 
   00013    0.4587   -4684.5772  0.3526 
   00014    0.4506   -4724.9014  0.3546 
   00015    0.4494   -4728.6277  0.3523 
   00016    0.4700   -4747.1589  0.3635 
   00017    0.4637   -4786.9651  0.3724 
   00018    0.4500   -4817.7609  0.3867 
   00019    0.4556   -4825.2696  0.3893 
   00020    0.4600   -4862.6072  0.3978 
   00021    0.4387   -4906.8004  0.3908 
   00022    0.4356   -4901.4418  0.3920 
   00023    0.4369   -4925.0266  0.3960 
   00024    0.4506   -4964.4685  0.3947 
   00025    0.4344   -4973.4667  0.3946 
   00026    0.4694   -4990.6112  0.4025 
   00027    0.4206   -5029.8715  0.4068 
   00028    0.4444   -5015.0199  0.4071 
   00029    0.4369   -5048.0646  0.4173 
   00030    0.4500   -5045.7061  0.4240 
   00031    0.4525   -5076.7173  0.4306 
   00032    0.4375   -5117.4930  0.4345 
   00033    0.4338   -5170.9026  0.4384 
   00034    0.4275   -5165.1681  0.4499 
   00035    0.4387   -5188.1617  0.4455 
   00036    0.4344   -5187.4338  0.4476 
   00037    0.4338   -5170.0206  0.4456 
   00038    0.4213   -5189.2793  0.4489 
   00039    0.4319   -5180.7482  0.4554 
   00040    0.4281   -5162.8928  0.4515 
   00041    0.4125   -5169.2419  0.4600 
   00042    0.4213   -5227.3744  0.4665 
   00043    0.4437   -5207.7762  0.4661 
   00044    0.4081   -5154.1950  0.4676 
   00045    0.4100   -5214.3408  0.4690 
   00046    0.4256   -5215.0787  0.4710 
   00047    0.4125   -5257.2599  0.4777 
   00048    0.4044   -5255.5619  0.4848 
   00049    0.4313   -5234.4449  0.4796 
   00050    0.4169   -5245.2194  0.4798 
   00051    0.4400   -5262.8823  0.4723 
   00052    0.4263   -5248.3269  0.4718 
   00053    0.4250   -5220.6200  0.4717 
   00054    0.4338   -5229.1410  0.4729 
   00055    0.4188   -5232.1345  0.4778 
   00056    0.4181   -5258.4213  0.4860 
   00057    0.4131   -5325.2579  0.4932 
   00058    0.4062   -5309.8296  0.4987 
   00059    0.4213   -5290.3910  0.4933 
   00060    0.4031   -5282.8217  0.4971 
   00061    0.4225   -5284.1326  0.5015 
   00062    0.4062   -5274.1123  0.5120 
   00063    0.4163   -5291.9195  0.5113 
   00064    0.4175   -5293.3830  0.5162 
   00065    0.4225   -5266.6658  0.4993 
   00066    0.4125   -5263.0921  0.5021 
   00067    0.4200   -5289.8182  0.4895 
   00068    0.4306   -5268.5166  0.4860 
   00069    0.4350   -5248.9187  0.4855 
   00070    0.4156   -5251.5621  0.4895 
   00071    0.4350   -5259.5526  0.4942 
   00072    0.4394   -5267.0728  0.4987 
   00073    0.4263   -5301.4194  0.5002 
   00074    0.4181   -5320.6249  0.4976 
   00075    0.4244   -5335.7765  0.4941 
   00076    0.4269   -5335.1330  0.4916 
   00077    0.4119   -5355.0750  0.4885 
   00078    0.4381   -5355.4154  0.4888 
   00079    0.4412   -5360.2084  0.4855 
   00080    0.4088   -5372.1596  0.4826 
   00081    0.4088   -5363.5553  0.4841 
   00082    0.4019   -5374.4266  0.4772 
   00083    0.4350   -5345.1512  0.4787 
   00084    0.4181   -5345.8626  0.4853 
   00085    0.4113   -5328.7239  0.4963 
   00086    0.4062   -5385.0083  0.5012 
   00087    0.4031   -5372.3390  0.5020 
   00088    0.4069   -5352.7531  0.5091 
   00089    0.4094   -5360.9974  0.5046 
   00090    0.4256   -5374.9780  0.5073 
   00091    0.4288   -5360.9039  0.5102 
   00092    0.4075   -5388.6078  0.5147 
   00093    0.4006   -5354.4347  0.5124 
   00094    0.4188   -5387.3907  0.5171 
   00095    0.4244   -5399.7570  0.5167 
   00096    0.4163   -5338.3892  0.5154 
   00097    0.4200   -5328.4167  0.5105 
   00098    0.4400   -5322.5665  0.5137 
   00099    0.4113   -5326.5305  0.5198 
   00100    0.4044   -5303.3051  0.5142 
   00101    0.4225   -5318.8438  0.5165 
   00102    0.4156   -5358.1804  0.5212 
   00103    0.4163   -5357.3882  0.5316 
   00104    0.4381   -5366.7658  0.5219 
   00105    0.4150   -5341.1003  0.5299 
   00106    0.4019   -5338.6548  0.5341 
   00107    0.4037   -5335.9344  0.5265 
   00108    0.4062   -5366.8184  0.5322 
   00109    0.4119   -5399.9005  0.5303 
   00110    0.4088   -5384.7472  0.5286 
   00111    0.4344   -5354.5041  0.5230 
   00112    0.4194   -5361.2374  0.5159 
   00113    0.4138   -5373.1022  0.5135 
   00114    0.4131   -5382.1136  0.5108 
   00115    0.4031   -5407.6590  0.5157 
   00116    0.4350   -5403.2325  0.5086 
   00117    0.4125   -5430.5877  0.5179 
   00118    0.4094   -5427.8446  0.5185 
   00119    0.4081   -5389.9100  0.5154 
   00120    0.4225   -5401.9873  0.5247 
   00121    0.4294   -5395.6203  0.5165 
   00122    0.4088   -5426.4456  0.5097 
   00123    0.4138   -5381.1720  0.5011 
   00124    0.4300   -5368.5563  0.5103 
   00125    0.4213   -5348.7220  0.5104 
   00126    0.4387   -5355.9638  0.5070 
   00127    0.4238   -5369.8377  0.5116 
   00128    0.4306   -5373.6614  0.5106 
   00129    0.4025   -5350.1509  0.5110 
   00130    0.4225   -5348.0110  0.5066 
   00131    0.4088   -5375.2114  0.5087 
   00132    0.4225   -5377.0568  0.5087 
   00133    0.4125   -5428.1900  0.5062 
   00134    0.4000   -5403.9636  0.5156 
   00135    0.4056   -5429.9817  0.5164 
   00136    0.4100   -5403.7621  0.5087 
   00137    0.4156   -5361.8710  0.5097 
   00138    0.4006   -5366.2667  0.5119 
   00139    0.3994   -5352.3766  0.5091 
   00140    0.4175   -5339.0353  0.5128 
   00141    0.4106   -5349.4008  0.5121 
   00142    0.4131   -5373.2230  0.5118 
   00143    0.3994   -5346.3085  0.5149 
   00144    0.4456   -5363.5402  0.5104 
   00145    0.4056   -5364.7068  0.5156 
   00146    0.4437   -5320.5327  0.5128 
   00147    0.4213   -5342.6926  0.5136 
   00148    0.4144   -5353.2914  0.5101 
   00149    0.4356   -5335.2266  0.5106 
   00150    0.3950   -5314.6356  0.5161 
   00151    0.4156   -5347.3102  0.5135 
   00152    0.4313   -5333.2642  0.5197 
   00153    0.4256   -5367.8151  0.5242 
   00154    0.4062   -5373.3404  0.5169 
   00155    0.4200   -5381.4978  0.5122 
   00156    0.4319   -5373.5446  0.5183 
   00157    0.4138   -5367.1450  0.5188 
   00158    0.4213   -5327.9069  0.5239 
   00159    0.4012   -5348.3289  0.5201 
   00160    0.4131   -5361.3252  0.5172 
   00161    0.4225   -5371.9674  0.5192 
   00162    0.4106   -5378.7198  0.5177 
   00163    0.4075   -5379.5180  0.5170 
   00164    0.4475   -5391.6088  0.5201 
   00165    0.4037   -5411.4451  0.5277 
   00166    0.4031   -5431.4785  0.5360 
   00167    0.4012   -5403.7534  0.5390 
   00168    0.4238   -5349.7413  0.5457 
   00169    0.4244   -5405.9188  0.5502 
   00170    0.4356   -5422.8895  0.5525 
   00171    0.4131   -5410.8107  0.5540 
   00172    0.4188   -5401.5331  0.5561 
   00173    0.4219   -5351.8615  0.5525 
   00174    0.4206   -5338.2678  0.5529 
   00175    0.4062   -5376.6550  0.5597 
   00176    0.3925   -5404.1863  0.5623 
   00177    0.4263   -5387.2935  0.5644 
   00178    0.4069   -5409.4762  0.5602 
   00179    0.4188   -5411.3441  0.5647 
   00180    0.4150   -5393.2102  0.5599 
   00181    0.4100   -5408.1182  0.5616 
   00182    0.4138   -5417.5822  0.5513 
   00183    0.4306   -5400.7271  0.5480 
   00184    0.4281   -5405.2847  0.5408 
   00185    0.4138   -5407.4521  0.5475 
   00186    0.4025   -5441.5483  0.5489 
   00187    0.4006   -5411.5271  0.5434 
   00188    0.4106   -5408.1563  0.5419 
   00189    0.4319   -5383.1825  0.5427 
   00190    0.4188   -5404.3140  0.5419 
   00191    0.3987   -5403.7273  0.5364 
   00192    0.4144   -5408.1069  0.5401 
   00193    0.4238   -5417.8846  0.5459 
   00194    0.4000   -5438.8495  0.5517 
   00195    0.3981   -5401.7690  0.5501 
   00196    0.4356   -5390.1432  0.5481 
   00197    0.4325   -5413.6533  0.5562 
   00198    0.4012   -5416.0281  0.5536 
   00199    0.4050   -5441.0154  0.5516 
   00200    0.4200   -5412.9736  0.5460 
   00201    0.3969   -5384.6035  0.5397 
   00202    0.4150   -5410.0244  0.5383 
   00203    0.4150   -5411.6238  0.5381 
   00204    0.4244   -5371.7025  0.5430 
   00205    0.4169   -5441.6727  0.5481 
   00206    0.4206   -5433.7524  0.5439 
   00207    0.4156   -5443.0273  0.5501 
   00208    0.4188   -5412.1686  0.5531 
   00209    0.4156   -5443.8336  0.5511 
   00210    0.4325   -5460.3901  0.5487 
   00211    0.4169   -5467.6828  0.5542 
   00212    0.4213   -5445.9726  0.5555 
   00213    0.4188   -5430.6543  0.5691 
   00214    0.3862   -5457.6956  0.5715 
   00215    0.4150   -5416.9673  0.5634 
   00216    0.4075   -5388.2185  0.5615 
   00217    0.4263   -5401.0446  0.5591 
   00218    0.3881   -5399.7021  0.5603 
   00219    0.4100   -5386.5643  0.5518 
   00220    0.4400   -5371.6053  0.5434 
   00221    0.3994   -5402.0773  0.5499 
   00222    0.4263   -5387.4700  0.5499 
   00223    0.4231   -5392.1532  0.5448 
   00224    0.4200   -5372.3615  0.5349 
   00225    0.4119   -5392.3166  0.5425 
   00226    0.4300   -5412.9072  0.5380 
   00227    0.4113   -5426.4787  0.5287 
   00228    0.4081   -5395.9195  0.5249 
   00229    0.4019   -5403.5944  0.5206 
   00230    0.4119   -5408.2292  0.5206 
   00231    0.4163   -5409.8150  0.5207 
   00232    0.4131   -5387.4692  0.5293 
   00233    0.4194   -5402.2827  0.5277 
   00234    0.4263   -5391.6715  0.5222 
   00235    0.4088   -5409.0018  0.5206 
   00236    0.4125   -5438.7820  0.5217 
   00237    0.4181   -5406.2670  0.5240 
   00238    0.4325   -5402.0406  0.5238 
   00239    0.4138   -5422.5360  0.5229 
   00240    0.4175   -5417.8042  0.5236 
   00241    0.4106   -5422.9275  0.5250 
   00242    0.4131   -5458.7192  0.5331 
   00243    0.4294   -5429.5571  0.5317 
   00244    0.4188   -5452.0399  0.5277 
   00245    0.4288   -5419.6829  0.5277 
   00246    0.4281   -5440.4609  0.5302 
   00247    0.4100   -5421.3536  0.5269 
   00248    0.4056   -5408.9315  0.5261 
   00249    0.4263   -5408.7900  0.5231 
   00250    0.4231   -5409.3418  0.5273 
   00251    0.4219   -5416.8898  0.5260 
   00252    0.4000   -5421.5020  0.5346 
   00253    0.4181   -5419.2649  0.5327 
   00254    0.4163   -5408.8112  0.5214 
   00255    0.4138   -5419.5592  0.5246 
   00256    0.4075   -5444.6170  0.5271 
   00257    0.4106   -5440.1231  0.5212 
   00258    0.4231   -5415.9665  0.5280 
   00259    0.4044   -5437.7046  0.5366 
   00260    0.4037   -5439.9377  0.5349 
   00261    0.4056   -5436.9468  0.5425 
   00262    0.4144   -5422.3494  0.5438 
   00263    0.4506   -5433.4084  0.5368 
   00264    0.4113   -5393.3793  0.5373 
   00265    0.4175   -5386.1454  0.5323 
   00266    0.4113   -5380.5521  0.5373 
   00267    0.4156   -5365.3284  0.5402 
   00268    0.4200   -5404.5504  0.5388 
   00269    0.4069   -5393.6875  0.5368 
   00270    0.4294   -5382.6816  0.5372 
   00271    0.4213   -5370.8849  0.5305 
   00272    0.4244   -5397.4156  0.5372 
   00273    0.4081   -5404.0045  0.5317 
   00274    0.3919   -5380.5928  0.5299 
   00275    0.4250   -5419.9133  0.5355 
   00276    0.4075   -5409.2740  0.5367 
   00277    0.4056   -5445.3921  0.5355 
   00278    0.4044   -5452.5362  0.5308 
   00279    0.3819   -5448.7943  0.5289 
   00280    0.4144   -5427.5047  0.5344 
   00281    0.4231   -5411.8516  0.5329 
   00282    0.4100   -5406.7750  0.5193 
   00283    0.4019   -5407.8555  0.5177 
   00284    0.4056   -5420.2719  0.5175 
   00285    0.4300   -5421.7822  0.5122 
   00286    0.4012   -5424.2089  0.5124 
   00287    0.4319   -5425.6954  0.5148 
   00288    0.4131   -5393.8047  0.5187 
   00289    0.4238   -5386.3466  0.5152 
   00290    0.4044   -5428.9632  0.5117 
   00291    0.4206   -5415.7252  0.5118 
   00292    0.3906   -5418.7870  0.5162 
   00293    0.4281   -5448.0081  0.5223 
   00294    0.4050   -5431.6711  0.5258 
   00295    0.4106   -5408.9873  0.5201 
   00296    0.4206   -5406.1137  0.5269 
   00297    0.4163   -5455.8401  0.5208 
   00298    0.3906   -5408.8641  0.5127 
   00299    0.4094   -5400.2692  0.5132 
   00300    0.4281   -5440.7248  0.5117 
   00301    0.4000   -5447.3511  0.5160 
   00302    0.4119   -5458.0074  0.5204 
   00303    0.4037   -5448.6791  0.5207 
   00304    0.4088   -5466.2990  0.5204 
   00305    0.4319   -5419.6861  0.5158 
   00306    0.4106   -5427.7979  0.5196 
   00307    0.3956   -5400.4822  0.5256 
   00308    0.4500   -5390.6869  0.5326 
   00309    0.4138   -5407.1080  0.5397 
   00310    0.4125   -5395.7119  0.5390 
   00311    0.4406   -5364.2703  0.5424 
   00312    0.4300   -5385.7110  0.5397 
   00313    0.4156   -5381.6415  0.5475 
   00314    0.4094   -5391.2925  0.5417 
   00315    0.4113   -5358.3347  0.5361 
   00316    0.4244   -5363.4783  0.5419 
   00317    0.4219   -5365.4291  0.5461 
   00318    0.4213   -5387.3167  0.5450 
   00319    0.4144   -5416.7869  0.5408 
   00320    0.4250   -5410.9287  0.5419 
   00321    0.4244   -5407.4131  0.5521 
   00322    0.4188   -5446.2563  0.5563 
   00323    0.4069   -5416.1131  0.5504 
   00324    0.4069   -5410.1123  0.5415 
   00325    0.4256   -5410.0354  0.5495 
   00326    0.4281   -5431.9858  0.5504 
   00327    0.4225   -5431.6258  0.5518 
   00328    0.4125   -5425.2623  0.5424 
   00329    0.4131   -5408.9671  0.5451 
   00330    0.4019   -5398.7117  0.5454 
   00331    0.4294   -5428.0955  0.5478 
   00332    0.4175   -5414.5247  0.5483 
   00333    0.4206   -5400.6014  0.5508 
   00334    0.3981   -5446.7253  0.5599 
   00335    0.4206   -5437.1640  0.5650 
   00336    0.4169   -5440.1741  0.5532 
   00337    0.4313   -5440.8017  0.5525 
   00338    0.3862   -5424.1375  0.5569 
   00339    0.4044   -5405.4008  0.5595 
   00340    0.4188   -5401.3007  0.5601 
   00341    0.4238   -5375.1002  0.5644 
   00342    0.3944   -5427.9961  0.5651 
   00343    0.4138   -5434.4821  0.5593 
   00344    0.4150   -5447.6463  0.5608 
   00345    0.4250   -5445.9119  0.5606 
   00346    0.4006   -5436.1885  0.5555 
   00347    0.4288   -5423.6938  0.5631 
   00348    0.4206   -5412.1596  0.5575 
   00349    0.4138   -5433.8321  0.5505 
   00350    0.3981   -5416.1124  0.5593 
   00351    0.4056   -5415.1804  0.5630 
   00352    0.4150   -5418.3686  0.5595 
   00353    0.4244   -5418.3769  0.5633 
   00354    0.4131   -5442.0516  0.5540 
   00355    0.4081   -5434.7945  0.5508 
   00356    0.3944   -5453.1440  0.5477 
   00357    0.4000   -5420.5548  0.5454 
   00358    0.4175   -5403.4633  0.5498 
   00359    0.4069   -5424.2650  0.5495 
   00360    0.4075   -5410.1378  0.5473 
   00361    0.4263   -5403.9791  0.5427 
   00362    0.4169   -5414.1257  0.5512 
   00363    0.4100   -5420.9535  0.5492 
   00364    0.4156   -5416.9800  0.5520 
   00365    0.4225   -5425.2418  0.5516 
   00366    0.4144   -5365.4883  0.5498 
   00367    0.4100   -5391.6810  0.5448 
   00368    0.4075   -5360.3026  0.5455 
   00369    0.4113   -5336.4212  0.5454 
   00370    0.4031   -5398.0269  0.5424 
   00371    0.4088   -5383.8049  0.5496 
   00372    0.4319   -5433.7914  0.5516 
   00373    0.4238   -5422.9380  0.5431 
   00374    0.4219   -5426.5598  0.5433 
   00375    0.4188   -5416.9683  0.5371 
   00376    0.4394   -5445.3122  0.5385 
   00377    0.4056   -5456.0964  0.5396 
   00378    0.4075   -5447.7306  0.5452 
   00379    0.4150   -5457.1157  0.5450 
   00380    0.3981   -5446.9322  0.5426 
   00381    0.4075   -5466.0321  0.5457 
   00382    0.4044   -5443.9323  0.5387 
   00383    0.3969   -5439.7783  0.5484 
   00384    0.4062   -5458.3484  0.5550 
   00385    0.3887   -5436.8411  0.5485 
   00386    0.3956   -5425.3656  0.5502 
   00387    0.4144   -5425.4654  0.5585 
   00388    0.4156   -5432.8330  0.5599 
   00389    0.4163   -5446.3501  0.5613 
   00390    0.4131   -5410.6035  0.5667 
   00391    0.4169   -5429.3412  0.5706 
   00392    0.3969   -5421.2610  0.5661 
   00393    0.3881   -5424.6169  0.5630 
   00394    0.4138   -5432.1949  0.5638 
   00395    0.4181   -5435.1879  0.5638 
   00396    0.4125   -5431.7547  0.5631 
   00397    0.4106   -5415.8437  0.5667 
   00398    0.4088   -5429.2482  0.5694 
   00399    0.3994   -5418.9899  0.5710 
   00400    0.4069   -5474.6090  0.5701 
   00401    0.3975   -5429.5817  0.5745 
   00402    0.4300   -5433.9440  0.5744 
   00403    0.4125   -5424.1462  0.5794 
   00404    0.3981   -5403.9876  0.5833 
   00405    0.4075   -5416.8817  0.5869 
   00406    0.4244   -5429.6438  0.5818 
   00407    0.4000   -5448.4877  0.5919 
   00408    0.4075   -5393.8229  0.5897 
   00409    0.3919   -5436.2894  0.5942 
   00410    0.4288   -5460.2407  0.5922 
   00411    0.4069   -5432.5384  0.5918 
   00412    0.3975   -5440.4824  0.5915 
   00413    0.4150   -5457.4905  0.5917 
   00414    0.4000   -5443.7642  0.5998 
   00415    0.4256   -5408.3946  0.5960 
   00416    0.4138   -5413.3987  0.5947 
   00417    0.4125   -5421.4625  0.5840 
   00418    0.4006   -5411.2724  0.5792 
   00419    0.4238   -5392.9287  0.5834 
   00420    0.4037   -5367.0374  0.5780 
   00421    0.4188   -5398.2740  0.5750 
   00422    0.4200   -5381.3406  0.5804 
   00423    0.4037   -5374.6973  0.5796 
   00424    0.4037   -5393.0579  0.5899 
   00425    0.4313   -5412.7148  0.5894 
   00426    0.4231   -5397.3241  0.6013 
   00427    0.4088   -5397.4609  0.5992 
   00428    0.4069   -5396.2201  0.6062 
   00429    0.4181   -5396.3976  0.6165 
   00430    0.4113   -5406.0811  0.6252 
   00431    0.4113   -5425.5180  0.6280 
   00432    0.4181   -5397.2531  0.6204 
   00433    0.4069   -5377.0044  0.6139 
   00434    0.4069   -5377.5250  0.6184 
   00435    0.4119   -5387.4349  0.6194 
   00436    0.4106   -5417.5601  0.6286 
   00437    0.3887   -5425.4011  0.6303 
   00438    0.4462   -5405.5282  0.6231 
   00439    0.3969   -5373.6801  0.6245 
   00440    0.4006   -5384.1210  0.6229 
   00441    0.4306   -5376.3841  0.6253 
   00442    0.4100   -5383.5290  0.6185 
   00443    0.3887   -5410.1615  0.6124 
   00444    0.4000   -5373.0648  0.6128 
   00445    0.4175   -5365.1222  0.6083 
   00446    0.4069   -5394.0434  0.6190 
   00447    0.3987   -5427.6924  0.6165 
   00448    0.4119   -5438.7681  0.6195 
   00449    0.3987   -5448.7207  0.6195 
   00450    0.4081   -5497.9462  0.6127 
   00451    0.3950   -5482.6174  0.6104 
   00452    0.4006   -5445.9289  0.6087 
   00453    0.4225   -5408.6129  0.6099 
   00454    0.4300   -5384.0685  0.6109 
   00455    0.4325   -5348.9342  0.6098 
   00456    0.4200   -5366.1905  0.6103 
   00457    0.4219   -5373.8457  0.6111 
   00458    0.4119   -5392.8052  0.6099 
   00459    0.4219   -5375.1725  0.6126 
   00460    0.4163   -5403.2053  0.6193 
   00461    0.4263   -5406.0420  0.6219 
   00462    0.3975   -5397.3492  0.6209 
   00463    0.4138   -5402.2614  0.6223 
   00464    0.4062   -5423.8727  0.6225 
   00465    0.4213   -5429.4801  0.6209 
   00466    0.4081   -5451.3653  0.6275 
   00467    0.4200   -5422.0190  0.6305 
   00468    0.4288   -5428.8774  0.6352 
   00469    0.3975   -5436.7038  0.6382 
   00470    0.3762   -5467.9561  0.6382 
   00471    0.4100   -5439.1284  0.6433 
   00472    0.4037   -5442.1136  0.6513 
   00473    0.4144   -5401.2576  0.6566 
   00474    0.4175   -5409.8496  0.6516 
   00475    0.4081   -5348.6260  0.6423 
   00476    0.4037   -5391.1458  0.6413 
   00477    0.4338   -5410.4105  0.6358 
   00478    0.3919   -5389.1000  0.6406 
   00479    0.3994   -5383.4930  0.6332 
   00480    0.4019   -5411.2579  0.6231 
   00481    0.4181   -5383.8659  0.6302 
   00482    0.4113   -5420.8678  0.6363 
   00483    0.4313   -5409.6541  0.6353 
   00484    0.4350   -5439.0251  0.6248 
   00485    0.3994   -5437.5343  0.6226 
   00486    0.4025   -5430.6829  0.6233 
   00487    0.4325   -5449.3005  0.6288 
   00488    0.4144   -5458.2753  0.6268 
   00489    0.3937   -5450.0850  0.6304 
   00490    0.4125   -5466.9994  0.6328 
   00491    0.4025   -5440.8963  0.6370 
   00492    0.4344   -5437.8768  0.6419 
   00493    0.4081   -5471.3707  0.6407 
   00494    0.3800   -5475.7782  0.6473 
   00495    0.4231   -5452.5914  0.6507 
   00496    0.4119   -5406.7558  0.6536 
   00497    0.4131   -5427.3457  0.6564 
   00498    0.4094   -5403.1447  0.6590 
   00499    0.4138   -5399.1227  0.6687 
   00500    0.4094   -5382.9314  0.6576 
   00501    0.3994   -5334.2254  0.6577 
   00502    0.3812   -5418.6157  0.6646 
   00503    0.4088   -5417.5261  0.6620 
   00504    0.4288   -5415.2516  0.6628 
   00505    0.3962   -5409.9787  0.6686 
   00506    0.4175   -5405.6903  0.6669 
   00507    0.4256   -5410.7683  0.6689 
   00508    0.3937   -5414.7086  0.6604 
   00509    0.4131   -5386.8586  0.6577 
   00510    0.4019   -5393.8533  0.6632 
   00511    0.3887   -5400.8246  0.6600 
   00512    0.4206   -5415.6219  0.6542 
   00513    0.4269   -5438.6872  0.6563 
   00514    0.3937   -5413.2532  0.6553 
   00515    0.4156   -5412.0406  0.6496 
   00516    0.4263   -5381.7811  0.6492 
   00517    0.4263   -5382.2142  0.6482 
   00518    0.4106   -5411.4907  0.6513 
   00519    0.4163   -5400.1259  0.6509 
   00520    0.4225   -5375.4071  0.6495 
   00521    0.4050   -5420.9505  0.6534 
   00522    0.4188   -5407.3057  0.6520 
   00523    0.4144   -5399.4640  0.6630 
   00524    0.4225   -5439.6656  0.6622 
   00525    0.4331   -5444.6848  0.6685 
   00526    0.4019   -5478.0863  0.6744 
   00527    0.4250   -5434.5832  0.6755 
   00528    0.4306   -5423.3458  0.6721 
   00529    0.4113   -5444.8897  0.6758 
   00530    0.3931   -5452.5636  0.6739 
   00531    0.4256   -5415.9996  0.6722 
   00532    0.4263   -5413.8840  0.6799 
   00533    0.4131   -5427.9470  0.6906 
   00534    0.4144   -5411.3263  0.6845 
   00535    0.4062   -5411.7765  0.6816 
   00536    0.4150   -5352.6687  0.6827 
   00537    0.4325   -5409.4340  0.6843 
   00538    0.4131   -5424.9577  0.6913 
   00539    0.4219   -5459.5693  0.6911 
   00540    0.4062   -5450.4657  0.6826 
   00541    0.4044   -5426.6953  0.6823 
   00542    0.4219   -5419.9573  0.6813 
   00543    0.4062   -5482.0282  0.6879 
   00544    0.4256   -5456.9786  0.6877 
   00545    0.4256   -5467.8076  0.6919 
   00546    0.4163   -5464.7522  0.6923 
   00547    0.4031   -5462.5774  0.6943 
   00548    0.4144   -5481.7028  0.6976 
   00549    0.4119   -5431.6046  0.6884 
   00550    0.4044   -5449.8746  0.6969 
   00551    0.4150   -5512.1755  0.7012 
   00552    0.4081   -5449.6844  0.7005 
   00553    0.4175   -5476.6984  0.7005 
   00554    0.4031   -5509.9344  0.7034 
   00555    0.4069   -5443.2607  0.6987 
   00556    0.4006   -5459.1149  0.7091 
   00557    0.4031   -5471.6462  0.7065 
   00558    0.3944   -5442.3033  0.7039 
   00559    0.4031   -5420.3457  0.7011 
   00560    0.4025   -5385.9157  0.6964 
   00561    0.4056   -5426.6897  0.7015 
   00562    0.4256   -5429.1604  0.6964 
   00563    0.4238   -5408.5153  0.6865 
   00564    0.4037   -5377.9921  0.6807 
   00565    0.4175   -5402.2694  0.6724 
   00566    0.4213   -5385.1895  0.6765 
   00567    0.3994   -5403.7261  0.6852 
   00568    0.4144   -5357.5819  0.6806 
   00569    0.4181   -5366.3334  0.6828 
   00570    0.4313   -5415.6099  0.6829 
   00571    0.4100   -5423.9729  0.6736 
   00572    0.4131   -5432.6374  0.6746 
   00573    0.4088   -5434.7943  0.6704 
   00574    0.4188   -5428.9951  0.6719 
   00575    0.4306   -5424.0761  0.6777 
   00576    0.3887   -5402.1707  0.6745 
   00577    0.4075   -5415.1443  0.6768 
   00578    0.4200   -5395.5223  0.6910 
   00579    0.4050   -5375.8966  0.6901 
   00580    0.3969   -5403.4038  0.6983 
   00581    0.4206   -5416.6241  0.7029 
   00582    0.4181   -5433.2157  0.7070 
   00583    0.4075   -5451.5255  0.7091 
   00584    0.4000   -5442.8682  0.7076 
   00585    0.4125   -5429.5335  0.7110 
   00586    0.4119   -5442.6084  0.7134 
   00587    0.3956   -5439.7216  0.7087 
   00588    0.3987   -5443.9718  0.7076 
   00589    0.3837   -5421.1077  0.7061 
   00590    0.4075   -5434.5901  0.7088 
   00591    0.4150   -5414.4083  0.7076 
   00592    0.4281   -5422.3975  0.6934 
   00593    0.4113   -5422.4042  0.6991 
   00594    0.3969   -5460.9811  0.7056 
   00595    0.4106   -5477.3827  0.7069 
   00596    0.3912   -5467.2022  0.7116 
   00597    0.4050   -5440.4239  0.7171 
   00598    0.4062   -5477.4605  0.7204 
   00599    0.4244   -5488.8845  0.7305 
   00600    0.3994   -5450.4895  0.7257 
   00601    0.4194   -5442.8731  0.7285 
   00602    0.4213   -5438.3101  0.7349 
   00603    0.3975   -5445.3454  0.7419 
   00604    0.4100   -5468.5033  0.7374 
   00605    0.4163   -5495.6646  0.7459 
   00606    0.3969   -5465.6436  0.7455 
   00607    0.4138   -5456.6471  0.7552 
   00608    0.4106   -5434.3371  0.7597 
   00609    0.3975   -5438.3445  0.7554 
   00610    0.4113   -5476.2247  0.7593 
   00611    0.4019   -5507.0344  0.7635 
   00612    0.4062   -5498.6124  0.7644 
   00613    0.3975   -5498.9033  0.7683 
   00614    0.3919   -5455.0638  0.7539 
   00615    0.4094   -5401.8302  0.7474 
   00616    0.4194   -5478.7492  0.7459 
   00617    0.4313   -5480.1180  0.7444 
   00618    0.4294   -5482.1334  0.7531 
   00619    0.3994   -5479.5576  0.7419 
   00620    0.4044   -5456.7890  0.7522 
   00621    0.3962   -5450.2225  0.7463 
   00622    0.4175   -5445.3326  0.7400 
   00623    0.4175   -5413.1587  0.7349 
   00624    0.4250   -5419.6451  0.7335 
   00625    0.4163   -5427.3208  0.7348 
   00626    0.4231   -5411.0264  0.7361 
   00627    0.4069   -5439.2996  0.7425 
   00628    0.4331   -5424.6816  0.7458 
   00629    0.3919   -5426.5076  0.7400 
   00630    0.4006   -5409.7528  0.7390 
   00631    0.4225   -5441.7131  0.7433 
   00632    0.4125   -5431.0420  0.7336 
   00633    0.4181   -5457.3498  0.7247 
   00634    0.4275   -5437.0801  0.7226 
   00635    0.4206   -5430.8886  0.7191 
   00636    0.4175   -5401.7541  0.7137 
   00637    0.4088   -5413.9293  0.7129 
   00638    0.4031   -5435.0500  0.7103 
   00639    0.4175   -5406.6562  0.7068 
   00640    0.4094   -5449.2209  0.7071 
   00641    0.4450   -5459.0870  0.7099 
   00642    0.4094   -5482.5379  0.7121 
   00643    0.3925   -5462.0610  0.7116 
   00644    0.4006   -5463.6599  0.7039 
   00645    0.4037   -5502.5730  0.7059 
   00646    0.3937   -5501.6259  0.7049 
   00647    0.4050   -5505.1272  0.7097 
   00648    0.3731   -5495.9148  0.7097 
   00649    0.4175   -5451.3396  0.7065 
   00650    0.4206   -5474.1246  0.7097 
   00651    0.4144   -5458.1647  0.7068 
   00652    0.4331   -5488.1763  0.7082 
   00653    0.4194   -5498.0930  0.7032 
   00654    0.4250   -5486.6186  0.7083 
   00655    0.4119   -5466.2739  0.7088 
   00656    0.3906   -5445.3279  0.7057 
   00657    0.4169   -5441.8140  0.7012 
   00658    0.4125   -5428.5818  0.7055 
   00659    0.4075   -5453.8236  0.7087 
   00660    0.4238   -5475.1744  0.7077 
   00661    0.4094   -5455.2969  0.7134 
   00662    0.3900   -5444.1615  0.7092 
   00663    0.4000   -5439.6813  0.7134 
   00664    0.4213   -5428.5577  0.7121 
   00665    0.4250   -5427.8998  0.7118 
   00666    0.3937   -5416.9404  0.7074 
   00667    0.4225   -5403.7576  0.7108 
   00668    0.4213   -5383.5296  0.7124 
   00669    0.4200   -5388.6758  0.7138 
   00670    0.4006   -5418.5006  0.7091 
   00671    0.4062   -5389.4998  0.7071 
   00672    0.4081   -5421.0806  0.7084 
   00673    0.4100   -5435.6237  0.7133 
   00674    0.4094   -5438.9923  0.7161 
   00675    0.4194   -5455.0349  0.7184 
   00676    0.3794   -5458.3575  0.7212 
   00677    0.4025   -5460.3564  0.7161 
   00678    0.4106   -5419.8103  0.7198 
   00679    0.4031   -5420.9909  0.7243 
   00680    0.4213   -5391.1197  0.7190 
   00681    0.4019   -5424.9429  0.7236 
   00682    0.4200   -5408.5199  0.7133 
   00683    0.4100   -5423.8355  0.7204 
   00684    0.4075   -5446.2769  0.7197 
   00685    0.4088   -5408.5366  0.7172 
   00686    0.3987   -5416.3991  0.7193 
   00687    0.4081   -5442.9563  0.7211 
   00688    0.4400   -5445.0869  0.7272 
   00689    0.4069   -5462.4558  0.7357 
   00690    0.3887   -5491.5347  0.7294 
   00691    0.4019   -5479.1379  0.7313 
   00692    0.3862   -5465.6449  0.7310 
   00693    0.4106   -5474.7492  0.7387 
   00694    0.4125   -5476.0983  0.7466 
   00695    0.4238   -5484.3833  0.7504 
   00696    0.4263   -5459.5916  0.7542 
   00697    0.4012   -5473.8541  0.7551 
   00698    0.4012   -5477.6530  0.7505 
   00699    0.4200   -5459.8021  0.7377 
   00700    0.4031   -5421.3146  0.7359 
   00701    0.4231   -5406.1416  0.7402 
   00702    0.4075   -5448.2956  0.7504 
   00703    0.4144   -5446.1749  0.7445 
   00704    0.4062   -5447.4698  0.7546 
   00705    0.4231   -5444.0592  0.7546 
   00706    0.4313   -5448.6884  0.7489 
   00707    0.4056   -5494.0919  0.7565 
   00708    0.4113   -5482.5527  0.7595 
   00709    0.4006   -5469.5819  0.7553 
   00710    0.4025   -5422.0934  0.7534 
   00711    0.4244   -5413.3738  0.7482 
   00712    0.3862   -5420.2068  0.7555 
   00713    0.3994   -5426.4380  0.7505 
   00714    0.4131   -5415.2174  0.7467 
   00715    0.4263   -5411.7368  0.7401 
   00716    0.4156   -5423.3200  0.7478 
   00717    0.3969   -5487.6945  0.7564 
   00718    0.4056   -5532.7278  0.7605 
   00719    0.4144   -5549.2239  0.7611 
   00720    0.4044   -5499.1179  0.7606 
   00721    0.4156   -5491.4717  0.7588 
   00722    0.4375   -5447.9528  0.7499 
   00723    0.4263   -5455.0102  0.7509 
   00724    0.4119   -5462.8085  0.7545 
   00725    0.4206   -5450.3145  0.7549 
   00726    0.4306   -5444.6506  0.7613 
   00727    0.4256   -5435.9504  0.7620 
   00728    0.4062   -5444.0207  0.7576 
   00729    0.4163   -5455.4965  0.7662 
   00730    0.4119   -5484.4147  0.7700 
   00731    0.4138   -5464.4692  0.7670 
   00732    0.4387   -5483.3668  0.7664 
   00733    0.3869   -5510.8681  0.7687 
   00734    0.3881   -5516.7541  0.7745 
   00735    0.4019   -5525.2011  0.7710 
   00736    0.4000   -5532.5005  0.7738 
   00737    0.4156   -5559.4130  0.7770 
   00738    0.3869   -5506.6373  0.7654 
   00739    0.4012   -5482.7320  0.7653 
   00740    0.4231   -5443.5573  0.7628 
   00741    0.4181   -5459.0837  0.7684 
   00742    0.3881   -5468.0786  0.7648 
   00743    0.4131   -5468.9489  0.7635 
   00744    0.4194   -5510.0268  0.7695 
   00745    0.4025   -5507.7395  0.7676 
   00746    0.4094   -5509.4876  0.7662 
   00747    0.4281   -5537.2265  0.7720 
   00748    0.4081   -5536.1099  0.7754 
   00749    0.4094   -5509.7706  0.7756 
   00750    0.4206   -5507.0129  0.7645 
   00751    0.4019   -5491.1543  0.7656 
   00752    0.4044   -5477.5415  0.7630 
   00753    0.3987   -5472.1577  0.7605 
   00754    0.4194   -5488.7546  0.7654 
   00755    0.4238   -5480.7564  0.7763 
   00756    0.4094   -5486.8101  0.7836 
   00757    0.4094   -5533.1098  0.7882 
   00758    0.4150   -5531.5159  0.7900 
   00759    0.3937   -5516.1825  0.7864 
   00760    0.4044   -5488.7867  0.7792 
   00761    0.4100   -5496.9781  0.7774 
   00762    0.3931   -5542.9682  0.7867 
   00763    0.4019   -5550.5803  0.7876 
   00764    0.4113   -5525.5276  0.7847 
   00765    0.4100   -5518.1397  0.7898 
   00766    0.4000   -5494.8705  0.7800 
   00767    0.4144   -5511.9230  0.7762 
   00768    0.3850   -5533.3126  0.7761 
   00769    0.3956   -5550.6026  0.7847 
   00770    0.4044   -5532.2532  0.7816 
   00771    0.4044   -5537.5182  0.7838 
   00772    0.4131   -5549.9791  0.7828 
   00773    0.3987   -5528.7498  0.7827 
   00774    0.4169   -5535.2121  0.7811 
   00775    0.3981   -5526.3407  0.7795 
   00776    0.4094   -5487.9941  0.7808 
   00777    0.3881   -5476.1704  0.7734 
   00778    0.4300   -5455.2016  0.7683 
   00779    0.4181   -5470.6596  0.7718 
   00780    0.4188   -5483.0335  0.7698 
   00781    0.4138   -5446.5979  0.7652 
   00782    0.4231   -5430.8568  0.7691 
   00783    0.3919   -5461.8033  0.7681 
   00784    0.4113   -5436.0468  0.7639 
   00785    0.4313   -5462.3380  0.7597 
   00786    0.4012   -5451.7016  0.7652 
   00787    0.4094   -5442.3448  0.7608 
   00788    0.4150   -5485.2591  0.7565 
   00789    0.3887   -5425.3162  0.7506 
   00790    0.4325   -5442.7265  0.7425 
   00791    0.4050   -5438.2967  0.7501 
   00792    0.4156   -5472.6084  0.7565 
   00793    0.4113   -5482.3323  0.7600 
   00794    0.3756   -5466.4980  0.7557 
   00795    0.4138   -5466.8209  0.7551 
   00796    0.4000   -5471.5836  0.7599 
   00797    0.3819   -5501.5203  0.7640 
   00798    0.4306   -5459.0604  0.7639 
   00799    0.3956   -5445.6326  0.7652 
   00800    0.4394   -5476.3926  0.7650 
   00801    0.4012   -5480.7709  0.7670 
   00802    0.4263   -5464.3401  0.7637 
   00803    0.4150   -5430.6343  0.7590 
   00804    0.4175   -5408.2425  0.7545 
   00805    0.4000   -5386.4705  0.7581 
   00806    0.4231   -5376.3684  0.7593 
   00807    0.4338   -5357.8467  0.7553 
   00808    0.4113   -5378.8995  0.7535 
   00809    0.4125   -5388.9268  0.7591 
   00810    0.3862   -5382.2407  0.7649 
   00811    0.4325   -5422.8969  0.7712 
   00812    0.4075   -5412.3317  0.7674 
   00813    0.4131   -5437.8642  0.7703 
   00814    0.4150   -5469.1470  0.7710 
   00815    0.4150   -5512.5604  0.7667 
   00816    0.4069   -5483.0815  0.7627 
   00817    0.4062   -5454.8708  0.7499 
   00818    0.4031   -5474.5344  0.7542 
   00819    0.4425   -5517.9226  0.7647 
   00820    0.4225   -5484.5002  0.7692 
   00821    0.4138   -5470.8186  0.7693 
   00822    0.4088   -5471.9354  0.7696 
   00823    0.4088   -5517.7481  0.7717 
   00824    0.4037   -5488.1193  0.7681 
   00825    0.4094   -5477.1326  0.7675 
   00826    0.3975   -5486.3063  0.7673 
   00827    0.4213   -5488.5636  0.7717 
   00828    0.3931   -5481.5166  0.7704 
   00829    0.4069   -5498.9025  0.7729 
   00830    0.4144   -5456.0167  0.7711 
   00831    0.3850   -5427.7699  0.7697 
   00832    0.4206   -5451.6378  0.7692 
   00833    0.4194   -5468.4745  0.7744 
   00834    0.4088   -5486.3387  0.7765 
   00835    0.3975   -5522.8280  0.7751 
   00836    0.3994   -5520.7358  0.7782 
   00837    0.3962   -5522.2820  0.7763 
   00838    0.4250   -5521.4386  0.7733 
   00839    0.3962   -5549.3228  0.7705 
   00840    0.4150   -5524.5979  0.7694 
   00841    0.4000   -5557.9761  0.7717 
   00842    0.3931   -5561.7656  0.7746 
   00843    0.4175   -5567.4894  0.7760 
   00844    0.4025   -5520.0130  0.7688 
   00845    0.4044   -5469.3721  0.7604 
   00846    0.4031   -5469.6828  0.7575 
   00847    0.4131   -5458.3999  0.7560 
   00848    0.4044   -5445.1701  0.7522 
   00849    0.4169   -5477.2430  0.7584 
   00850    0.3981   -5462.4514  0.7575 
   00851    0.4069   -5481.2524  0.7597 
   00852    0.4062   -5460.2178  0.7566 
   00853    0.4081   -5472.4157  0.7569 
   00854    0.4006   -5526.6120  0.7577 
   00855    0.3919   -5504.9479  0.7567 
   00856    0.4119   -5477.1446  0.7610 
   00857    0.4081   -5497.1300  0.7653 
   00858    0.4181   -5491.0901  0.7686 
   00859    0.4062   -5498.3260  0.7704 
   00860    0.4181   -5490.9353  0.7699 
   00861    0.4163   -5450.6646  0.7683 
   00862    0.4306   -5449.4721  0.7654 
   00863    0.4281   -5487.8753  0.7738 
   00864    0.3812   -5492.4104  0.7733 
   00865    0.4169   -5516.9379  0.7849 
   00866    0.4194   -5523.7359  0.7886 
   00867    0.4206   -5520.2907  0.7902 
   00868    0.4062   -5551.1341  0.7929 
   00869    0.4075   -5534.5721  0.7876 
   00870    0.4106   -5514.7256  0.7875 
   00871    0.4250   -5498.8986  0.7809 
   00872    0.4144   -5498.6134  0.7839 
   00873    0.4131   -5500.2826  0.7854 
   00874    0.4219   -5521.0140  0.7915 
   00875    0.4000   -5482.8332  0.7884 
   00876    0.4300   -5497.4740  0.7863 
   00877    0.4031   -5476.6274  0.7880 
   00878    0.3919   -5471.1362  0.7809 
   00879    0.4019   -5488.3334  0.7843 
   00880    0.4213   -5469.0744  0.7808 
   00881    0.4163   -5472.9021  0.7836 
   00882    0.4088   -5460.7711  0.7793 
   00883    0.4263   -5487.3112  0.7864 
   00884    0.3962   -5526.1098  0.7879 
   00885    0.4037   -5490.1432  0.7841 
   00886    0.4288   -5451.9003  0.7805 
   00887    0.4344   -5470.4907  0.7866 
   00888    0.4100   -5497.4185  0.7830 
   00889    0.4037   -5505.3966  0.7811 
   00890    0.3937   -5528.9860  0.7810 
   00891    0.4019   -5533.0541  0.7854 
   00892    0.4125   -5512.6241  0.7846 
   00893    0.3944   -5525.8790  0.7857 
   00894    0.4088   -5503.1079  0.7834 
   00895    0.4006   -5487.1574  0.7799 
   00896    0.4169   -5517.7952  0.7841 
   00897    0.4188   -5493.2756  0.7886 
   00898    0.3837   -5462.9617  0.7874 
   00899    0.4075   -5515.2169  0.7901 
   00900    0.4200   -5509.4351  0.7820 
   00901    0.4012   -5502.4996  0.7819 
   00902    0.4006   -5499.6810  0.7767 
   00903    0.4200   -5507.0715  0.7746 
   00904    0.4037   -5526.7472  0.7743 
   00905    0.3887   -5540.7134  0.7783 
   00906    0.4138   -5515.7713  0.7743 
   00907    0.4194   -5491.6242  0.7759 
   00908    0.4031   -5478.8568  0.7774 
   00909    0.4319   -5468.1047  0.7774 
   00910    0.4194   -5475.9533  0.7788 
   00911    0.4275   -5478.1198  0.7837 
   00912    0.4288   -5506.1477  0.7862 
   00913    0.4019   -5509.8228  0.7906 
   00914    0.4138   -5530.3281  0.7832 
   00915    0.4219   -5536.5655  0.7926 
   00916    0.4100   -5502.7015  0.7903 
   00917    0.4031   -5516.2491  0.7965 
   00918    0.4169   -5506.9194  0.7990 
   00919    0.3937   -5529.9886  0.8029 
   00920    0.4225   -5551.7894  0.8050 
   00921    0.4075   -5504.0936  0.8004 
   00922    0.4313   -5505.4857  0.8004 
   00923    0.4019   -5527.2704  0.8081 
   00924    0.3794   -5525.3468  0.8066 
   00925    0.4219   -5484.7623  0.8022 
   00926    0.4094   -5468.9615  0.8002 
   00927    0.4188   -5474.9906  0.8017 
   00928    0.4062   -5456.1880  0.8015 
   00929    0.4144   -5517.6570  0.8010 
   00930    0.4319   -5511.8532  0.8061 
   00931    0.3919   -5531.0142  0.8073 
   00932    0.4250   -5502.5928  0.8131 
   00933    0.3894   -5534.9854  0.8159 
   00934    0.3931   -5546.8064  0.8184 
   00935    0.4113   -5527.2840  0.8146 
   00936    0.4131   -5548.7157  0.8104 
   00937    0.4050   -5520.0946  0.8098 
   00938    0.3994   -5550.2944  0.8135 
   00939    0.4113   -5520.5890  0.8046 
   00940    0.3837   -5505.7417  0.8061 
   00941    0.4125   -5572.5970  0.8096 
   00942    0.4119   -5581.0048  0.8104 
   00943    0.4188   -5564.6663  0.8056 
   00944    0.4131   -5532.7507  0.8031 
   00945    0.4031   -5532.7099  0.8011 
   00946    0.3906   -5519.1492  0.7964 
   00947    0.3931   -5511.9764  0.8012 
   00948    0.4225   -5539.6585  0.8030 
   00949    0.4100   -5507.1185  0.7989 
   00950    0.3912   -5560.1138  0.8016 
   00951    0.4238   -5535.0162  0.7946 
   00952    0.3975   -5545.8018  0.7961 
   00953    0.4156   -5546.5554  0.7898 
   00954    0.4044   -5495.6854  0.7856 
   00955    0.4275   -5542.0485  0.7906 
   00956    0.3987   -5543.4990  0.7962 
   00957    0.3987   -5553.2741  0.7911 
   00958    0.3869   -5508.7214  0.7914 
   00959    0.4131   -5513.6422  0.7856 
   00960    0.4100   -5499.4479  0.7878 
   00961    0.4194   -5488.5017  0.7846 
   00962    0.4194   -5509.4680  0.7818 
   00963    0.4025   -5518.5945  0.7750 
   00964    0.4225   -5557.8351  0.7717 
   00965    0.4100   -5513.8997  0.7698 
   00966    0.4069   -5483.2297  0.7614 
   00967    0.4062   -5490.3907  0.7602 
   00968    0.4094   -5483.7266  0.7590 
   00969    0.4044   -5527.4124  0.7643 
   00970    0.4244   -5499.1210  0.7642 
   00971    0.4163   -5499.6901  0.7688 
   00972    0.4169   -5504.8007  0.7719 
   00973    0.4131   -5534.9024  0.7710 
   00974    0.3981   -5504.4504  0.7675 
   00975    0.4163   -5518.0944  0.7687 
   00976    0.4019   -5545.1732  0.7678 
   00977    0.3912   -5472.4572  0.7734 
   00978    0.3894   -5487.7086  0.7794 
   00979    0.4094   -5480.0238  0.7757 
   00980    0.4131   -5485.6565  0.7696 
   00981    0.4094   -5482.2024  0.7725 
   00982    0.4069   -5481.3954  0.7753 
   00983    0.4200   -5476.3187  0.7773 
   00984    0.4019   -5472.9728  0.7877 
   00985    0.4056   -5465.6863  0.7799 
   00986    0.3931   -5526.4674  0.7827 
   00987    0.3987   -5532.9584  0.7823 
   00988    0.3862   -5480.8413  0.7792 
   00989    0.3912   -5450.7523  0.7833 
   00990    0.4125   -5492.3450  0.7862 
   00991    0.3937   -5438.7330  0.7843 
   00992    0.4200   -5448.1433  0.7903 
   00993    0.4150   -5468.0992  0.7854 
   00994    0.4250   -5433.2159  0.7816 
   00995    0.4256   -5426.4816  0.7844 
   00996    0.4056   -5461.3240  0.7918 
   00997    0.4188   -5472.8205  0.8018 
   00998    0.4188   -5522.5980  0.8020 
   00999    0.4094   -5507.4078  0.8025 
   01000    0.4019   -5515.9829  0.8064 
