#=====================================================
# File created:        Tue-25-Feb-2025-at-12-56-39PM
# Size of lattice:     50x50
# Number of MC steps:  500
# Reduced temperature: 0.500
# Run time (s):        15.825853
#=====================================================
# MC step:  Ratio:     Energy:   Order:
#=====================================================
   00000    0.5000 -125343.6539  0.2632 
   00001    0.4712 -184543.0766  0.2642 
   00002    0.3912 -226581.3803  0.2821 
   00003    0.3256 -255410.5472  0.2863 
   00004    0.2828 -278155.5982  0.2959 
   00005    0.2924 -298911.4601  0.3079 
   00006    0.2520 -317440.3068  0.3111 
   00007    0.2356 -335942.2133  0.3228 
   00008    0.2132 -352187.8588  0.3263 
   00009    0.2180 -368120.2959  0.3340 
   00010    0.2056 -382866.9137  0.3366 
   00011    0.2016 -396965.5311  0.3379 
   00012    0.1876 -410455.6031  0.3342 
   00013    0.1836 -420833.6012  0.3346 
   00014    0.1672 -429223.0755  0.3318 
   00015    0.1652 -435894.0336  0.3299 
   00016    0.1472 -442534.9523  0.3307 
   00017    0.1420 -447901.9284  0.3322 
   00018    0.1424 -452673.8283  0.3330 
   00019    0.1372 -457410.0942  0.3331 
   00020    0.1232 -459572.6647  0.3334 
   00021    0.1120 -462082.1004  0.3326 
   00022    0.1188 -464525.7577  0.3323 
   00023    0.1056 -466166.2830  0.3321 
   00024    0.1036 -467923.6439  0.3328 
   00025    0.1004 -469535.9582  0.3326 
   00026    0.1004 -470838.4710  0.3302 
   00027    0.0964 -472290.3615  0.3299 
   00028    0.0988 -473544.6243  0.3295 
   00029    0.1016 -474347.1052  0.3306 
   00030    0.0904 -475025.3642  0.3296 
   00031    0.0944 -475668.2507  0.3306 
   00032    0.0824 -476137.9745  0.3312 
   00033    0.0844 -476592.7566  0.3313 
   00034    0.0784 -476954.4504  0.3309 
   00035    0.0904 -477216.0431  0.3312 
   00036    0.0704 -477556.0473  0.3309 
   00037    0.0876 -477916.8711  0.3316 
   00038    0.0780 -478217.8277  0.3310 
   00039    0.0724 -478549.1816  0.3310 
   00040    0.0744 -478788.1866  0.3307 
   00041    0.0772 -479018.0184  0.3327 
   00042    0.0816 -479260.8979  0.3327 
   00043    0.0748 -479402.3325  0.3342 
   00044    0.0780 -479569.9611  0.3346 
   00045    0.0676 -479728.8799  0.3351 
   00046    0.0704 -479903.9057  0.3357 
   00047    0.0700 -480000.5822  0.3355 
   00048    0.0704 -480119.7746  0.3360 
   00049    0.0744 -480262.5416  0.3368 
   00050    0.0744 -480381.5888  0.3374 
   00051    0.0688 -480489.9224  0.3386 
   00052    0.0708 -480609.5006  0.3383 
   00053    0.0684 -480721.9343  0.3380 
   00054    0.0636 -480776.0856  0.3382 
   00055    0.0752 -480836.5573  0.3386 
   00056    0.0772 -480920.8119  0.3387 
   00057    0.0788 -480973.6703  0.3392 
   00058    0.0696 -481020.0642  0.3397 
   00059    0.0680 -481113.5590  0.3404 
   00060    0.0712 -481164.0596  0.3402 
   00061    0.0744 -481228.0642  0.3398 
   00062    0.0684 -481293.4280  0.3404 
   00063    0.0644 -481382.2602  0.3405 
   00064    0.0604 -481434.7716  0.3405 
   00065    0.0720 -481485.3770  0.3403 
   00066    0.0656 -481542.3034  0.3409 
   00067    0.0684 -481622.2003  0.3413 
   00068    0.0620 -481684.2995  0.3415 
   00069    0.0692 -481728.8364  0.3417 
   00070    0.0664 -481781.1551  0.3414 
   00071    0.0692 -481827.7526  0.3419 
   00072    0.0668 -481883.6963  0.3423 
   00073    0.0720 -481918.1574  0.3430 
   00074    0.0672 -481951.4773  0.3431 
   00075    0.0740 -482002.4357  0.3436 
   00076    0.0740 -482058.6526  0.3441 
   00077    0.0648 -482084.1207  0.3442 
   00078    0.0620 -482149.4083  0.3448 
   00079    0.0612 -482177.7307  0.3453 
   00080    0.0632 -482219.7410  0.3456 
   00081    0.0740 -482256.8476  0.3462 
   00082    0.0724 -482296.5495  0.3464 
   00083    0.0672 -482340.6928  0.3465 
   00084    0.0728 -482356.4446  0.3469 
   00085    0.0620 -482421.6151  0.3484 
   00086    0.0612 -482430.9410  0.3491 
   00087    0.0704 -482478.4158  0.3501 
   00088    0.0732 -482553.8097  0.3506 
   00089    0.0724 -482650.8303  0.3518 
   00090    0.0664 -482732.0212  0.3535 
   00091    0.0644 -482812.4798  0.3538 
   00092    0.0712 -482916.1967  0.3545 
   00093    0.0676 -483046.6953  0.3561 
   00094    0.0724 -483161.3908  0.3571 
   00095    0.0620 -483278.7847  0.3588 
   00096    0.0764 -483505.4049  0.3602 
   00097    0.0744 -483664.7587  0.3612 
   00098    0.0740 -483845.8541  0.3625 
   00099    0.0688 -484024.8417  0.3635 
   00100    0.0600 -484266.1106  0.3657 
   00101    0.0620 -484484.1942  0.3675 
   00102    0.0652 -484827.7359  0.3693 
   00103    0.0624 -485116.2858  0.3710 
   00104    0.0720 -485348.3373  0.3724 
   00105    0.0660 -485640.3916  0.3729 
   00106    0.0684 -485933.2389  0.3740 
   00107    0.0648 -486111.6221  0.3746 
   00108    0.0716 -486227.2607  0.3755 
   00109    0.0724 -486350.5964  0.3773 
   00110    0.0636 -486514.8543  0.3792 
   00111    0.0680 -486679.4708  0.3806 
   00112    0.0692 -486906.3368  0.3820 
   00113    0.0684 -487032.5106  0.3827 
   00114    0.0608 -487142.7889  0.3831 
   00115    0.0700 -487313.1324  0.3844 
   00116    0.0752 -487455.1314  0.3853 
   00117    0.0748 -487522.0050  0.3862 
   00118    0.0548 -487560.7405  0.3867 
   00119    0.0672 -487640.6557  0.3875 
   00120    0.0636 -487730.8936  0.3884 
   00121    0.0640 -487823.2130  0.3887 
   00122    0.0636 -487920.0241  0.3895 
   00123    0.0676 -488020.6015  0.3900 
   00124    0.0612 -488079.6289  0.3900 
   00125    0.0644 -488109.3979  0.3907 
   00126    0.0692 -488165.8790  0.3913 
   00127    0.0724 -488243.1403  0.3920 
   00128    0.0596 -488259.7071  0.3921 
   00129    0.0696 -488303.5706  0.3927 
   00130    0.0680 -488367.6011  0.3935 
   00131    0.0756 -488449.3203  0.3940 
   00132    0.0616 -488487.7543  0.3944 
   00133    0.0680 -488526.9836  0.3943 
   00134    0.0644 -488570.7353  0.3945 
   00135    0.0652 -488598.4752  0.3951 
   00136    0.0580 -488636.0853  0.3951 
   00137    0.0644 -488671.6176  0.3956 
   00138    0.0648 -488719.5875  0.3959 
   00139    0.0616 -488759.6913  0.3969 
   00140    0.0576 -488800.2963  0.3973 
   00141    0.0704 -488833.8142  0.3986 
   00142    0.0596 -488871.7619  0.3991 
   00143    0.0592 -488904.2487  0.3992 
   00144    0.0688 -488919.1297  0.4001 
   00145    0.0708 -488932.6598  0.4005 
   00146    0.0676 -488978.0232  0.4012 
   00147    0.0676 -489002.6851  0.4019 
   00148    0.0624 -489011.3134  0.4017 
   00149    0.0616 -489023.8473  0.4023 
   00150    0.0624 -489071.3382  0.4028 
   00151    0.0636 -489108.5633  0.4037 
   00152    0.0600 -489139.5065  0.4044 
   00153    0.0700 -489184.8302  0.4061 
   00154    0.0568 -489210.2664  0.4064 
   00155    0.0632 -489221.4065  0.4067 
   00156    0.0640 -489257.3310  0.4074 
   00157    0.0684 -489275.9741  0.4084 
   00158    0.0656 -489314.2922  0.4092 
   00159    0.0648 -489338.3051  0.4099 
   00160    0.0624 -489342.9977  0.4103 
   00161    0.0556 -489366.7814  0.4108 
   00162    0.0608 -489375.5252  0.4121 
   00163    0.0692 -489388.7503  0.4125 
   00164    0.0696 -489402.1588  0.4127 
   00165    0.0652 -489420.7765  0.4131 
   00166    0.0604 -489433.5018  0.4137 
   00167    0.0620 -489460.2444  0.4142 
   00168    0.0592 -489488.0124  0.4147 
   00169    0.0572 -489478.7792  0.4149 
   00170    0.0584 -489492.1664  0.4153 
   00171    0.0644 -489496.3551  0.4151 
   00172    0.0564 -489503.8552  0.4157 
   00173    0.0708 -489499.9932  0.4160 
   00174    0.0564 -489512.4186  0.4165 
   00175    0.0608 -489538.6136  0.4169 
   00176    0.0740 -489556.8394  0.4170 
   00177    0.0644 -489579.1045  0.4170 
   00178    0.0648 -489610.9434  0.4182 
   00179    0.0580 -489645.0646  0.4177 
   00180    0.0696 -489683.5404  0.4185 
   00181    0.0696 -489720.4723  0.4192 
   00182    0.0600 -489715.2688  0.4195 
   00183    0.0596 -489742.9565  0.4199 
   00184    0.0608 -489744.1138  0.4199 
   00185    0.0596 -489774.6433  0.4202 
   00186    0.0656 -489801.9923  0.4209 
   00187    0.0648 -489802.2268  0.4218 
   00188    0.0632 -489825.8994  0.4219 
   00189    0.0596 -489834.5533  0.4222 
   00190    0.0568 -489845.4689  0.4227 
   00191    0.0640 -489849.8319  0.4231 
   00192    0.0648 -489864.9572  0.4235 
   00193    0.0700 -489869.4280  0.4235 
   00194    0.0608 -489861.5397  0.4240 
   00195    0.0776 -489858.5676  0.4243 
   00196    0.0536 -489888.3481  0.4245 
   00197    0.0628 -489899.5326  0.4247 
   00198    0.0576 -489898.4226  0.4251 
   00199    0.0672 -489902.7755  0.4257 
   00200    0.0624 -489898.7257  0.4263 
   00201    0.0596 -489935.8099  0.4267 
   00202    0.0608 -489926.2484  0.4271 
   00203    0.0668 -489932.3463  0.4273 
   00204    0.0676 -489978.9236  0.4278 
   00205    0.0592 -490021.0510  0.4281 
   00206    0.0560 -490055.2451  0.4284 
   00207    0.0720 -490056.7387  0.4292 
   00208    0.0596 -490048.6092  0.4298 
   00209    0.0592 -490056.9810  0.4304 
   00210    0.0584 -490077.7819  0.4311 
   00211    0.0724 -490089.2598  0.4322 
   00212    0.0600 -490094.7787  0.4324 
   00213    0.0668 -490100.1019  0.4324 
   00214    0.0668 -490088.4385  0.4330 
   00215    0.0640 -490100.5485  0.4334 
   00216    0.0688 -490086.7983  0.4334 
   00217    0.0648 -490104.8073  0.4334 
   00218    0.0580 -490118.5557  0.4334 
   00219    0.0564 -490139.6566  0.4337 
   00220    0.0652 -490156.5044  0.4340 
   00221    0.0684 -490191.6180  0.4345 
   00222    0.0560 -490193.4566  0.4351 
   00223    0.0564 -490221.6396  0.4359 
   00224    0.0600 -490227.3126  0.4363 
   00225    0.0596 -490227.1753  0.4368 
   00226    0.0644 -490230.0038  0.4373 
   00227    0.0564 -490250.9644  0.4379 
   00228    0.0632 -490251.8682  0.4385 
   00229    0.0664 -490242.7696  0.4390 
   00230    0.0576 -490248.6828  0.4396 
   00231    0.0672 -490228.7795  0.4402 
   00232    0.0708 -490247.2616  0.4401 
   00233    0.0612 -490242.5119  0.4402 
   00234    0.0580 -490242.6760  0.4410 
   00235    0.0584 -490253.7875  0.4411 
   00236    0.0676 -490268.4420  0.4413 
   00237    0.0640 -490279.8836  0.4414 
   00238    0.0616 -490305.0857  0.4413 
   00239    0.0712 -490289.2742  0.4419 
   00240    0.0636 -490287.9912  0.4425 
   00241    0.0648 -490303.3235  0.4434 
   00242    0.0596 -490301.8095  0.4437 
   00243    0.0628 -490293.5213  0.4437 
   00244    0.0500 -490301.2095  0.4442 
   00245    0.0652 -490319.1684  0.4447 
   00246    0.0656 -490316.1799  0.4451 
   00247    0.0600 -490341.2097  0.4453 
   00248    0.0600 -490352.9753  0.4459 
   00249    0.0668 -490362.7062  0.4461 
   00250    0.0680 -490344.5777  0.4472 
   00251    0.0632 -490355.8267  0.4480 
   00252    0.0696 -490384.4757  0.4484 
   00253    0.0648 -490390.7457  0.4479 
   00254    0.0572 -490383.0014  0.4484 
   00255    0.0668 -490400.3186  0.4487 
   00256    0.0668 -490422.4619  0.4491 
   00257    0.0696 -490426.8915  0.4494 
   00258    0.0592 -490436.2324  0.4499 
   00259    0.0612 -490437.1975  0.4503 
   00260    0.0660 -490461.1813  0.4503 
   00261    0.0720 -490471.9891  0.4505 
   00262    0.0644 -490476.4234  0.4506 
   00263    0.0652 -490461.2006  0.4510 
   00264    0.0580 -490467.0292  0.4512 
   00265    0.0652 -490449.6495  0.4521 
   00266    0.0544 -490469.8103  0.4524 
   00267    0.0632 -490449.5291  0.4530 
   00268    0.0664 -490458.2771  0.4535 
   00269    0.0572 -490465.0794  0.4541 
   00270    0.0644 -490484.3282  0.4544 
   00271    0.0732 -490484.5609  0.4545 
   00272    0.0560 -490458.4053  0.4550 
   00273    0.0700 -490462.2602  0.4555 
   00274    0.0608 -490493.2188  0.4556 
   00275    0.0676 -490488.1757  0.4558 
   00276    0.0572 -490469.7280  0.4566 
   00277    0.0704 -490512.0466  0.4565 
   00278    0.0612 -490532.2227  0.4569 
   00279    0.0712 -490547.6818  0.4576 
   00280    0.0600 -490559.4871  0.4578 
   00281    0.0664 -490562.5432  0.4581 
   00282    0.0640 -490576.8567  0.4582 
   00283    0.0572 -490572.5173  0.4584 
   00284    0.0736 -490577.3851  0.4589 
   00285    0.0524 -490564.9358  0.4593 
   00286    0.0604 -490575.1650  0.4597 
   00287    0.0564 -490587.0199  0.4598 
   00288    0.0716 -490598.0399  0.4600 
   00289    0.0600 -490611.1675  0.4604 
   00290    0.0636 -490634.4651  0.4608 
   00291    0.0644 -490663.1605  0.4610 
   00292    0.0644 -490650.6665  0.4609 
   00293    0.0620 -490669.3596  0.4616 
   00294    0.0496 -490671.8761  0.4620 
   00295    0.0612 -490675.2785  0.4625 
   00296    0.0644 -490681.5251  0.4628 
   00297    0.0572 -490675.1620  0.4632 
   00298    0.0644 -490679.9013  0.4634 
   00299    0.0652 -490667.3660  0.4636 
   00300    0.0616 -490688.7264  0.4641 
   00301    0.0652 -490697.3808  0.4649 
   00302    0.0644 -490708.5036  0.4647 
   00303    0.0664 -490731.2195  0.4656 
   00304    0.0612 -490712.4448  0.4658 
   00305    0.0548 -490734.8016  0.4660 
   00306    0.0620 -490756.2716  0.4659 
   00307    0.0644 -490743.2721  0.4662 
   00308    0.0672 -490777.2728  0.4671 
   00309    0.0600 -490809.0254  0.4675 
   00310    0.0536 -490790.8153  0.4677 
   00311    0.0596 -490789.6618  0.4676 
   00312    0.0668 -490803.1015  0.4686 
   00313    0.0568 -490819.3985  0.4685 
   00314    0.0644 -490823.6520  0.4690 
   00315    0.0536 -490812.1567  0.4690 
   00316    0.0604 -490816.2815  0.4694 
   00317    0.0640 -490803.0894  0.4702 
   00318    0.0636 -490836.0314  0.4709 
   00319    0.0584 -490863.7564  0.4711 
   00320    0.0664 -490861.6127  0.4720 
   00321    0.0648 -490870.8303  0.4730 
   00322    0.0624 -490861.9495  0.4736 
   00323    0.0540 -490840.9506  0.4733 
   00324    0.0564 -490863.3468  0.4738 
   00325    0.0672 -490880.5092  0.4738 
   00326    0.0664 -490878.5427  0.4740 
   00327    0.0584 -490889.0838  0.4742 
   00328    0.0668 -490919.4717  0.4746 
   00329    0.0608 -490929.6785  0.4751 
   00330    0.0648 -490926.4309  0.4749 
   00331    0.0716 -490944.5593  0.4749 
   00332    0.0576 -490940.7214  0.4755 
   00333    0.0644 -490954.3251  0.4760 
   00334    0.0608 -490962.3623  0.4759 
   00335    0.0616 -490962.2350  0.4759 
   00336    0.0640 -490962.0943  0.4762 
   00337    0.0672 -490945.2122  0.4764 
   00338    0.0624 -490955.4309  0.4758 
   00339    0.0572 -490960.6815  0.4761 
   00340    0.0660 -490992.2157  0.4768 
   00341    0.0600 -491007.3367  0.4771 
   00342    0.0620 -491017.3571  0.4773 
   00343    0.0572 -490994.9981  0.4776 
   00344    0.0692 -490980.8850  0.4779 
   00345    0.0628 -490974.2425  0.4778 
   00346    0.0588 -490978.8357  0.4781 
   00347    0.0648 -490944.9002  0.4781 
   00348    0.0572 -490937.1965  0.4785 
   00349    0.0644 -490945.5951  0.4786 
   00350    0.0584 -490966.2266  0.4789 
   00351    0.0696 -490986.7487  0.4794 
   00352    0.0628 -490981.1230  0.4796 
   00353    0.0600 -490972.8770  0.4800 
   00354    0.0608 -490972.2309  0.4806 
   00355    0.0716 -490970.5320  0.4811 
   00356    0.0664 -490978.7608  0.4816 
   00357    0.0596 -490994.3483  0.4815 
   00358    0.0716 -491026.7955  0.4821 
   00359    0.0604 -491016.2355  0.4823 
   00360    0.0644 -491016.2881  0.4824 
   00361    0.0664 -491030.0879  0.4826 
   00362    0.0636 -491039.8764  0.4830 
   00363    0.0612 -491033.1395  0.4832 
   00364    0.0572 -491029.1192  0.4836 
   00365    0.0632 -491031.8124  0.4840 
   00366    0.0648 -491013.0102  0.4844 
   00367    0.0528 -491017.2437  0.4848 
   00368    0.0640 -491017.7780  0.4849 
   00369    0.0504 -491013.6898  0.4850 
   00370    0.0732 -491026.4785  0.4853 
   00371    0.0576 -491019.1836  0.4853 
   00372    0.0632 -491038.3981  0.4859 
   00373    0.0644 -491032.3788  0.4859 
   00374    0.0652 -491017.6012  0.4863 
   00375    0.0600 -491019.2267  0.4865 
   00376    0.0588 -491041.9720  0.4867 
   00377    0.0556 -491048.1947  0.4871 
   00378    0.0696 -491046.1632  0.4877 
   00379    0.0636 -491026.7720  0.4878 
   00380    0.0672 -491022.9555  0.4880 
   00381    0.0568 -491044.4623  0.4884 
   00382    0.0624 -491042.0218  0.4893 
   00383    0.0720 -491063.5100  0.4896 
   00384    0.0656 -491052.3085  0.4903 
   00385    0.0556 -491060.5732  0.4909 
   00386    0.0636 -491080.7965  0.4913 
   00387    0.0640 -491102.5643  0.4921 
   00388    0.0584 -491098.1399  0.4928 
   00389    0.0620 -491099.6397  0.4931 
   00390    0.0596 -491115.1178  0.4929 
   00391    0.0600 -491151.7507  0.4934 
   00392    0.0516 -491167.8217  0.4935 
   00393    0.0604 -491171.6216  0.4935 
   00394    0.0724 -491184.3198  0.4934 
   00395    0.0652 -491187.1644  0.4937 
   00396    0.0572 -491185.9518  0.4938 
   00397    0.0588 -491202.6445  0.4937 
   00398    0.0576 -491187.9181  0.4942 
   00399    0.0588 -491195.4627  0.4942 
   00400    0.0624 -491200.3177  0.4946 
   00401    0.0672 -491181.9942  0.4950 
   00402    0.0644 -491187.7136  0.4951 
   00403    0.0676 -491216.0573  0.4955 
   00404    0.0636 -491213.1903  0.4953 
   00405    0.0620 -491236.8395  0.4958 
   00406    0.0684 -491235.6428  0.4960 
   00407    0.0660 -491240.9598  0.4967 
   00408    0.0620 -491233.0039  0.4971 
   00409    0.0640 -491231.5133  0.4978 
   00410    0.0632 -491246.4162  0.4979 
   00411    0.0688 -491256.2171  0.4980 
   00412    0.0628 -491243.3291  0.4984 
   00413    0.0592 -491229.6451  0.4981 
   00414    0.0604 -491228.8716  0.4981 
   00415    0.0612 -491234.2447  0.4988 
   00416    0.0600 -491250.2535  0.4992 
   00417    0.0608 -491253.9055  0.4998 
   00418    0.0568 -491248.4655  0.5003 
   00419    0.0632 -491247.3419  0.5005 
   00420    0.0516 -491244.5902  0.5011 
   00421    0.0604 -491238.3938  0.5009 
   00422    0.0620 -491244.5833  0.5007 
   00423    0.0544 -491238.6549  0.5009 
   00424    0.0688 -491269.5851  0.5014 
   00425    0.0576 -491285.3042  0.5017 
   00426    0.0628 -491305.6524  0.5019 
   00427    0.0676 -491310.5614  0.5025 
   00428    0.0636 -491312.6448  0.5024 
   00429    0.0644 -491295.7750  0.5028 
   00430    0.0600 -491286.0884  0.5028 
   00431    0.0552 -491301.5998  0.5027 
   00432    0.0652 -491314.5541  0.5029 
   00433    0.0604 -491353.7740  0.5035 
   00434    0.0680 -491361.5525  0.5038 
   00435    0.0536 -491356.4101  0.5039 
   00436    0.0648 -491351.2222  0.5043 
   00437    0.0600 -491340.6839  0.5048 
   00438    0.0612 -491346.0752  0.5052 
   00439    0.0696 -491358.3327  0.5050 
   00440    0.0640 -491379.9966  0.5053 
   00441    0.0676 -491387.4475  0.5054 
   00442    0.0636 -491393.5068  0.5057 
   00443    0.0580 -491401.3997  0.5057 
   00444    0.0620 -491397.9134  0.5058 
   00445    0.0580 -491411.4782  0.5061 
   00446    0.0576 -491423.3723  0.5062 
   00447    0.0564 -491416.9203  0.5069 
   00448    0.0692 -491413.4534  0.5072 
   00449    0.0656 -491409.7825  0.5076 
   00450    0.0608 -491422.1035  0.5078 
   00451    0.0604 -491423.6053  0.5082 
   00452    0.0608 -491446.6567  0.5081 
   00453    0.0580 -491453.8839  0.5084 
   00454    0.0660 -491452.8590  0.5083 
   00455    0.0616 -491459.0643  0.5084 
   00456    0.0612 -491446.1147  0.5088 
   00457    0.0656 -491444.9584  0.5090 
   00458    0.0640 -491428.7735  0.5100 
   00459    0.0604 -491417.5380  0.5099 
   00460    0.0628 -491407.7025  0.5104 
   00461    0.0592 -491407.6343  0.5105 
   00462    0.0580 -491417.4969  0.5111 
   00463    0.0648 -491423.6164  0.5111 
   00464    0.0624 -491451.3589  0.5114 
   00465    0.0636 -491450.9729  0.5122 
   00466    0.0704 -491462.2349  0.5124 
   00467    0.0572 -491460.8572  0.5125 
   00468    0.0588 -491470.3924  0.5133 
   00469    0.0596 -491479.6451  0.5135 
   00470    0.0640 -491487.8944  0.5139 
   00471    0.0616 -491485.3267  0.5139 
   00472    0.0616 -491489.4529  0.5139 
   00473    0.0612 -491509.1683  0.5142 
   00474    0.0644 -491508.6316  0.5144 
   00475    0.0644 -491489.4471  0.5145 
   00476    0.0608 -491487.5398  0.5149 
   00477    0.0560 -491521.2161  0.5152 
   00478    0.0592 -491502.5985  0.5148 
   00479    0.0636 -491497.8686  0.5152 
   00480    0.0668 -491508.5551  0.5158 
   00481    0.0644 -491501.3429  0.5161 
   00482    0.0660 -491511.8977  0.5164 
   00483    0.0660 -491515.8163  0.5164 
   00484    0.0624 -491513.6589  0.5168 
   00485    0.0628 -491525.4025  0.5171 
   00486    0.0600 -491547.1022  0.5175 
   00487    0.0648 -491532.5159  0.5183 
   00488    0.0668 -491528.9947  0.5183 
   00489    0.0612 -491529.6333  0.5188 
   00490    0.0592 -491529.7778  0.5197 
   00491    0.0660 -491558.5029  0.5200 
   00492    0.0560 -491564.9627  0.5205 
   00493    0.0680 -491574.9148  0.5205 
   00494    0.0712 -491576.4933  0.5208 
   00495    0.0588 -491600.1869  0.5205 
   00496    0.0608 -491604.0489  0.5207 
   00497    0.0596 -491594.9702  0.5216 
   00498    0.0648 -491606.6707  0.5224 
   00499    0.0604 -491593.1726  0.5224 
   00500    0.0620 -491611.2358  0.5228 
