#=====================================================
# File created:        Tue-25-Feb-2025-at-08-46-58PM
# Size of lattice:     20x20
# Number of MC steps:  1000
# Reduced temperature: 0.500
# Run time (s):        4.477184
#=====================================================
# MC step:  Ratio:     Energy:   Order:
#=====================================================
   00000    0.5000    -448.2303  0.2566 
   00001    0.6725    -634.0696  0.2849 
   00002    0.6450    -779.8841  0.2746 
   00003    0.5775    -867.9520  0.3158 
   00004    0.5750    -923.6023  0.3277 
   00005    0.5450    -978.2190  0.3592 
   00006    0.5125   -1002.6954  0.3610 
   00007    0.4925   -1062.7118  0.3618 
   00008    0.5075   -1087.8915  0.3953 
   00009    0.4375   -1120.0025  0.4153 
   00010    0.4900   -1160.9891  0.4060 
   00011    0.5325   -1156.4517  0.3884 
   00012    0.4650   -1184.1896  0.3978 
   00013    0.4600   -1205.9837  0.3959 
   00014    0.4575   -1207.8297  0.3955 
   00015    0.4650   -1222.0776  0.4027 
   00016    0.4125   -1197.5908  0.4056 
   00017    0.4450   -1206.4359  0.4037 
   00018    0.4575   -1225.8491  0.4073 
   00019    0.4575   -1219.4806  0.3983 
   00020    0.4475   -1211.6067  0.3812 
   00021    0.4800   -1214.2133  0.3807 
   00022    0.3975   -1236.4184  0.3763 
   00023    0.4375   -1220.3980  0.3741 
   00024    0.4400   -1255.9465  0.3646 
   00025    0.4250   -1255.5472  0.3591 
   00026    0.4450   -1256.0791  0.3542 
   00027    0.4500   -1242.2727  0.3510 
   00028    0.4925   -1231.0159  0.3453 
   00029    0.4200   -1243.0225  0.3437 
   00030    0.4075   -1267.2877  0.3296 
   00031    0.4200   -1271.8265  0.3122 
   00032    0.4500   -1273.3757  0.3012 
   00033    0.4750   -1236.7491  0.3158 
   00034    0.4775   -1248.6053  0.3107 
   00035    0.4325   -1250.7417  0.3145 
   00036    0.4775   -1256.4491  0.3201 
   00037    0.4575   -1261.7257  0.3118 
   00038    0.4350   -1271.0686  0.3196 
   00039    0.4575   -1251.1600  0.3395 
   00040    0.4325   -1260.5536  0.3318 
   00041    0.4350   -1258.3299  0.3396 
   00042    0.4425   -1254.7240  0.3428 
   00043    0.4225   -1272.2950  0.3366 
   00044    0.4400   -1280.8111  0.3360 
   00045    0.4550   -1267.8948  0.3440 
   00046    0.4275   -1274.4338  0.3432 
   00047    0.4250   -1255.8543  0.3444 
   00048    0.4275   -1256.8331  0.3299 
   00049    0.4400   -1245.7988  0.3358 
   00050    0.4100   -1256.7388  0.3534 
   00051    0.4850   -1251.7685  0.3610 
   00052    0.4300   -1279.1662  0.3591 
   00053    0.4050   -1272.1234  0.3851 
   00054    0.3525   -1269.2066  0.3890 
   00055    0.4500   -1270.6116  0.3824 
   00056    0.4575   -1261.2860  0.4071 
   00057    0.4600   -1270.9955  0.3965 
   00058    0.4200   -1276.9653  0.4055 
   00059    0.4275   -1256.3359  0.4136 
   00060    0.4600   -1271.8556  0.4333 
   00061    0.4450   -1274.9764  0.4342 
   00062    0.4275   -1265.8474  0.4280 
   00063    0.4350   -1258.9914  0.4334 
   00064    0.4525   -1263.2881  0.4128 
   00065    0.4225   -1272.0103  0.4079 
   00066    0.4175   -1270.8925  0.4204 
   00067    0.4500   -1269.8822  0.4384 
   00068    0.3950   -1280.7787  0.4325 
   00069    0.4300   -1279.3023  0.4257 
   00070    0.4175   -1277.9022  0.4299 
   00071    0.3975   -1276.1509  0.4057 
   00072    0.4275   -1287.3647  0.4133 
   00073    0.4700   -1282.1284  0.4191 
   00074    0.4350   -1294.5728  0.4304 
   00075    0.4450   -1297.4869  0.4001 
   00076    0.4300   -1304.7515  0.4016 
   00077    0.4400   -1305.9647  0.4080 
   00078    0.3875   -1288.5455  0.4127 
   00079    0.4200   -1302.5394  0.4300 
   00080    0.4325   -1309.5020  0.4171 
   00081    0.4275   -1293.9025  0.4052 
   00082    0.4175   -1316.3274  0.3949 
   00083    0.4300   -1301.2178  0.3823 
   00084    0.4500   -1282.0555  0.3637 
   00085    0.4200   -1275.5143  0.3698 
   00086    0.4275   -1289.0901  0.3800 
   00087    0.4025   -1285.0949  0.3728 
   00088    0.3975   -1290.2983  0.3738 
   00089    0.4300   -1287.6811  0.3743 
   00090    0.4350   -1266.3547  0.3823 
   00091    0.3975   -1262.1793  0.3788 
   00092    0.4175   -1274.5114  0.3839 
   00093    0.4350   -1295.2513  0.3785 
   00094    0.4550   -1283.7461  0.4074 
   00095    0.4600   -1280.3784  0.3961 
   00096    0.4400   -1284.0305  0.4159 
   00097    0.4350   -1262.8515  0.4142 
   00098    0.4225   -1254.2625  0.4113 
   00099    0.4475   -1289.8557  0.4163 
   00100    0.4200   -1284.2092  0.4030 
   00101    0.4600   -1280.2734  0.3928 
   00102    0.4400   -1268.9921  0.4034 
   00103    0.4350   -1275.0442  0.4346 
   00104    0.4100   -1306.2330  0.4354 
   00105    0.4025   -1300.3489  0.4464 
   00106    0.4300   -1297.9743  0.4602 
   00107    0.4325   -1288.6813  0.4840 
   00108    0.4175   -1290.7048  0.4758 
   00109    0.4475   -1307.2934  0.4819 
   00110    0.4100   -1303.8294  0.4783 
   00111    0.4050   -1278.5047  0.4746 
   00112    0.4200   -1296.3163  0.4462 
   00113    0.3950   -1311.1656  0.4423 
   00114    0.4450   -1328.4680  0.4508 
   00115    0.4100   -1320.1840  0.4527 
   00116    0.4250   -1319.7740  0.4479 
   00117    0.4775   -1318.3153  0.4422 
   00118    0.3950   -1319.2648  0.4455 
   00119    0.4375   -1315.6586  0.4571 
   00120    0.4800   -1296.4138  0.4537 
   00121    0.3975   -1296.4517  0.4528 
   00122    0.4375   -1275.3404  0.4599 
   00123    0.4000   -1297.7888  0.4714 
   00124    0.4425   -1304.3946  0.4757 
   00125    0.4225   -1291.4721  0.4692 
   00126    0.3850   -1291.5853  0.4780 
   00127    0.4150   -1286.0833  0.4821 
   00128    0.4150   -1289.8992  0.4865 
   00129    0.4750   -1279.5358  0.4882 
   00130    0.4150   -1297.6267  0.4818 
   00131    0.4100   -1320.8512  0.4962 
   00132    0.4325   -1323.0306  0.5133 
   00133    0.4000   -1313.3123  0.5193 
   00134    0.4175   -1306.0539  0.5200 
   00135    0.4175   -1310.5184  0.5306 
   00136    0.4200   -1333.4699  0.5511 
   00137    0.4625   -1328.3548  0.5326 
   00138    0.3925   -1330.6318  0.5360 
   00139    0.4325   -1331.0459  0.5602 
   00140    0.4450   -1310.0713  0.5570 
   00141    0.4350   -1290.0542  0.5381 
   00142    0.4550   -1287.8642  0.5391 
   00143    0.4150   -1281.6471  0.5364 
   00144    0.4150   -1295.5029  0.5361 
   00145    0.4175   -1297.0566  0.5462 
   00146    0.3875   -1303.9510  0.5431 
   00147    0.4200   -1301.3727  0.5432 
   00148    0.4000   -1311.8212  0.5456 
   00149    0.4300   -1307.7375  0.5622 
   00150    0.4000   -1301.9696  0.5660 
   00151    0.4600   -1310.8746  0.5548 
   00152    0.3950   -1327.8420  0.5631 
   00153    0.4100   -1334.3154  0.5540 
   00154    0.4150   -1318.8505  0.5668 
   00155    0.4200   -1317.2217  0.5671 
   00156    0.4425   -1303.1913  0.5652 
   00157    0.4425   -1315.9335  0.5803 
   00158    0.4150   -1309.0896  0.5852 
   00159    0.4450   -1325.6003  0.5774 
   00160    0.4300   -1317.1619  0.5836 
   00161    0.4025   -1323.9641  0.5775 
   00162    0.4475   -1340.5064  0.5705 
   00163    0.4125   -1330.0934  0.5643 
   00164    0.4025   -1317.6070  0.5680 
   00165    0.4450   -1326.8301  0.5771 
   00166    0.4725   -1321.0433  0.5674 
   00167    0.4300   -1347.0839  0.5724 
   00168    0.4200   -1347.1224  0.5948 
   00169    0.4250   -1331.4413  0.5739 
   00170    0.4550   -1339.6361  0.5958 
   00171    0.4225   -1350.2223  0.6120 
   00172    0.4125   -1363.6282  0.6222 
   00173    0.3850   -1381.3525  0.6377 
   00174    0.4350   -1378.2602  0.6550 
   00175    0.3925   -1363.6731  0.6525 
   00176    0.4050   -1351.9296  0.6371 
   00177    0.4000   -1341.2664  0.6353 
   00178    0.4175   -1337.5020  0.6457 
   00179    0.4250   -1323.1891  0.6289 
   00180    0.3850   -1325.8972  0.6269 
   00181    0.4575   -1346.2490  0.6234 
   00182    0.4150   -1356.1332  0.6167 
   00183    0.4075   -1360.4450  0.6105 
   00184    0.4450   -1363.6181  0.6238 
   00185    0.3700   -1372.7516  0.6412 
   00186    0.3875   -1379.2735  0.6495 
   00187    0.3875   -1376.0800  0.6550 
   00188    0.4250   -1379.8592  0.6447 
   00189    0.4475   -1373.7985  0.6511 
   00190    0.4075   -1390.5845  0.6553 
   00191    0.4375   -1387.1725  0.6545 
   00192    0.4275   -1374.4942  0.6431 
   00193    0.4550   -1361.9628  0.6405 
   00194    0.4675   -1343.4500  0.6403 
   00195    0.4400   -1332.5812  0.6319 
   00196    0.4075   -1352.1078  0.6426 
   00197    0.3950   -1341.3206  0.6502 
   00198    0.3775   -1355.3275  0.6547 
   00199    0.4100   -1348.9955  0.6536 
   00200    0.3875   -1350.3030  0.6582 
   00201    0.4300   -1332.1067  0.6534 
   00202    0.4025   -1326.4573  0.6625 
   00203    0.4300   -1326.6705  0.6621 
   00204    0.4300   -1343.3439  0.6505 
   00205    0.4450   -1348.9286  0.6712 
   00206    0.4225   -1348.6127  0.6763 
   00207    0.4050   -1358.9504  0.6928 
   00208    0.3775   -1343.1086  0.6966 
   00209    0.4050   -1332.0865  0.6990 
   00210    0.4450   -1340.5139  0.7045 
   00211    0.4125   -1351.7427  0.7037 
   00212    0.3850   -1350.9543  0.7071 
   00213    0.4250   -1352.3295  0.7060 
   00214    0.3900   -1356.9068  0.7050 
   00215    0.4425   -1354.8027  0.7093 
   00216    0.4175   -1348.3641  0.7107 
   00217    0.4300   -1344.0887  0.7107 
   00218    0.4200   -1354.2203  0.7037 
   00219    0.4175   -1360.2801  0.7062 
   00220    0.4450   -1341.8151  0.7030 
   00221    0.4450   -1326.5066  0.6967 
   00222    0.4125   -1335.5796  0.7089 
   00223    0.4125   -1362.9238  0.7183 
   00224    0.4125   -1358.5940  0.7129 
   00225    0.4275   -1352.0206  0.7176 
   00226    0.3975   -1349.7554  0.7304 
   00227    0.4200   -1345.3224  0.7209 
   00228    0.4025   -1348.5299  0.7216 
   00229    0.4425   -1354.2997  0.7292 
   00230    0.4125   -1371.2785  0.7397 
   00231    0.4225   -1378.1086  0.7429 
   00232    0.3975   -1361.1153  0.7291 
   00233    0.4025   -1341.7492  0.7389 
   00234    0.4075   -1355.9266  0.7641 
   00235    0.4100   -1353.9639  0.7633 
   00236    0.4175   -1347.1506  0.7619 
   00237    0.3725   -1355.5183  0.7649 
   00238    0.3900   -1353.4089  0.7577 
   00239    0.4300   -1348.9344  0.7390 
   00240    0.4375   -1355.6782  0.7453 
   00241    0.3700   -1351.8375  0.7348 
   00242    0.4050   -1373.0955  0.7458 
   00243    0.4125   -1354.0649  0.7447 
   00244    0.4000   -1355.5407  0.7378 
   00245    0.3975   -1360.0553  0.7416 
   00246    0.3975   -1359.3288  0.7500 
   00247    0.3825   -1366.5094  0.7620 
   00248    0.4500   -1363.0750  0.7618 
   00249    0.3875   -1358.4968  0.7601 
   00250    0.3900   -1362.1236  0.7601 
   00251    0.4100   -1362.1087  0.7528 
   00252    0.3775   -1363.1547  0.7411 
   00253    0.4475   -1339.4674  0.7378 
   00254    0.4250   -1327.9714  0.7235 
   00255    0.4525   -1326.3471  0.7243 
   00256    0.4450   -1317.5885  0.7167 
   00257    0.4125   -1351.1614  0.7389 
   00258    0.3475   -1354.0409  0.7461 
   00259    0.4200   -1359.5187  0.7511 
   00260    0.3925   -1360.2753  0.7457 
   00261    0.4525   -1367.5997  0.7517 
   00262    0.4000   -1348.0706  0.7576 
   00263    0.4200   -1340.6584  0.7363 
   00264    0.4300   -1331.4612  0.7225 
   00265    0.4375   -1325.0875  0.7249 
   00266    0.4100   -1340.1567  0.7189 
   00267    0.4150   -1351.9274  0.7314 
   00268    0.4325   -1358.8705  0.7385 
   00269    0.4350   -1334.8173  0.7296 
   00270    0.4075   -1337.6335  0.7317 
   00271    0.4150   -1351.0237  0.7447 
   00272    0.4500   -1339.3887  0.7470 
   00273    0.3900   -1345.2369  0.7584 
   00274    0.3900   -1361.2998  0.7587 
   00275    0.3875   -1372.3048  0.7696 
   00276    0.3725   -1367.2492  0.7618 
   00277    0.4300   -1388.3796  0.7594 
   00278    0.4075   -1354.4008  0.7610 
   00279    0.4650   -1341.0964  0.7465 
   00280    0.3925   -1338.4575  0.7401 
   00281    0.4225   -1345.7344  0.7543 
   00282    0.3900   -1361.6550  0.7625 
   00283    0.4200   -1358.4892  0.7619 
   00284    0.4475   -1364.8697  0.7745 
   00285    0.4275   -1351.9200  0.7621 
   00286    0.4025   -1348.6141  0.7663 
   00287    0.3750   -1354.7661  0.7698 
   00288    0.4150   -1355.9080  0.7753 
   00289    0.4275   -1350.0295  0.7766 
   00290    0.4500   -1352.6284  0.7809 
   00291    0.4300   -1357.2143  0.7741 
   00292    0.4200   -1358.4033  0.7715 
   00293    0.4000   -1354.2119  0.7741 
   00294    0.4200   -1365.7586  0.7794 
   00295    0.4150   -1373.2483  0.7744 
   00296    0.4150   -1373.7465  0.7957 
   00297    0.4250   -1375.2896  0.7960 
   00298    0.4550   -1376.5691  0.7845 
   00299    0.3825   -1366.7612  0.7734 
   00300    0.4450   -1369.5780  0.7837 
   00301    0.4375   -1372.2891  0.7717 
   00302    0.3925   -1365.6851  0.7548 
   00303    0.4550   -1367.5444  0.7556 
   00304    0.4075   -1383.9973  0.7743 
   00305    0.4075   -1367.5747  0.7719 
   00306    0.4200   -1360.3616  0.7856 
   00307    0.3850   -1364.0214  0.7856 
   00308    0.3500   -1378.1520  0.7945 
   00309    0.4275   -1353.9300  0.7738 
   00310    0.4525   -1367.3176  0.7695 
   00311    0.3450   -1369.2520  0.7621 
   00312    0.4200   -1374.8564  0.7709 
   00313    0.4050   -1382.4776  0.7793 
   00314    0.3750   -1390.3734  0.7745 
   00315    0.3975   -1377.2780  0.7756 
   00316    0.4050   -1361.9185  0.7730 
   00317    0.4025   -1364.3746  0.7839 
   00318    0.4300   -1364.3891  0.7772 
   00319    0.4075   -1357.8211  0.7806 
   00320    0.4200   -1357.3553  0.7778 
   00321    0.4225   -1348.4034  0.7873 
   00322    0.3950   -1361.2225  0.7887 
   00323    0.4025   -1349.7165  0.7925 
   00324    0.4175   -1339.3870  0.7807 
   00325    0.4050   -1361.1083  0.7834 
   00326    0.4675   -1377.4422  0.7841 
   00327    0.4225   -1360.8721  0.7807 
   00328    0.4450   -1382.6471  0.8116 
   00329    0.3625   -1389.0021  0.8204 
   00330    0.4150   -1380.3688  0.8245 
   00331    0.4225   -1378.2600  0.8214 
   00332    0.4050   -1370.1225  0.8129 
   00333    0.3900   -1375.1932  0.8301 
   00334    0.4150   -1364.2852  0.8223 
   00335    0.4325   -1361.1270  0.8107 
   00336    0.4375   -1365.3993  0.8211 
   00337    0.3975   -1362.0532  0.8269 
   00338    0.3925   -1364.3912  0.8336 
   00339    0.4375   -1360.4258  0.8309 
   00340    0.3950   -1364.7200  0.8357 
   00341    0.4150   -1366.6075  0.8329 
   00342    0.4000   -1361.0256  0.8345 
   00343    0.4100   -1366.0309  0.8419 
   00344    0.4300   -1372.6694  0.8395 
   00345    0.3800   -1360.6993  0.8366 
   00346    0.4050   -1370.8002  0.8471 
   00347    0.3725   -1375.8382  0.8493 
   00348    0.3850   -1358.9235  0.8492 
   00349    0.3775   -1377.8233  0.8614 
   00350    0.4375   -1373.0709  0.8680 
   00351    0.4200   -1367.6776  0.8594 
   00352    0.4150   -1399.1269  0.8681 
   00353    0.4300   -1373.4156  0.8550 
   00354    0.3650   -1362.8623  0.8542 
   00355    0.4125   -1383.8519  0.8663 
   00356    0.3875   -1389.3164  0.8692 
   00357    0.3700   -1373.5006  0.8470 
   00358    0.4200   -1379.2518  0.8554 
   00359    0.4300   -1381.6624  0.8552 
   00360    0.4175   -1391.6620  0.8640 
   00361    0.3825   -1406.7552  0.8699 
   00362    0.3700   -1389.1588  0.8605 
   00363    0.4225   -1367.5504  0.8523 
   00364    0.4225   -1349.4108  0.8339 
   00365    0.4175   -1364.9976  0.8359 
   00366    0.3975   -1356.5083  0.8379 
   00367    0.4175   -1350.9506  0.8391 
   00368    0.4125   -1370.4744  0.8371 
   00369    0.4425   -1357.8268  0.8337 
   00370    0.3975   -1376.2219  0.8352 
   00371    0.4225   -1376.8512  0.8390 
   00372    0.4275   -1365.1519  0.8387 
   00373    0.3750   -1358.3404  0.8224 
   00374    0.4175   -1368.1558  0.8308 
   00375    0.4550   -1358.0247  0.8179 
   00376    0.3650   -1369.4177  0.8197 
   00377    0.4100   -1368.6631  0.8169 
   00378    0.4400   -1357.5932  0.8260 
   00379    0.4325   -1353.5740  0.8151 
   00380    0.4300   -1365.4986  0.8261 
   00381    0.4000   -1369.4164  0.8218 
   00382    0.4425   -1346.1765  0.7946 
   00383    0.3825   -1356.3035  0.8040 
   00384    0.4275   -1336.2483  0.7911 
   00385    0.4225   -1320.7285  0.7813 
   00386    0.4075   -1318.5007  0.7689 
   00387    0.4175   -1319.2829  0.7631 
   00388    0.4200   -1337.3506  0.7745 
   00389    0.4250   -1354.2854  0.7986 
   00390    0.4250   -1367.6775  0.8024 
   00391    0.4200   -1372.6104  0.8026 
   00392    0.3825   -1373.5616  0.8033 
   00393    0.4425   -1394.1588  0.8254 
   00394    0.3950   -1390.3140  0.8197 
   00395    0.4300   -1364.5680  0.7993 
   00396    0.3775   -1352.9265  0.7973 
   00397    0.3850   -1367.9356  0.7879 
   00398    0.3950   -1378.1936  0.7840 
   00399    0.3825   -1376.4152  0.7808 
   00400    0.4050   -1382.5540  0.7727 
   00401    0.3675   -1370.2071  0.7657 
   00402    0.4000   -1372.8176  0.7672 
   00403    0.4275   -1367.5188  0.7597 
   00404    0.4325   -1352.6396  0.7327 
   00405    0.4325   -1344.3233  0.7341 
   00406    0.4050   -1343.1762  0.7272 
   00407    0.4600   -1344.1993  0.7402 
   00408    0.4175   -1343.2140  0.7456 
   00409    0.4200   -1347.1132  0.7562 
   00410    0.3875   -1345.6559  0.7552 
   00411    0.3975   -1343.9011  0.7793 
   00412    0.4200   -1364.0952  0.7750 
   00413    0.4425   -1372.2338  0.7857 
   00414    0.4200   -1359.3384  0.7856 
   00415    0.4050   -1362.4566  0.7810 
   00416    0.4475   -1364.9892  0.7858 
   00417    0.3925   -1357.2509  0.7881 
   00418    0.3725   -1374.9746  0.8024 
   00419    0.3625   -1359.4439  0.8017 
   00420    0.4050   -1372.9120  0.8098 
   00421    0.4250   -1378.0725  0.8043 
   00422    0.4450   -1391.9196  0.8083 
   00423    0.4300   -1403.2647  0.8111 
   00424    0.4050   -1389.1227  0.8022 
   00425    0.3850   -1391.5417  0.8094 
   00426    0.3900   -1398.2485  0.8105 
   00427    0.3950   -1365.9743  0.8129 
   00428    0.3950   -1389.7176  0.8188 
   00429    0.3950   -1378.0764  0.8147 
   00430    0.3950   -1374.7330  0.8267 
   00431    0.4050   -1372.0486  0.8329 
   00432    0.4300   -1370.6857  0.8346 
   00433    0.4000   -1363.5781  0.8346 
   00434    0.4100   -1373.4599  0.8378 
   00435    0.4000   -1358.8141  0.8350 
   00436    0.4150   -1335.0023  0.8338 
   00437    0.4325   -1318.9076  0.8096 
   00438    0.4425   -1314.4240  0.8031 
   00439    0.4225   -1321.4956  0.8106 
   00440    0.4400   -1351.5109  0.8239 
   00441    0.4725   -1337.6388  0.8224 
   00442    0.4650   -1349.1802  0.8302 
   00443    0.4500   -1339.9418  0.8296 
   00444    0.4125   -1313.9297  0.8219 
   00445    0.4200   -1332.2925  0.8253 
   00446    0.3725   -1351.0167  0.8232 
   00447    0.4975   -1371.0748  0.8355 
   00448    0.4675   -1376.3993  0.8417 
   00449    0.4225   -1357.0320  0.8280 
   00450    0.3950   -1371.3215  0.8321 
   00451    0.4350   -1369.1507  0.8279 
   00452    0.4175   -1357.6739  0.8170 
   00453    0.4375   -1344.2689  0.8066 
   00454    0.3700   -1344.7964  0.8093 
   00455    0.4550   -1381.0291  0.8252 
   00456    0.4550   -1380.5285  0.8328 
   00457    0.4300   -1405.0090  0.8473 
   00458    0.3575   -1390.9646  0.8436 
   00459    0.4050   -1383.2779  0.8306 
   00460    0.3675   -1378.3469  0.8254 
   00461    0.3750   -1386.3528  0.8398 
   00462    0.4150   -1372.5342  0.8409 
   00463    0.4100   -1389.8634  0.8406 
   00464    0.4000   -1414.1214  0.8355 
   00465    0.4150   -1397.7414  0.8300 
   00466    0.4000   -1410.8617  0.8441 
   00467    0.4250   -1403.1353  0.8391 
   00468    0.3775   -1404.1000  0.8464 
   00469    0.4350   -1369.3173  0.8351 
   00470    0.4125   -1379.7653  0.8398 
   00471    0.3975   -1364.2832  0.8290 
   00472    0.4100   -1364.2435  0.8226 
   00473    0.4700   -1363.2445  0.8192 
   00474    0.3775   -1360.0050  0.8128 
   00475    0.4275   -1367.7822  0.8200 
   00476    0.4350   -1358.7803  0.8208 
   00477    0.4000   -1368.7185  0.8179 
   00478    0.4125   -1364.4623  0.8225 
   00479    0.3725   -1381.2909  0.8153 
   00480    0.3850   -1365.3563  0.8030 
   00481    0.4075   -1351.0717  0.7961 
   00482    0.4325   -1351.1946  0.8024 
   00483    0.4050   -1383.1622  0.8101 
   00484    0.3850   -1385.9750  0.8153 
   00485    0.3975   -1381.4139  0.8112 
   00486    0.3950   -1397.1201  0.8239 
   00487    0.4225   -1372.8742  0.8090 
   00488    0.4000   -1368.0613  0.8001 
   00489    0.4075   -1373.0988  0.8060 
   00490    0.4500   -1390.8846  0.8175 
   00491    0.4075   -1392.1113  0.8266 
   00492    0.3875   -1366.8278  0.8138 
   00493    0.4200   -1372.6115  0.8120 
   00494    0.3725   -1362.2676  0.8162 
   00495    0.3850   -1390.1837  0.8135 
   00496    0.4125   -1389.5962  0.8303 
   00497    0.3900   -1379.6591  0.8345 
   00498    0.3950   -1378.1396  0.8361 
   00499    0.3950   -1402.0226  0.8352 
   00500    0.3925   -1381.8249  0.8322 
   00501    0.3975   -1380.6832  0.8306 
   00502    0.3975   -1370.5645  0.8253 
   00503    0.4075   -1385.4423  0.8256 
   00504    0.3950   -1392.4001  0.8313 
   00505    0.3825   -1379.9061  0.8297 
   00506    0.4050   -1401.5710  0.8300 
   00507    0.4050   -1363.6466  0.8202 
   00508    0.3875   -1352.1960  0.8133 
   00509    0.4225   -1348.4560  0.8026 
   00510    0.4225   -1349.9435  0.8082 
   00511    0.3950   -1357.5042  0.8154 
   00512    0.4650   -1341.8744  0.8038 
   00513    0.3950   -1340.5882  0.8076 
   00514    0.4250   -1336.7768  0.8027 
   00515    0.4325   -1342.3315  0.8075 
   00516    0.4550   -1356.1545  0.8267 
   00517    0.3700   -1371.1613  0.8312 
   00518    0.4425   -1395.6221  0.8381 
   00519    0.3950   -1380.0351  0.8335 
   00520    0.4025   -1390.8673  0.8400 
   00521    0.3950   -1367.2270  0.8214 
   00522    0.3925   -1380.6990  0.8269 
   00523    0.4000   -1366.3104  0.8205 
   00524    0.4525   -1370.9982  0.8262 
   00525    0.3675   -1370.7044  0.8280 
   00526    0.4575   -1371.8131  0.8300 
   00527    0.4150   -1346.8980  0.8184 
   00528    0.4225   -1353.2066  0.8192 
   00529    0.4250   -1368.7366  0.8148 
   00530    0.4375   -1385.2295  0.8227 
   00531    0.3825   -1372.4599  0.8223 
   00532    0.3625   -1370.3376  0.8241 
   00533    0.4075   -1366.2491  0.8267 
   00534    0.3750   -1373.9970  0.8159 
   00535    0.3975   -1365.3357  0.8199 
   00536    0.4025   -1368.3148  0.8160 
   00537    0.4175   -1359.8560  0.8118 
   00538    0.4125   -1382.5028  0.8092 
   00539    0.4000   -1379.6826  0.8112 
   00540    0.4475   -1370.1771  0.8199 
   00541    0.4475   -1375.3020  0.8246 
   00542    0.3850   -1354.1470  0.8095 
   00543    0.4450   -1356.4009  0.8120 
   00544    0.3800   -1358.0317  0.8069 
   00545    0.4275   -1351.7279  0.8117 
   00546    0.3925   -1345.2497  0.8173 
   00547    0.4300   -1366.2383  0.8293 
   00548    0.4600   -1343.7464  0.8161 
   00549    0.3900   -1355.5174  0.8282 
   00550    0.4350   -1367.4172  0.8348 
   00551    0.3600   -1349.4034  0.8236 
   00552    0.4075   -1374.4104  0.8361 
   00553    0.3700   -1380.9630  0.8482 
   00554    0.3725   -1373.5170  0.8549 
   00555    0.4150   -1373.0759  0.8530 
   00556    0.3950   -1383.9971  0.8601 
   00557    0.3800   -1383.6877  0.8703 
   00558    0.4125   -1387.4226  0.8688 
   00559    0.4275   -1390.4741  0.8673 
   00560    0.4275   -1408.3550  0.8632 
   00561    0.3950   -1400.8789  0.8582 
   00562    0.4300   -1388.6465  0.8449 
   00563    0.3975   -1380.5735  0.8392 
   00564    0.3950   -1377.9749  0.8462 
   00565    0.4275   -1385.9772  0.8550 
   00566    0.3750   -1383.3732  0.8509 
   00567    0.4000   -1395.9894  0.8430 
   00568    0.4175   -1392.3413  0.8394 
   00569    0.3750   -1383.1533  0.8429 
   00570    0.3875   -1391.9510  0.8470 
   00571    0.4375   -1384.5173  0.8444 
   00572    0.3650   -1374.2663  0.8410 
   00573    0.4325   -1387.8327  0.8478 
   00574    0.4275   -1370.0535  0.8423 
   00575    0.3850   -1378.5626  0.8367 
   00576    0.3800   -1370.4923  0.8441 
   00577    0.3800   -1395.2643  0.8538 
   00578    0.4175   -1412.9899  0.8556 
   00579    0.3825   -1396.4201  0.8528 
   00580    0.3800   -1399.6744  0.8587 
   00581    0.4125   -1384.5068  0.8542 
   00582    0.3850   -1374.4567  0.8430 
   00583    0.4025   -1393.3146  0.8477 
   00584    0.3750   -1394.5507  0.8556 
   00585    0.3875   -1386.2414  0.8560 
   00586    0.4350   -1410.5853  0.8594 
   00587    0.4025   -1400.4761  0.8597 
   00588    0.4375   -1392.1713  0.8622 
   00589    0.4050   -1385.8942  0.8516 
   00590    0.3900   -1390.7867  0.8496 
   00591    0.3925   -1380.6954  0.8433 
   00592    0.4200   -1380.9100  0.8434 
   00593    0.3750   -1367.6590  0.8488 
   00594    0.3850   -1372.9095  0.8398 
   00595    0.4000   -1379.2464  0.8473 
   00596    0.4175   -1373.5482  0.8383 
   00597    0.4075   -1353.4446  0.8300 
   00598    0.4475   -1361.6540  0.8306 
   00599    0.4600   -1369.4936  0.8390 
   00600    0.4050   -1360.9476  0.8503 
   00601    0.3775   -1379.2838  0.8554 
   00602    0.4300   -1395.0589  0.8599 
   00603    0.4000   -1377.4023  0.8612 
   00604    0.4275   -1416.1788  0.8770 
   00605    0.3950   -1412.8803  0.8759 
   00606    0.3800   -1403.8588  0.8707 
   00607    0.4250   -1401.4434  0.8630 
   00608    0.3575   -1402.2176  0.8661 
   00609    0.4250   -1392.0376  0.8562 
   00610    0.4200   -1390.2901  0.8491 
   00611    0.3750   -1381.7647  0.8447 
   00612    0.4250   -1384.5247  0.8585 
   00613    0.4375   -1387.0701  0.8505 
   00614    0.3800   -1385.3582  0.8430 
   00615    0.4475   -1389.0378  0.8361 
   00616    0.4000   -1386.2118  0.8315 
   00617    0.3900   -1390.4408  0.8346 
   00618    0.3750   -1386.6444  0.8465 
   00619    0.4150   -1401.7822  0.8458 
   00620    0.3975   -1377.5187  0.8379 
   00621    0.4050   -1382.2540  0.8347 
   00622    0.3750   -1384.5453  0.8357 
   00623    0.4100   -1387.1514  0.8257 
   00624    0.3950   -1372.6248  0.8313 
   00625    0.3825   -1373.2172  0.8353 
   00626    0.4100   -1373.1960  0.8349 
   00627    0.4350   -1374.5284  0.8540 
   00628    0.3925   -1389.3894  0.8608 
   00629    0.3950   -1378.2064  0.8492 
   00630    0.4150   -1371.6595  0.8391 
   00631    0.4250   -1381.7634  0.8404 
   00632    0.3825   -1371.5495  0.8426 
   00633    0.3775   -1359.1739  0.8412 
   00634    0.4075   -1370.9732  0.8438 
   00635    0.3925   -1383.1555  0.8503 
   00636    0.4050   -1387.8654  0.8425 
   00637    0.4475   -1378.8308  0.8418 
   00638    0.3825   -1384.1480  0.8283 
   00639    0.4600   -1378.9000  0.8262 
   00640    0.3925   -1390.1647  0.8345 
   00641    0.4025   -1383.8350  0.8405 
   00642    0.4025   -1377.8391  0.8410 
   00643    0.3850   -1392.8908  0.8493 
   00644    0.4300   -1387.3932  0.8535 
   00645    0.4300   -1376.6785  0.8635 
   00646    0.3950   -1382.2401  0.8722 
   00647    0.4475   -1366.0798  0.8683 
   00648    0.4525   -1374.8490  0.8746 
   00649    0.4500   -1382.1489  0.8748 
   00650    0.3900   -1374.3202  0.8754 
   00651    0.4400   -1380.3361  0.8734 
   00652    0.3850   -1370.1858  0.8723 
   00653    0.3825   -1402.8307  0.8921 
   00654    0.4125   -1378.1478  0.8872 
   00655    0.3850   -1382.3545  0.8831 
   00656    0.4150   -1382.1327  0.8804 
   00657    0.4275   -1366.5623  0.8757 
   00658    0.4325   -1365.0235  0.8781 
   00659    0.4300   -1374.0137  0.8808 
   00660    0.4200   -1405.3057  0.8872 
   00661    0.3800   -1395.4601  0.8883 
   00662    0.4275   -1397.0277  0.8907 
   00663    0.3900   -1394.4579  0.8911 
   00664    0.4050   -1370.6105  0.8817 
   00665    0.4175   -1377.2035  0.8839 
   00666    0.3875   -1373.1835  0.8765 
   00667    0.3850   -1378.6482  0.8864 
   00668    0.4025   -1379.4287  0.8896 
   00669    0.4050   -1370.2313  0.8882 
   00670    0.4225   -1359.4780  0.8724 
   00671    0.3925   -1355.7057  0.8712 
   00672    0.4350   -1381.4874  0.8822 
   00673    0.4075   -1400.5160  0.8935 
   00674    0.3775   -1386.3068  0.8904 
   00675    0.4025   -1400.6806  0.8897 
   00676    0.3925   -1385.7307  0.8838 
   00677    0.3925   -1379.3955  0.8850 
   00678    0.4125   -1389.6335  0.8866 
   00679    0.3775   -1388.5490  0.8820 
   00680    0.4225   -1387.2459  0.8769 
   00681    0.4475   -1378.1083  0.8732 
   00682    0.4000   -1368.3474  0.8674 
   00683    0.3875   -1372.4181  0.8681 
   00684    0.3725   -1387.1734  0.8758 
   00685    0.3975   -1387.1696  0.8839 
   00686    0.3775   -1391.5458  0.8802 
   00687    0.4175   -1389.1692  0.8733 
   00688    0.4175   -1406.8363  0.8848 
   00689    0.3775   -1407.7216  0.8867 
   00690    0.4000   -1387.7765  0.8821 
   00691    0.3650   -1396.2085  0.8760 
   00692    0.3950   -1368.9253  0.8581 
   00693    0.3500   -1348.3442  0.8518 
   00694    0.4725   -1341.0584  0.8594 
   00695    0.4125   -1360.8559  0.8583 
   00696    0.4200   -1368.4302  0.8693 
   00697    0.3900   -1375.9644  0.8827 
   00698    0.3600   -1369.0193  0.8835 
   00699    0.4025   -1376.2636  0.8783 
   00700    0.3725   -1383.8852  0.8834 
   00701    0.4025   -1375.4814  0.8776 
   00702    0.4050   -1375.4948  0.8840 
   00703    0.4025   -1380.0460  0.8894 
   00704    0.4150   -1383.1249  0.8934 
   00705    0.3750   -1389.0761  0.8863 
   00706    0.3500   -1391.5573  0.8886 
   00707    0.3900   -1377.8644  0.8813 
   00708    0.3725   -1383.3734  0.8827 
   00709    0.4100   -1378.5010  0.8882 
   00710    0.4300   -1376.9780  0.8815 
   00711    0.3750   -1374.4450  0.8858 
   00712    0.4250   -1396.4808  0.8984 
   00713    0.4075   -1377.4422  0.8914 
   00714    0.4200   -1378.4491  0.8959 
   00715    0.4425   -1373.3012  0.8915 
   00716    0.4050   -1373.1440  0.8948 
   00717    0.4300   -1364.4212  0.8878 
   00718    0.3625   -1358.5834  0.8821 
   00719    0.4000   -1373.7400  0.8841 
   00720    0.4100   -1370.4202  0.8824 
   00721    0.4075   -1388.4991  0.8928 
   00722    0.3950   -1377.6358  0.8821 
   00723    0.3925   -1367.3463  0.8792 
   00724    0.4400   -1365.5966  0.8760 
   00725    0.4025   -1375.5613  0.8790 
   00726    0.4350   -1382.0297  0.8859 
   00727    0.3900   -1367.1970  0.8785 
   00728    0.4250   -1385.5476  0.8826 
   00729    0.4025   -1376.6431  0.8795 
   00730    0.4050   -1397.5540  0.8938 
   00731    0.4275   -1395.9226  0.8911 
   00732    0.3925   -1403.8474  0.8897 
   00733    0.4125   -1383.8201  0.8764 
   00734    0.3950   -1388.2246  0.8831 
   00735    0.4375   -1394.1465  0.8895 
   00736    0.4000   -1394.8527  0.8846 
   00737    0.3600   -1387.3806  0.8869 
   00738    0.4300   -1374.5163  0.8805 
   00739    0.4425   -1391.2009  0.8669 
   00740    0.3925   -1371.1392  0.8652 
   00741    0.3900   -1378.2862  0.8707 
   00742    0.3975   -1382.1720  0.8691 
   00743    0.4350   -1385.1804  0.8669 
   00744    0.4175   -1385.8469  0.8684 
   00745    0.4200   -1385.1965  0.8713 
   00746    0.3650   -1376.4500  0.8727 
   00747    0.4200   -1381.4926  0.8721 
   00748    0.3600   -1378.8129  0.8672 
   00749    0.3850   -1370.1377  0.8632 
   00750    0.4475   -1351.2630  0.8572 
   00751    0.4125   -1354.4436  0.8642 
   00752    0.4425   -1352.8492  0.8649 
   00753    0.3950   -1353.6994  0.8587 
   00754    0.4400   -1362.3261  0.8672 
   00755    0.3800   -1353.4642  0.8648 
   00756    0.4275   -1350.1070  0.8640 
   00757    0.4025   -1376.6201  0.8653 
   00758    0.4000   -1379.4781  0.8729 
   00759    0.4350   -1377.5362  0.8708 
   00760    0.4375   -1372.7594  0.8734 
   00761    0.4350   -1386.4714  0.8846 
   00762    0.3900   -1376.4399  0.8797 
   00763    0.4225   -1375.4740  0.8749 
   00764    0.4025   -1357.2032  0.8735 
   00765    0.3750   -1369.3334  0.8848 
   00766    0.3925   -1365.8557  0.8840 
   00767    0.3950   -1373.1940  0.8819 
   00768    0.3575   -1374.0696  0.8808 
   00769    0.4375   -1388.1786  0.8838 
   00770    0.3925   -1388.3266  0.8874 
   00771    0.3725   -1396.1247  0.8846 
   00772    0.3775   -1395.5530  0.8835 
   00773    0.4150   -1383.2590  0.8788 
   00774    0.4350   -1372.5572  0.8761 
   00775    0.4100   -1359.4578  0.8739 
   00776    0.3850   -1350.0459  0.8674 
   00777    0.4400   -1357.2953  0.8726 
   00778    0.4375   -1375.3685  0.8809 
   00779    0.4000   -1378.9127  0.8799 
   00780    0.3750   -1378.2034  0.8786 
   00781    0.4000   -1383.1794  0.8749 
   00782    0.3500   -1383.9368  0.8828 
   00783    0.3750   -1377.2738  0.8818 
   00784    0.4100   -1373.4970  0.8734 
   00785    0.4475   -1371.9394  0.8779 
   00786    0.3775   -1351.8446  0.8765 
   00787    0.4450   -1365.9572  0.8788 
   00788    0.4200   -1360.7708  0.8744 
   00789    0.4125   -1389.9101  0.8902 
   00790    0.3825   -1380.1967  0.8819 
   00791    0.3975   -1389.3719  0.8781 
   00792    0.4125   -1377.0246  0.8701 
   00793    0.3975   -1371.4796  0.8666 
   00794    0.3975   -1364.0019  0.8551 
   00795    0.3700   -1360.6949  0.8519 
   00796    0.4100   -1365.0414  0.8527 
   00797    0.3800   -1373.0656  0.8635 
   00798    0.4125   -1366.9112  0.8600 
   00799    0.4175   -1385.1570  0.8755 
   00800    0.4200   -1379.0008  0.8712 
   00801    0.3950   -1411.1060  0.8740 
   00802    0.3950   -1389.0026  0.8544 
   00803    0.3775   -1385.7519  0.8626 
   00804    0.4125   -1389.2203  0.8703 
   00805    0.3975   -1380.3077  0.8726 
   00806    0.3700   -1381.5486  0.8722 
   00807    0.4025   -1369.1156  0.8672 
   00808    0.3825   -1371.5773  0.8610 
   00809    0.4175   -1351.6616  0.8598 
   00810    0.4050   -1370.4603  0.8623 
   00811    0.3875   -1377.0395  0.8667 
   00812    0.3900   -1394.4296  0.8740 
   00813    0.3725   -1394.5932  0.8733 
   00814    0.4125   -1407.2278  0.8675 
   00815    0.4150   -1395.6107  0.8739 
   00816    0.3850   -1388.1516  0.8750 
   00817    0.4625   -1385.3860  0.8662 
   00818    0.4100   -1364.3642  0.8465 
   00819    0.3925   -1369.0387  0.8475 
   00820    0.4325   -1372.8305  0.8556 
   00821    0.4100   -1354.8567  0.8522 
   00822    0.3825   -1345.5071  0.8524 
   00823    0.4325   -1362.5557  0.8672 
   00824    0.4150   -1357.4216  0.8684 
   00825    0.4125   -1368.0689  0.8688 
   00826    0.4325   -1372.9395  0.8640 
   00827    0.4450   -1377.8127  0.8604 
   00828    0.3900   -1348.1120  0.8531 
   00829    0.4275   -1357.4161  0.8577 
   00830    0.4400   -1354.4397  0.8530 
   00831    0.3750   -1366.5770  0.8574 
   00832    0.4225   -1364.0857  0.8529 
   00833    0.4000   -1378.1689  0.8586 
   00834    0.3900   -1363.6256  0.8526 
   00835    0.3775   -1372.0000  0.8465 
   00836    0.4200   -1377.8348  0.8520 
   00837    0.4350   -1365.3626  0.8417 
   00838    0.4125   -1385.1160  0.8536 
   00839    0.4075   -1387.1769  0.8527 
   00840    0.3925   -1374.9027  0.8598 
   00841    0.4225   -1361.8286  0.8538 
   00842    0.4100   -1360.9140  0.8429 
   00843    0.4100   -1352.9629  0.8305 
   00844    0.3750   -1364.3379  0.8353 
   00845    0.3750   -1376.0226  0.8418 
   00846    0.4525   -1374.4635  0.8534 
   00847    0.4400   -1389.8299  0.8520 
   00848    0.3775   -1397.7739  0.8532 
   00849    0.3725   -1398.7069  0.8464 
   00850    0.3775   -1397.4084  0.8287 
   00851    0.3900   -1384.0919  0.8273 
   00852    0.3775   -1399.3702  0.8401 
   00853    0.3900   -1391.1087  0.8450 
   00854    0.4250   -1385.4790  0.8360 
   00855    0.3750   -1381.7067  0.8372 
   00856    0.4325   -1365.4626  0.8266 
   00857    0.4725   -1361.9474  0.8147 
   00858    0.3875   -1354.4142  0.8153 
   00859    0.4200   -1356.9467  0.8220 
   00860    0.4175   -1355.4847  0.8234 
   00861    0.4050   -1369.9917  0.8357 
   00862    0.3900   -1360.5557  0.8403 
   00863    0.4400   -1367.1676  0.8422 
   00864    0.4100   -1386.1322  0.8528 
   00865    0.3800   -1384.3935  0.8488 
   00866    0.4475   -1376.7630  0.8563 
   00867    0.4450   -1379.2151  0.8527 
   00868    0.4075   -1368.0525  0.8567 
   00869    0.4225   -1346.8827  0.8492 
   00870    0.4100   -1348.4573  0.8435 
   00871    0.4425   -1372.6241  0.8612 
   00872    0.4525   -1382.0776  0.8637 
   00873    0.4075   -1368.3077  0.8599 
   00874    0.4225   -1378.3744  0.8608 
   00875    0.3875   -1372.2989  0.8554 
   00876    0.4075   -1345.8331  0.8418 
   00877    0.4275   -1343.4055  0.8457 
   00878    0.4025   -1349.1489  0.8481 
   00879    0.4125   -1362.8350  0.8593 
   00880    0.4000   -1348.3596  0.8560 
   00881    0.3950   -1362.6845  0.8611 
   00882    0.4250   -1359.3875  0.8542 
   00883    0.4475   -1363.1264  0.8677 
   00884    0.4150   -1356.8381  0.8648 
   00885    0.3800   -1343.8667  0.8589 
   00886    0.4025   -1354.9167  0.8556 
   00887    0.4050   -1383.4072  0.8622 
   00888    0.3700   -1377.3450  0.8545 
   00889    0.3825   -1387.3532  0.8523 
   00890    0.3725   -1395.1687  0.8577 
   00891    0.4325   -1384.5070  0.8620 
   00892    0.4275   -1384.0649  0.8650 
   00893    0.4150   -1381.2915  0.8656 
   00894    0.3775   -1368.0588  0.8725 
   00895    0.4425   -1364.1909  0.8661 
   00896    0.4000   -1402.8969  0.8814 
   00897    0.4075   -1391.3586  0.8782 
   00898    0.4275   -1393.8663  0.8795 
   00899    0.3900   -1388.6356  0.8776 
   00900    0.4325   -1391.1397  0.8802 
   00901    0.4075   -1380.9961  0.8661 
   00902    0.3975   -1383.5642  0.8622 
   00903    0.4475   -1387.2065  0.8622 
   00904    0.4025   -1376.9941  0.8598 
   00905    0.3925   -1374.8566  0.8541 
   00906    0.4150   -1366.8142  0.8523 
   00907    0.4450   -1362.2316  0.8527 
   00908    0.3800   -1364.9216  0.8463 
   00909    0.4250   -1363.9542  0.8388 
   00910    0.4350   -1360.4766  0.8327 
   00911    0.4050   -1372.4872  0.8288 
   00912    0.4050   -1382.3100  0.8436 
   00913    0.3750   -1366.0580  0.8363 
   00914    0.3900   -1356.0094  0.8329 
   00915    0.4175   -1360.1470  0.8494 
   00916    0.4100   -1363.3698  0.8610 
   00917    0.3925   -1368.1192  0.8590 
   00918    0.3750   -1374.4709  0.8568 
   00919    0.3850   -1404.0077  0.8615 
   00920    0.3550   -1408.2733  0.8650 
   00921    0.3575   -1399.2566  0.8602 
   00922    0.4000   -1405.0933  0.8683 
   00923    0.4550   -1371.8530  0.8674 
   00924    0.3900   -1374.4864  0.8707 
   00925    0.3875   -1369.2646  0.8723 
   00926    0.4225   -1367.2289  0.8718 
   00927    0.3850   -1391.7485  0.8824 
   00928    0.4300   -1381.7104  0.8774 
   00929    0.4275   -1373.6610  0.8652 
   00930    0.4450   -1349.8777  0.8514 
   00931    0.3475   -1366.4464  0.8567 
   00932    0.4125   -1362.4793  0.8554 
   00933    0.4200   -1364.0991  0.8551 
   00934    0.4300   -1362.4157  0.8425 
   00935    0.4100   -1367.2625  0.8424 
   00936    0.3700   -1369.1704  0.8416 
   00937    0.4025   -1380.0344  0.8602 
   00938    0.4125   -1367.5485  0.8649 
   00939    0.4300   -1375.3582  0.8757 
   00940    0.4700   -1383.1469  0.8759 
   00941    0.3875   -1404.3266  0.8821 
   00942    0.3925   -1409.9016  0.8775 
   00943    0.4025   -1404.7722  0.8792 
   00944    0.4350   -1404.6408  0.8852 
   00945    0.3950   -1412.6428  0.8882 
   00946    0.4225   -1402.0711  0.8859 
   00947    0.4300   -1405.8656  0.8867 
   00948    0.3875   -1388.5539  0.8813 
   00949    0.4150   -1373.4954  0.8735 
   00950    0.4200   -1367.6440  0.8645 
   00951    0.4275   -1374.7382  0.8715 
   00952    0.4225   -1379.9468  0.8771 
   00953    0.3925   -1385.1430  0.8819 
   00954    0.4250   -1388.7627  0.8849 
   00955    0.4150   -1382.4731  0.8836 
   00956    0.4575   -1381.1939  0.8837 
   00957    0.4350   -1367.6092  0.8722 
   00958    0.4525   -1371.2590  0.8647 
   00959    0.4125   -1374.3818  0.8744 
   00960    0.3775   -1373.1369  0.8685 
   00961    0.3675   -1370.7432  0.8807 
   00962    0.3825   -1362.6934  0.8730 
   00963    0.4500   -1374.5276  0.8803 
   00964    0.3975   -1376.4363  0.8753 
   00965    0.3800   -1372.9968  0.8686 
   00966    0.4525   -1381.5637  0.8689 
   00967    0.4200   -1368.9772  0.8618 
   00968    0.4100   -1366.6135  0.8597 
   00969    0.3625   -1385.6383  0.8609 
   00970    0.4175   -1385.2222  0.8560 
   00971    0.3750   -1367.8513  0.8501 
   00972    0.4175   -1381.1759  0.8564 
   00973    0.3950   -1373.0607  0.8519 
   00974    0.4225   -1369.8662  0.8448 
   00975    0.3725   -1370.9610  0.8416 
   00976    0.4775   -1349.7841  0.8310 
   00977    0.4450   -1360.1643  0.8187 
   00978    0.4025   -1331.4183  0.7978 
   00979    0.4000   -1337.6044  0.8062 
   00980    0.3925   -1350.0074  0.8072 
   00981    0.3950   -1354.0298  0.8164 
   00982    0.4550   -1347.9142  0.8172 
   00983    0.4475   -1358.9355  0.8346 
   00984    0.4575   -1364.6516  0.8278 
   00985    0.4275   -1378.9914  0.8386 
   00986    0.4350   -1353.9969  0.8206 
   00987    0.4325   -1347.4824  0.8244 
   00988    0.4325   -1361.0567  0.8178 
   00989    0.4200   -1378.7352  0.8363 
   00990    0.4175   -1376.3690  0.8363 
   00991    0.4375   -1368.1256  0.8329 
   00992    0.3950   -1373.9791  0.8455 
   00993    0.4050   -1367.2811  0.8447 
   00994    0.4025   -1385.9483  0.8563 
   00995    0.4250   -1388.3915  0.8530 
   00996    0.4000   -1369.8483  0.8544 
   00997    0.4125   -1373.9788  0.8670 
   00998    0.4050   -1386.1961  0.8760 
   00999    0.3800   -1378.8393  0.8825 
   01000    0.3950   -1385.3528  0.8803 
