#=====================================================
# File created:        Wed-26-Feb-2025-at-04-03-22AM
# Size of lattice:     40x40
# Number of MC steps:  1000
# Reduced temperature: 0.500
# Run time (s):        11.170758
#=====================================================
# MC step:  Ratio:     Energy:   Order:
#=====================================================
   00000    0.5000   -1692.3561  0.2837 
   00001    0.6994   -2724.4593  0.2872 
   00002    0.5581   -3298.1181  0.3156 
   00003    0.5288   -3706.7643  0.3137 
   00004    0.5150   -3978.4088  0.3227 
   00005    0.4919   -4106.7736  0.2999 
   00006    0.4750   -4262.1899  0.2996 
   00007    0.4450   -4439.6701  0.3017 
   00008    0.4325   -4527.6367  0.3057 
   00009    0.4387   -4587.5160  0.3091 
   00010    0.4175   -4628.2801  0.3003 
   00011    0.4275   -4743.9000  0.3015 
   00012    0.4156   -4794.9048  0.3071 
   00013    0.4225   -4800.6060  0.3202 
   00014    0.4150   -4848.3195  0.3295 
   00015    0.4237   -4851.5541  0.3286 
   00016    0.4125   -4918.4450  0.3297 
   00017    0.4069   -4943.3252  0.3420 
   00018    0.4075   -4950.5338  0.3472 
   00019    0.4337   -4993.7193  0.3467 
   00020    0.4062   -4985.3112  0.3548 
   00021    0.4050   -5024.0719  0.3606 
   00022    0.4287   -4983.5849  0.3579 
   00023    0.4137   -5036.0559  0.3490 
   00024    0.4281   -5062.2346  0.3483 
   00025    0.4144   -5048.1502  0.3515 
   00026    0.3938   -5087.6551  0.3619 
   00027    0.4100   -5108.2080  0.3586 
   00028    0.4031   -5092.4596  0.3564 
   00029    0.4050   -5109.5763  0.3655 
   00030    0.4025   -5119.4290  0.3655 
   00031    0.4038   -5152.6431  0.3691 
   00032    0.4150   -5151.8315  0.3691 
   00033    0.3744   -5177.2613  0.3636 
   00034    0.3919   -5162.1652  0.3696 
   00035    0.4031   -5222.9279  0.3812 
   00036    0.3731   -5242.0739  0.3759 
   00037    0.3919   -5229.3273  0.3829 
   00038    0.3881   -5196.8443  0.3791 
   00039    0.3925   -5203.3308  0.3745 
   00040    0.3919   -5231.8688  0.3825 
   00041    0.4075   -5212.6703  0.3847 
   00042    0.4131   -5269.3590  0.3885 
   00043    0.3856   -5240.0946  0.3818 
   00044    0.3825   -5289.6913  0.3862 
   00045    0.4100   -5237.3996  0.3995 
   00046    0.3950   -5262.2909  0.4014 
   00047    0.3925   -5259.2210  0.3995 
   00048    0.4062   -5252.3778  0.4040 
   00049    0.3969   -5225.8935  0.4043 
   00050    0.3906   -5233.1660  0.4023 
   00051    0.3894   -5277.8229  0.4047 
   00052    0.3869   -5305.8166  0.4118 
   00053    0.3962   -5297.2928  0.4145 
   00054    0.3812   -5306.7729  0.4086 
   00055    0.3925   -5256.2876  0.4007 
   00056    0.4062   -5235.9668  0.3996 
   00057    0.3975   -5225.7662  0.3953 
   00058    0.4069   -5250.6083  0.3955 
   00059    0.4044   -5286.2114  0.4005 
   00060    0.4094   -5260.4582  0.4024 
   00061    0.4000   -5232.9838  0.4071 
   00062    0.4194   -5253.3369  0.4129 
   00063    0.4087   -5230.4122  0.4160 
   00064    0.3962   -5204.1495  0.4193 
   00065    0.3875   -5232.8772  0.4160 
   00066    0.3900   -5258.2547  0.4203 
   00067    0.3862   -5275.5982  0.4203 
   00068    0.3944   -5280.3889  0.4193 
   00069    0.4350   -5253.5021  0.4193 
   00070    0.4137   -5259.2068  0.4285 
   00071    0.3981   -5243.6195  0.4278 
   00072    0.4075   -5275.0096  0.4292 
   00073    0.3925   -5268.6211  0.4304 
   00074    0.4200   -5267.9783  0.4325 
   00075    0.3988   -5289.3368  0.4338 
   00076    0.3925   -5254.5342  0.4315 
   00077    0.3919   -5268.0666  0.4291 
   00078    0.3844   -5255.3803  0.4338 
   00079    0.4244   -5231.6545  0.4371 
   00080    0.4038   -5275.8665  0.4534 
   00081    0.4137   -5291.2968  0.4528 
   00082    0.4012   -5329.2225  0.4555 
   00083    0.3994   -5313.6371  0.4568 
   00084    0.4137   -5287.3822  0.4608 
   00085    0.3762   -5272.7318  0.4664 
   00086    0.4012   -5263.9276  0.4631 
   00087    0.3850   -5303.9282  0.4668 
   00088    0.4056   -5316.7163  0.4711 
   00089    0.4169   -5289.0609  0.4706 
   00090    0.4156   -5301.4705  0.4653 
   00091    0.4169   -5302.9588  0.4637 
   00092    0.4019   -5300.7100  0.4654 
   00093    0.3788   -5312.8715  0.4623 
   00094    0.4081   -5316.5391  0.4605 
   00095    0.4069   -5307.2405  0.4531 
   00096    0.3975   -5292.0206  0.4511 
   00097    0.4137   -5311.6198  0.4443 
   00098    0.3988   -5331.0724  0.4472 
   00099    0.4062   -5325.1807  0.4529 
   00100    0.4056   -5356.9684  0.4539 
   00101    0.4125   -5353.0060  0.4525 
   00102    0.3881   -5337.4501  0.4620 
   00103    0.4019   -5353.5943  0.4619 
   00104    0.4069   -5325.4220  0.4667 
   00105    0.4019   -5356.5372  0.4658 
   00106    0.4087   -5365.8917  0.4669 
   00107    0.3875   -5387.4173  0.4651 
   00108    0.4181   -5378.4351  0.4575 
   00109    0.3956   -5360.8793  0.4640 
   00110    0.3844   -5344.2420  0.4627 
   00111    0.3956   -5349.2907  0.4639 
   00112    0.4275   -5282.1381  0.4604 
   00113    0.3800   -5274.0052  0.4596 
   00114    0.4169   -5304.5652  0.4623 
   00115    0.3838   -5304.2021  0.4584 
   00116    0.3950   -5307.3483  0.4679 
   00117    0.3931   -5318.5720  0.4698 
   00118    0.3869   -5333.9082  0.4704 
   00119    0.3812   -5346.2038  0.4780 
   00120    0.4019   -5322.1342  0.4834 
   00121    0.4050   -5314.2533  0.4855 
   00122    0.3844   -5349.6756  0.4813 
   00123    0.3794   -5316.7298  0.4737 
   00124    0.4025   -5362.8727  0.4670 
   00125    0.3906   -5362.9850  0.4778 
   00126    0.3969   -5374.0158  0.4817 
   00127    0.3888   -5351.6405  0.4811 
   00128    0.3719   -5350.1080  0.4894 
   00129    0.3869   -5351.7327  0.4921 
   00130    0.4113   -5341.7902  0.4931 
   00131    0.3800   -5344.4772  0.4922 
   00132    0.3769   -5338.0466  0.4949 
   00133    0.3981   -5332.7238  0.4948 
   00134    0.3938   -5343.4494  0.4993 
   00135    0.3769   -5341.1501  0.4960 
   00136    0.3875   -5349.9938  0.5038 
   00137    0.3906   -5348.8690  0.5092 
   00138    0.4038   -5344.5926  0.5096 
   00139    0.4225   -5355.5972  0.5115 
   00140    0.3944   -5337.6921  0.5189 
   00141    0.3950   -5352.0226  0.5254 
   00142    0.3738   -5316.2665  0.5294 
   00143    0.4019   -5357.0599  0.5365 
   00144    0.4044   -5345.9384  0.5318 
   00145    0.4069   -5378.6638  0.5283 
   00146    0.3912   -5367.6323  0.5310 
   00147    0.3931   -5375.7491  0.5395 
   00148    0.3912   -5359.7832  0.5323 
   00149    0.3962   -5365.8667  0.5393 
   00150    0.4050   -5381.9867  0.5387 
   00151    0.3906   -5379.7061  0.5448 
   00152    0.3925   -5390.8328  0.5484 
   00153    0.4062   -5412.8263  0.5501 
   00154    0.3838   -5414.3699  0.5531 
   00155    0.4006   -5367.2877  0.5507 
   00156    0.3894   -5364.6715  0.5520 
   00157    0.3938   -5370.4103  0.5559 
   00158    0.3869   -5374.1314  0.5405 
   00159    0.4025   -5367.7521  0.5423 
   00160    0.3969   -5352.4892  0.5477 
   00161    0.4038   -5366.2584  0.5408 
   00162    0.3931   -5345.3298  0.5484 
   00163    0.3712   -5358.9039  0.5511 
   00164    0.3788   -5376.0359  0.5496 
   00165    0.4019   -5390.9112  0.5523 
   00166    0.3981   -5361.1714  0.5633 
   00167    0.4006   -5394.7170  0.5680 
   00168    0.3819   -5396.4686  0.5648 
   00169    0.3856   -5383.9613  0.5589 
   00170    0.3912   -5367.7967  0.5612 
   00171    0.4006   -5342.5773  0.5577 
   00172    0.3881   -5302.0936  0.5654 
   00173    0.4094   -5317.9945  0.5695 
   00174    0.4031   -5327.4171  0.5762 
   00175    0.3812   -5341.7618  0.5722 
   00176    0.3762   -5365.4519  0.5697 
   00177    0.4019   -5343.1690  0.5631 
   00178    0.3938   -5347.9084  0.5607 
   00179    0.4113   -5304.0516  0.5651 
   00180    0.3769   -5275.9398  0.5599 
   00181    0.4031   -5339.3549  0.5581 
   00182    0.3969   -5349.1039  0.5610 
   00183    0.3881   -5346.8927  0.5604 
   00184    0.3869   -5337.9440  0.5553 
   00185    0.3919   -5351.5639  0.5561 
   00186    0.3838   -5337.4617  0.5626 
   00187    0.4169   -5362.2361  0.5670 
   00188    0.3912   -5360.6722  0.5686 
   00189    0.4056   -5341.1691  0.5733 
   00190    0.3750   -5343.8305  0.5750 
   00191    0.3912   -5345.3973  0.5704 
   00192    0.3919   -5374.3235  0.5636 
   00193    0.3569   -5386.9280  0.5649 
   00194    0.3962   -5351.5090  0.5588 
   00195    0.3856   -5357.5155  0.5528 
   00196    0.4237   -5355.3483  0.5551 
   00197    0.3956   -5358.4735  0.5552 
   00198    0.3894   -5362.4280  0.5577 
   00199    0.3812   -5353.1013  0.5550 
   00200    0.4025   -5344.3852  0.5557 
   00201    0.4075   -5336.9600  0.5587 
   00202    0.3838   -5369.9605  0.5534 
   00203    0.4094   -5367.7300  0.5522 
   00204    0.3775   -5358.6497  0.5555 
   00205    0.4031   -5363.6532  0.5680 
   00206    0.3994   -5385.3343  0.5674 
   00207    0.3969   -5366.9074  0.5654 
   00208    0.3844   -5348.1481  0.5630 
   00209    0.3875   -5325.6186  0.5644 
   00210    0.4044   -5314.7831  0.5700 
   00211    0.4213   -5353.5399  0.5769 
   00212    0.3988   -5402.5338  0.5784 
   00213    0.3788   -5361.5302  0.5865 
   00214    0.4006   -5351.5099  0.5836 
   00215    0.4069   -5365.9497  0.5786 
   00216    0.3912   -5342.6354  0.5820 
   00217    0.3944   -5340.7914  0.5770 
   00218    0.3838   -5326.4103  0.5786 
   00219    0.3781   -5346.9177  0.5754 
   00220    0.4125   -5346.7385  0.5687 
   00221    0.3750   -5368.6842  0.5662 
   00222    0.3950   -5372.7449  0.5689 
   00223    0.4012   -5392.5896  0.5712 
   00224    0.4069   -5397.1933  0.5736 
   00225    0.4012   -5409.5634  0.5691 
   00226    0.3988   -5391.0096  0.5706 
   00227    0.3919   -5372.9603  0.5680 
   00228    0.3806   -5402.7611  0.5727 
   00229    0.3756   -5417.5270  0.5757 
   00230    0.3950   -5391.2109  0.5731 
   00231    0.3644   -5349.4384  0.5752 
   00232    0.3919   -5343.2020  0.5874 
   00233    0.3950   -5335.2876  0.5881 
   00234    0.3875   -5343.9213  0.5767 
   00235    0.4050   -5334.5867  0.5725 
   00236    0.3981   -5336.2261  0.5678 
   00237    0.4100   -5309.7277  0.5709 
   00238    0.3981   -5384.1806  0.5637 
   00239    0.3869   -5370.8956  0.5607 
   00240    0.3656   -5387.1137  0.5537 
   00241    0.3875   -5410.7355  0.5580 
   00242    0.3962   -5391.6005  0.5624 
   00243    0.3862   -5392.5081  0.5586 
   00244    0.4125   -5346.2524  0.5491 
   00245    0.3900   -5322.6643  0.5471 
   00246    0.3806   -5301.1105  0.5408 
   00247    0.3812   -5311.5742  0.5391 
   00248    0.3800   -5315.1582  0.5396 
   00249    0.3750   -5355.0074  0.5444 
   00250    0.3769   -5345.3824  0.5484 
   00251    0.3881   -5337.3204  0.5514 
   00252    0.3706   -5291.4743  0.5468 
   00253    0.3988   -5282.6750  0.5528 
   00254    0.3975   -5301.6917  0.5540 
   00255    0.3831   -5288.6968  0.5537 
   00256    0.3906   -5292.3444  0.5501 
   00257    0.3844   -5305.6918  0.5566 
   00258    0.3981   -5333.6966  0.5510 
   00259    0.3950   -5325.5508  0.5483 
   00260    0.3988   -5339.4721  0.5466 
   00261    0.3719   -5309.9936  0.5473 
   00262    0.3769   -5344.5164  0.5504 
   00263    0.3875   -5340.1785  0.5520 
   00264    0.4025   -5359.3896  0.5594 
   00265    0.3912   -5359.9961  0.5716 
   00266    0.3812   -5360.3589  0.5829 
   00267    0.3906   -5337.7771  0.5794 
   00268    0.3894   -5346.7958  0.5756 
   00269    0.3806   -5360.5433  0.5735 
   00270    0.3781   -5381.5646  0.5786 
   00271    0.4000   -5377.2329  0.5775 
   00272    0.3912   -5398.3206  0.5757 
   00273    0.3819   -5359.2966  0.5781 
   00274    0.3806   -5368.4791  0.5829 
   00275    0.4038   -5397.9721  0.5788 
   00276    0.3706   -5377.6569  0.5866 
   00277    0.3969   -5403.5047  0.5908 
   00278    0.4019   -5386.3270  0.5875 
   00279    0.3875   -5383.5351  0.5967 
   00280    0.3612   -5399.7832  0.5917 
   00281    0.3881   -5372.7760  0.5868 
   00282    0.3650   -5359.7002  0.5839 
   00283    0.3788   -5385.4919  0.5931 
   00284    0.3719   -5358.0428  0.5853 
   00285    0.4000   -5311.7483  0.5876 
   00286    0.3769   -5363.1258  0.5874 
   00287    0.3838   -5347.2895  0.5896 
   00288    0.3925   -5389.2929  0.5868 
   00289    0.3800   -5373.3630  0.5801 
   00290    0.3831   -5387.2878  0.5917 
   00291    0.3712   -5400.1653  0.5911 
   00292    0.3725   -5404.9325  0.5862 
   00293    0.3769   -5420.8765  0.5915 
   00294    0.3762   -5385.7628  0.5883 
   00295    0.3869   -5368.4304  0.5830 
   00296    0.4213   -5399.9236  0.5774 
   00297    0.3994   -5400.5772  0.5791 
   00298    0.3956   -5343.9104  0.5877 
   00299    0.3781   -5355.4252  0.5827 
   00300    0.3850   -5359.5556  0.5780 
   00301    0.3812   -5405.2161  0.5916 
   00302    0.3638   -5382.6527  0.5919 
   00303    0.3850   -5395.8984  0.5855 
   00304    0.3681   -5355.7947  0.5847 
   00305    0.4050   -5326.0179  0.5824 
   00306    0.3825   -5331.9901  0.5730 
   00307    0.3950   -5307.5775  0.5705 
   00308    0.3900   -5309.0729  0.5770 
   00309    0.3669   -5346.7716  0.5734 
   00310    0.3862   -5357.7960  0.5772 
   00311    0.3731   -5348.9011  0.5722 
   00312    0.3950   -5356.7204  0.5706 
   00313    0.3969   -5380.7815  0.5792 
   00314    0.4131   -5366.4490  0.5776 
   00315    0.4062   -5370.7846  0.5767 
   00316    0.3825   -5399.4217  0.5846 
   00317    0.3919   -5362.5044  0.5977 
   00318    0.3956   -5377.9080  0.6042 
   00319    0.3994   -5392.5893  0.6042 
   00320    0.3788   -5385.1324  0.6075 
   00321    0.3856   -5385.3129  0.6067 
   00322    0.3775   -5387.1165  0.6019 
   00323    0.3981   -5370.7592  0.6023 
   00324    0.3912   -5378.0563  0.6035 
   00325    0.4044   -5385.3031  0.6001 
   00326    0.3850   -5354.9954  0.5994 
   00327    0.4100   -5331.0843  0.5976 
   00328    0.3894   -5366.2224  0.5982 
   00329    0.3844   -5345.8636  0.6017 
   00330    0.3956   -5368.4450  0.5942 
   00331    0.3856   -5375.1549  0.5910 
   00332    0.3950   -5347.7890  0.5889 
   00333    0.3788   -5343.4601  0.5847 
   00334    0.4081   -5334.2502  0.5827 
   00335    0.3962   -5321.0387  0.5818 
   00336    0.3800   -5351.1251  0.5807 
   00337    0.3969   -5347.6415  0.5820 
   00338    0.3794   -5375.6075  0.5832 
   00339    0.3625   -5378.0089  0.5820 
   00340    0.3894   -5366.3627  0.5870 
   00341    0.3981   -5370.0506  0.5879 
   00342    0.3669   -5354.6272  0.5817 
   00343    0.3938   -5351.0362  0.5849 
   00344    0.3950   -5349.0616  0.5813 
   00345    0.3988   -5367.5620  0.5883 
   00346    0.3794   -5342.4000  0.5808 
   00347    0.3894   -5345.2343  0.5762 
   00348    0.3962   -5364.3656  0.5791 
   00349    0.3969   -5350.0763  0.5713 
   00350    0.3512   -5391.9860  0.5762 
   00351    0.3725   -5361.2835  0.5734 
   00352    0.4113   -5376.2372  0.5774 
   00353    0.3838   -5379.5021  0.5836 
   00354    0.3906   -5360.7935  0.5802 
   00355    0.3794   -5370.1573  0.5777 
   00356    0.3500   -5359.0073  0.5824 
   00357    0.3750   -5363.9782  0.5830 
   00358    0.3881   -5374.9655  0.5839 
   00359    0.3994   -5363.8889  0.5921 
   00360    0.3881   -5337.3540  0.5901 
   00361    0.3788   -5350.9569  0.5962 
   00362    0.3706   -5375.2833  0.5945 
   00363    0.3925   -5398.1413  0.5994 
   00364    0.3694   -5357.0340  0.6026 
   00365    0.3906   -5304.3597  0.6055 
   00366    0.3762   -5327.9152  0.6104 
   00367    0.4062   -5342.1303  0.6098 
   00368    0.3719   -5361.5898  0.6095 
   00369    0.3894   -5345.6464  0.6001 
   00370    0.3981   -5351.0426  0.6122 
   00371    0.4044   -5390.3870  0.6105 
   00372    0.3806   -5415.1696  0.6046 
   00373    0.3788   -5423.1666  0.6004 
   00374    0.3925   -5430.6455  0.6079 
   00375    0.3850   -5462.8474  0.6093 
   00376    0.3919   -5414.1998  0.6064 
   00377    0.3656   -5423.5332  0.6129 
   00378    0.4012   -5380.6963  0.6096 
   00379    0.3838   -5408.2414  0.6123 
   00380    0.3819   -5433.3944  0.6094 
   00381    0.3944   -5399.5639  0.6095 
   00382    0.3888   -5378.0402  0.6154 
   00383    0.3888   -5438.3805  0.6173 
   00384    0.3950   -5423.8255  0.6221 
   00385    0.3875   -5415.9845  0.6189 
   00386    0.3775   -5404.5959  0.6180 
   00387    0.3894   -5437.9753  0.6274 
   00388    0.3856   -5446.0273  0.6243 
   00389    0.3819   -5439.8788  0.6227 
   00390    0.3775   -5429.7050  0.6223 
   00391    0.3625   -5410.7630  0.6165 
   00392    0.3600   -5431.2221  0.6161 
   00393    0.3662   -5469.8871  0.6163 
   00394    0.3688   -5452.7285  0.6199 
   00395    0.3738   -5428.4810  0.6161 
   00396    0.3825   -5373.1054  0.6152 
   00397    0.3819   -5378.1791  0.6162 
   00398    0.4000   -5378.5764  0.6170 
   00399    0.3975   -5363.2361  0.6212 
   00400    0.3862   -5387.0240  0.6239 
   00401    0.3769   -5406.3374  0.6195 
   00402    0.3738   -5416.3975  0.6266 
   00403    0.3862   -5383.0927  0.6189 
   00404    0.3612   -5402.7473  0.6284 
   00405    0.4050   -5415.3267  0.6283 
   00406    0.3731   -5433.0516  0.6303 
   00407    0.3806   -5395.9597  0.6292 
   00408    0.3881   -5406.2310  0.6299 
   00409    0.3838   -5436.2925  0.6331 
   00410    0.3769   -5452.2811  0.6321 
   00411    0.3656   -5436.8086  0.6328 
   00412    0.3719   -5407.1061  0.6389 
   00413    0.3994   -5388.6912  0.6338 
   00414    0.3862   -5377.7598  0.6307 
   00415    0.3938   -5362.5228  0.6316 
   00416    0.3806   -5378.5416  0.6390 
   00417    0.3638   -5395.7283  0.6430 
   00418    0.3775   -5411.2475  0.6449 
   00419    0.3894   -5434.8820  0.6537 
   00420    0.3644   -5409.0950  0.6469 
   00421    0.3925   -5394.7352  0.6406 
   00422    0.3712   -5383.2823  0.6451 
   00423    0.3538   -5384.6926  0.6519 
   00424    0.3488   -5356.9927  0.6467 
   00425    0.3906   -5387.4730  0.6337 
   00426    0.3819   -5399.8358  0.6421 
   00427    0.3812   -5385.9373  0.6390 
   00428    0.3725   -5297.8407  0.6328 
   00429    0.3981   -5324.4437  0.6367 
   00430    0.4006   -5339.7674  0.6318 
   00431    0.3969   -5356.5881  0.6373 
   00432    0.3812   -5379.2153  0.6401 
   00433    0.3675   -5398.3718  0.6346 
   00434    0.3888   -5436.7223  0.6377 
   00435    0.3738   -5461.3987  0.6417 
   00436    0.3719   -5450.3910  0.6378 
   00437    0.3681   -5480.3453  0.6465 
   00438    0.3931   -5456.3810  0.6428 
   00439    0.3838   -5445.8944  0.6505 
   00440    0.3931   -5452.2331  0.6468 
   00441    0.3862   -5437.8546  0.6440 
   00442    0.3812   -5424.8900  0.6357 
   00443    0.3781   -5446.7773  0.6385 
   00444    0.3919   -5430.5221  0.6360 
   00445    0.3812   -5432.5245  0.6396 
   00446    0.3738   -5415.4749  0.6433 
   00447    0.3900   -5426.0465  0.6493 
   00448    0.3831   -5455.2597  0.6511 
   00449    0.3500   -5437.1617  0.6495 
   00450    0.3694   -5429.4598  0.6468 
   00451    0.3994   -5377.7641  0.6467 
   00452    0.3838   -5417.1593  0.6550 
   00453    0.3750   -5398.3154  0.6594 
   00454    0.3938   -5422.2230  0.6628 
   00455    0.3738   -5421.5169  0.6620 
   00456    0.3781   -5405.6837  0.6588 
   00457    0.3869   -5393.2445  0.6582 
   00458    0.3962   -5433.0694  0.6657 
   00459    0.3638   -5432.5245  0.6665 
   00460    0.3762   -5458.2003  0.6700 
   00461    0.3831   -5415.1503  0.6720 
   00462    0.4019   -5433.6451  0.6724 
   00463    0.3656   -5440.9299  0.6747 
   00464    0.3894   -5454.1404  0.6761 
   00465    0.3675   -5425.5245  0.6769 
   00466    0.3844   -5386.8449  0.6799 
   00467    0.3856   -5364.2296  0.6749 
   00468    0.3988   -5349.3815  0.6789 
   00469    0.3831   -5347.1552  0.6834 
   00470    0.3869   -5347.5596  0.6859 
   00471    0.3656   -5351.8203  0.6890 
   00472    0.3981   -5341.0537  0.6811 
   00473    0.3912   -5360.3016  0.6833 
   00474    0.3900   -5366.2125  0.6851 
   00475    0.3669   -5348.8015  0.6852 
   00476    0.3775   -5339.8445  0.6855 
   00477    0.3831   -5380.6119  0.6791 
   00478    0.3950   -5395.6298  0.6836 
   00479    0.4062   -5410.3901  0.6817 
   00480    0.3731   -5390.5627  0.6751 
   00481    0.3775   -5387.9229  0.6745 
   00482    0.3731   -5356.7917  0.6717 
   00483    0.3700   -5374.7450  0.6733 
   00484    0.3594   -5348.9757  0.6669 
   00485    0.3700   -5370.8083  0.6654 
   00486    0.3938   -5370.7321  0.6708 
   00487    0.3956   -5407.7724  0.6786 
   00488    0.3969   -5373.5963  0.6848 
   00489    0.3738   -5368.2662  0.6895 
   00490    0.3800   -5382.6551  0.6971 
   00491    0.3562   -5390.4918  0.6906 
   00492    0.3825   -5439.3054  0.6947 
   00493    0.3712   -5393.9847  0.6951 
   00494    0.3762   -5407.2748  0.6966 
   00495    0.3612   -5383.6975  0.6969 
   00496    0.3969   -5389.6082  0.7040 
   00497    0.3806   -5406.3738  0.7140 
   00498    0.3775   -5401.7130  0.7155 
   00499    0.3631   -5406.5719  0.7092 
   00500    0.3875   -5444.4720  0.7109 
   00501    0.3700   -5411.3221  0.7137 
   00502    0.3619   -5395.1827  0.7122 
   00503    0.3594   -5398.7978  0.7067 
   00504    0.3881   -5388.6904  0.7045 
   00505    0.3700   -5404.4935  0.7083 
   00506    0.3619   -5417.7658  0.7099 
   00507    0.3594   -5391.9511  0.7042 
   00508    0.3738   -5396.0104  0.6961 
   00509    0.3762   -5380.4766  0.6983 
   00510    0.3756   -5387.3325  0.7025 
   00511    0.3894   -5400.2622  0.7040 
   00512    0.3725   -5402.8001  0.7035 
   00513    0.3888   -5390.5207  0.7044 
   00514    0.3831   -5403.1697  0.7090 
   00515    0.3844   -5409.6938  0.7148 
   00516    0.3725   -5390.5627  0.7173 
   00517    0.3756   -5453.1014  0.7175 
   00518    0.3694   -5459.8319  0.7288 
   00519    0.3819   -5441.9894  0.7239 
   00520    0.3900   -5428.1023  0.7287 
   00521    0.4006   -5428.2048  0.7277 
   00522    0.3825   -5426.7035  0.7253 
   00523    0.3650   -5423.4001  0.7193 
   00524    0.4025   -5412.1076  0.7189 
   00525    0.3681   -5399.7687  0.7131 
   00526    0.3919   -5396.8247  0.7084 
   00527    0.3856   -5375.5394  0.7105 
   00528    0.3825   -5405.8549  0.7158 
   00529    0.3838   -5388.3402  0.7162 
   00530    0.3656   -5412.7692  0.7083 
   00531    0.3800   -5419.4754  0.7089 
   00532    0.3750   -5385.5418  0.7038 
   00533    0.3788   -5403.9625  0.7037 
   00534    0.3700   -5414.2363  0.6957 
   00535    0.3688   -5391.7359  0.7030 
   00536    0.3775   -5367.8786  0.7021 
   00537    0.3738   -5370.9389  0.7057 
   00538    0.3588   -5354.6475  0.7010 
   00539    0.4169   -5357.6257  0.6972 
   00540    0.3850   -5392.1436  0.6978 
   00541    0.3875   -5398.8237  0.6976 
   00542    0.3988   -5359.5703  0.6938 
   00543    0.3656   -5355.5886  0.7005 
   00544    0.3869   -5373.3865  0.7052 
   00545    0.3856   -5341.8686  0.7037 
   00546    0.3712   -5339.0971  0.7092 
   00547    0.3900   -5357.2765  0.7152 
   00548    0.3769   -5372.3199  0.7147 
   00549    0.3681   -5372.3054  0.7158 
   00550    0.3944   -5385.8345  0.7165 
   00551    0.3881   -5379.7548  0.7166 
   00552    0.3738   -5393.4551  0.7234 
   00553    0.3688   -5394.7327  0.7298 
   00554    0.3750   -5401.4364  0.7326 
   00555    0.3819   -5409.2641  0.7337 
   00556    0.3512   -5411.3201  0.7346 
   00557    0.3744   -5414.6207  0.7341 
   00558    0.3819   -5405.9641  0.7318 
   00559    0.3738   -5337.1447  0.7347 
   00560    0.3769   -5346.6827  0.7392 
   00561    0.3994   -5347.4364  0.7412 
   00562    0.3975   -5381.8121  0.7504 
   00563    0.3694   -5371.5145  0.7468 
   00564    0.3706   -5376.8289  0.7451 
   00565    0.3644   -5420.6576  0.7400 
   00566    0.3988   -5468.2496  0.7450 
   00567    0.3925   -5444.0097  0.7350 
   00568    0.3781   -5470.0794  0.7335 
   00569    0.3900   -5438.6715  0.7412 
   00570    0.3875   -5425.5740  0.7372 
   00571    0.3938   -5419.9096  0.7314 
   00572    0.3644   -5442.3194  0.7334 
   00573    0.3694   -5436.0894  0.7324 
   00574    0.3600   -5396.9614  0.7315 
   00575    0.3831   -5362.0582  0.7221 
   00576    0.3975   -5341.5694  0.7288 
   00577    0.3838   -5356.7657  0.7328 
   00578    0.3994   -5354.8961  0.7283 
   00579    0.3738   -5385.7549  0.7319 
   00580    0.3438   -5370.2604  0.7342 
   00581    0.3712   -5368.0333  0.7308 
   00582    0.3638   -5418.9105  0.7418 
   00583    0.3831   -5383.8932  0.7412 
   00584    0.3762   -5372.3746  0.7404 
   00585    0.3775   -5411.2996  0.7441 
   00586    0.3862   -5400.0133  0.7433 
   00587    0.3788   -5423.4098  0.7405 
   00588    0.3838   -5406.6091  0.7437 
   00589    0.3900   -5411.8686  0.7434 
   00590    0.3669   -5440.4789  0.7460 
   00591    0.3706   -5431.3724  0.7527 
   00592    0.3731   -5437.5759  0.7516 
   00593    0.3800   -5419.9097  0.7584 
   00594    0.3762   -5391.9553  0.7478 
   00595    0.3706   -5407.0471  0.7517 
   00596    0.3575   -5396.5704  0.7521 
   00597    0.3462   -5404.7109  0.7476 
   00598    0.3794   -5428.7918  0.7453 
   00599    0.3612   -5445.1478  0.7476 
   00600    0.3700   -5467.3475  0.7473 
   00601    0.3538   -5437.5119  0.7477 
   00602    0.3800   -5455.0206  0.7476 
   00603    0.3538   -5423.2283  0.7500 
   00604    0.3656   -5411.1573  0.7445 
   00605    0.3706   -5388.4702  0.7420 
   00606    0.3856   -5422.0506  0.7480 
   00607    0.3638   -5427.4088  0.7449 
   00608    0.3938   -5388.1521  0.7380 
   00609    0.3738   -5390.5635  0.7368 
   00610    0.3625   -5365.0147  0.7327 
   00611    0.3806   -5367.1592  0.7354 
   00612    0.3600   -5373.7491  0.7451 
   00613    0.3831   -5407.0855  0.7420 
   00614    0.3650   -5391.6203  0.7428 
   00615    0.3644   -5388.1771  0.7470 
   00616    0.3606   -5403.6339  0.7524 
   00617    0.3462   -5383.8121  0.7484 
   00618    0.3775   -5451.3704  0.7514 
   00619    0.3625   -5428.5792  0.7536 
   00620    0.3781   -5461.2549  0.7595 
   00621    0.3562   -5439.1953  0.7508 
   00622    0.3700   -5426.5626  0.7486 
   00623    0.3825   -5457.8198  0.7517 
   00624    0.3894   -5434.3540  0.7441 
   00625    0.3775   -5447.5555  0.7454 
   00626    0.3544   -5418.7880  0.7494 
   00627    0.3425   -5411.3879  0.7495 
   00628    0.3844   -5393.7764  0.7402 
   00629    0.3738   -5381.6347  0.7260 
   00630    0.3819   -5381.0498  0.7218 
   00631    0.3712   -5338.9541  0.7257 
   00632    0.3638   -5344.9422  0.7262 
   00633    0.3731   -5371.7576  0.7269 
   00634    0.3769   -5344.7092  0.7290 
   00635    0.3762   -5370.6894  0.7297 
   00636    0.3906   -5387.1342  0.7306 
   00637    0.3669   -5393.1455  0.7320 
   00638    0.3794   -5386.8161  0.7285 
   00639    0.3650   -5373.2160  0.7273 
   00640    0.3638   -5423.3915  0.7327 
   00641    0.3750   -5373.7559  0.7285 
   00642    0.3606   -5360.7611  0.7253 
   00643    0.3612   -5373.7216  0.7316 
   00644    0.3781   -5341.3754  0.7217 
   00645    0.3588   -5377.1877  0.7272 
   00646    0.3731   -5385.7186  0.7248 
   00647    0.3950   -5395.6659  0.7312 
   00648    0.3750   -5365.6234  0.7303 
   00649    0.3656   -5384.4928  0.7266 
   00650    0.3756   -5404.1988  0.7267 
   00651    0.3769   -5407.5068  0.7177 
   00652    0.3744   -5374.9983  0.7187 
   00653    0.3819   -5365.3563  0.7207 
   00654    0.3788   -5330.2808  0.7191 
   00655    0.3712   -5370.1021  0.7118 
   00656    0.3450   -5353.0066  0.7092 
   00657    0.3744   -5384.8824  0.7050 
   00658    0.3644   -5375.4722  0.7112 
   00659    0.3625   -5356.3404  0.7097 
   00660    0.3825   -5384.6243  0.7199 
   00661    0.3894   -5378.8120  0.7189 
   00662    0.3694   -5405.0644  0.7211 
   00663    0.3881   -5405.3693  0.7220 
   00664    0.3781   -5403.9054  0.7218 
   00665    0.3450   -5398.4971  0.7216 
   00666    0.3731   -5389.1389  0.7185 
   00667    0.3625   -5411.1297  0.7199 
   00668    0.3387   -5395.3412  0.7156 
   00669    0.3512   -5419.9705  0.7169 
   00670    0.3644   -5404.9628  0.7231 
   00671    0.3831   -5400.0069  0.7269 
   00672    0.3725   -5370.0018  0.7222 
   00673    0.3631   -5397.0443  0.7274 
   00674    0.3819   -5397.0496  0.7205 
   00675    0.3662   -5422.2304  0.7276 
   00676    0.3894   -5440.3698  0.7315 
   00677    0.3644   -5429.2180  0.7351 
   00678    0.3800   -5471.5497  0.7356 
   00679    0.3456   -5468.6880  0.7388 
   00680    0.3800   -5417.1308  0.7379 
   00681    0.3569   -5413.4687  0.7417 
   00682    0.3675   -5400.5189  0.7305 
   00683    0.3756   -5374.7698  0.7263 
   00684    0.3594   -5392.8089  0.7280 
   00685    0.3581   -5346.9351  0.7246 
   00686    0.3712   -5354.8591  0.7251 
   00687    0.3762   -5367.1107  0.7201 
   00688    0.3644   -5370.5783  0.7239 
   00689    0.3775   -5342.0638  0.7235 
   00690    0.3794   -5372.6175  0.7304 
   00691    0.3775   -5402.9307  0.7369 
   00692    0.3756   -5401.1088  0.7345 
   00693    0.3756   -5400.0534  0.7357 
   00694    0.3675   -5410.9608  0.7380 
   00695    0.3619   -5381.3687  0.7272 
   00696    0.3700   -5361.8449  0.7263 
   00697    0.3669   -5393.2225  0.7262 
   00698    0.3656   -5420.8854  0.7286 
   00699    0.3788   -5411.1170  0.7237 
   00700    0.3888   -5416.1378  0.7190 
   00701    0.3875   -5376.2815  0.7137 
   00702    0.3769   -5365.2986  0.7110 
   00703    0.3869   -5406.9999  0.7163 
   00704    0.3706   -5389.1807  0.7137 
   00705    0.3669   -5363.7981  0.7081 
   00706    0.3912   -5298.0092  0.7063 
   00707    0.3781   -5322.4453  0.7104 
   00708    0.3875   -5323.7221  0.7086 
   00709    0.3512   -5339.5178  0.7092 
   00710    0.3631   -5333.5806  0.7068 
   00711    0.3888   -5322.3433  0.7062 
   00712    0.3769   -5340.7856  0.6989 
   00713    0.3562   -5375.1278  0.7009 
   00714    0.3556   -5390.0952  0.7054 
   00715    0.3731   -5445.3813  0.7094 
   00716    0.3856   -5427.9433  0.7068 
   00717    0.3725   -5412.6151  0.7083 
   00718    0.3681   -5419.8840  0.7116 
   00719    0.3562   -5428.4604  0.7198 
   00720    0.3606   -5482.8422  0.7243 
   00721    0.3744   -5453.4580  0.7254 
   00722    0.3762   -5456.0022  0.7244 
   00723    0.3656   -5430.8140  0.7226 
   00724    0.3625   -5415.7781  0.7212 
   00725    0.3775   -5398.4317  0.7220 
   00726    0.3556   -5423.7549  0.7261 
   00727    0.3838   -5431.5614  0.7283 
   00728    0.3788   -5435.5162  0.7272 
   00729    0.3581   -5409.0388  0.7299 
   00730    0.3775   -5459.7174  0.7313 
   00731    0.3744   -5437.6852  0.7244 
   00732    0.3400   -5441.7298  0.7284 
   00733    0.3612   -5415.0730  0.7253 
   00734    0.3712   -5486.2600  0.7409 
   00735    0.3638   -5497.5688  0.7483 
   00736    0.3781   -5487.6844  0.7503 
   00737    0.3756   -5453.1057  0.7448 
   00738    0.3556   -5478.2326  0.7545 
   00739    0.3619   -5445.0494  0.7562 
   00740    0.3612   -5440.0972  0.7616 
   00741    0.3612   -5441.3589  0.7610 
   00742    0.3738   -5420.0129  0.7632 
   00743    0.3775   -5420.4083  0.7622 
   00744    0.3600   -5423.7556  0.7653 
   00745    0.3712   -5404.0547  0.7671 
   00746    0.3581   -5430.9861  0.7706 
   00747    0.3756   -5434.7545  0.7666 
   00748    0.3562   -5405.1443  0.7627 
   00749    0.3825   -5397.3904  0.7655 
   00750    0.3894   -5377.1544  0.7625 
   00751    0.3600   -5362.9144  0.7620 
   00752    0.3719   -5351.5504  0.7683 
   00753    0.3688   -5381.2935  0.7735 
   00754    0.3725   -5384.4818  0.7705 
   00755    0.3569   -5383.5471  0.7667 
   00756    0.3769   -5400.2662  0.7734 
   00757    0.3669   -5386.7857  0.7730 
   00758    0.3681   -5382.0429  0.7758 
   00759    0.3812   -5404.0306  0.7773 
   00760    0.3669   -5417.3146  0.7787 
   00761    0.3881   -5419.2788  0.7679 
   00762    0.3919   -5402.7873  0.7708 
   00763    0.3738   -5382.1002  0.7703 
   00764    0.3856   -5379.1390  0.7680 
   00765    0.3725   -5395.9261  0.7649 
   00766    0.3756   -5392.0502  0.7574 
   00767    0.3831   -5381.7907  0.7539 
   00768    0.3619   -5392.1237  0.7559 
   00769    0.3512   -5361.6821  0.7496 
   00770    0.3544   -5380.6979  0.7485 
   00771    0.3562   -5350.2640  0.7474 
   00772    0.3456   -5395.0683  0.7509 
   00773    0.3650   -5408.5007  0.7536 
   00774    0.3838   -5371.4187  0.7504 
   00775    0.3669   -5370.8104  0.7522 
   00776    0.3738   -5368.2892  0.7448 
   00777    0.3606   -5359.5493  0.7395 
   00778    0.3656   -5375.7555  0.7457 
   00779    0.3725   -5371.9200  0.7471 
   00780    0.3694   -5369.3151  0.7464 
   00781    0.3638   -5355.4824  0.7382 
   00782    0.3738   -5312.3894  0.7368 
   00783    0.3888   -5352.7705  0.7424 
   00784    0.3650   -5368.2466  0.7477 
   00785    0.3769   -5380.9423  0.7441 
   00786    0.3769   -5348.1114  0.7429 
   00787    0.3531   -5339.5556  0.7438 
   00788    0.3862   -5365.2315  0.7508 
   00789    0.3812   -5338.1588  0.7425 
   00790    0.3844   -5319.4663  0.7432 
   00791    0.3788   -5332.6280  0.7452 
   00792    0.3819   -5347.6294  0.7491 
   00793    0.3712   -5368.1675  0.7546 
   00794    0.3881   -5361.5669  0.7480 
   00795    0.3688   -5389.2526  0.7549 
   00796    0.3800   -5407.0164  0.7549 
   00797    0.3769   -5386.9917  0.7541 
   00798    0.3844   -5376.4038  0.7538 
   00799    0.3950   -5392.6067  0.7490 
   00800    0.3500   -5402.1636  0.7410 
   00801    0.3806   -5405.3956  0.7358 
   00802    0.3806   -5397.9201  0.7344 
   00803    0.3769   -5385.5908  0.7316 
   00804    0.3712   -5423.8019  0.7403 
   00805    0.3500   -5392.6865  0.7342 
   00806    0.3506   -5397.5349  0.7376 
   00807    0.3625   -5413.5330  0.7377 
   00808    0.3800   -5451.4817  0.7370 
   00809    0.3488   -5411.0126  0.7357 
   00810    0.3475   -5389.0918  0.7366 
   00811    0.3731   -5387.2142  0.7360 
   00812    0.3769   -5399.0563  0.7358 
   00813    0.3500   -5405.8833  0.7419 
   00814    0.3694   -5375.0377  0.7450 
   00815    0.3456   -5368.1382  0.7412 
   00816    0.3894   -5337.7339  0.7476 
   00817    0.3688   -5339.5477  0.7437 
   00818    0.3888   -5336.8074  0.7405 
   00819    0.3700   -5338.2830  0.7407 
   00820    0.3606   -5334.7322  0.7399 
   00821    0.4038   -5367.2654  0.7367 
   00822    0.3781   -5356.0910  0.7360 
   00823    0.3906   -5377.8354  0.7358 
   00824    0.3788   -5330.1613  0.7285 
   00825    0.3694   -5348.9087  0.7349 
   00826    0.3681   -5351.3275  0.7411 
   00827    0.4031   -5345.5633  0.7403 
   00828    0.3694   -5365.6540  0.7353 
   00829    0.3438   -5354.4155  0.7268 
   00830    0.3650   -5320.4097  0.7257 
   00831    0.3838   -5344.8930  0.7119 
   00832    0.3706   -5372.6952  0.7192 
   00833    0.3900   -5364.5389  0.7171 
   00834    0.3931   -5331.5213  0.7059 
   00835    0.3806   -5305.4843  0.7020 
   00836    0.3731   -5305.4440  0.7037 
   00837    0.3700   -5330.4339  0.7096 
   00838    0.3762   -5308.4573  0.7097 
   00839    0.3975   -5335.8673  0.7123 
   00840    0.3669   -5325.8614  0.7075 
   00841    0.3606   -5354.2043  0.7057 
   00842    0.3456   -5367.3856  0.7097 
   00843    0.3956   -5379.9116  0.7135 
   00844    0.3781   -5404.1939  0.7169 
   00845    0.3631   -5422.0760  0.7189 
   00846    0.3431   -5439.0486  0.7246 
   00847    0.3475   -5428.3876  0.7203 
   00848    0.3544   -5437.2685  0.7253 
   00849    0.3769   -5440.5036  0.7228 
   00850    0.3712   -5483.3702  0.7329 
   00851    0.3588   -5437.5024  0.7340 
   00852    0.3694   -5428.0312  0.7338 
   00853    0.3681   -5447.8062  0.7318 
   00854    0.3756   -5485.6631  0.7398 
   00855    0.3675   -5491.3321  0.7382 
   00856    0.3744   -5473.3114  0.7364 
   00857    0.3706   -5458.4574  0.7377 
   00858    0.3712   -5444.8753  0.7396 
   00859    0.3669   -5433.7148  0.7408 
   00860    0.3731   -5430.7457  0.7387 
   00861    0.3700   -5449.5165  0.7408 
   00862    0.3619   -5408.2062  0.7376 
   00863    0.3631   -5398.7196  0.7259 
   00864    0.3656   -5352.1899  0.7250 
   00865    0.3550   -5369.7013  0.7224 
   00866    0.3875   -5361.5468  0.7187 
   00867    0.3731   -5377.5736  0.7205 
   00868    0.3762   -5369.6769  0.7187 
   00869    0.3594   -5397.9199  0.7189 
   00870    0.3931   -5382.7954  0.7137 
   00871    0.3838   -5380.1012  0.7195 
   00872    0.3494   -5371.3438  0.7166 
   00873    0.3869   -5396.7669  0.7183 
   00874    0.3706   -5393.5852  0.7231 
   00875    0.3606   -5424.3069  0.7262 
   00876    0.3594   -5437.6945  0.7296 
   00877    0.3738   -5412.9970  0.7334 
   00878    0.3750   -5443.9282  0.7387 
   00879    0.3619   -5399.4852  0.7387 
   00880    0.3575   -5383.3160  0.7355 
   00881    0.3594   -5423.3609  0.7419 
   00882    0.3719   -5475.9602  0.7476 
   00883    0.3762   -5487.6126  0.7459 
   00884    0.3544   -5473.7107  0.7372 
   00885    0.3650   -5450.7805  0.7371 
   00886    0.3969   -5429.2379  0.7361 
   00887    0.3844   -5445.2184  0.7397 
   00888    0.3588   -5436.3562  0.7416 
   00889    0.3656   -5446.5497  0.7431 
   00890    0.3719   -5460.5922  0.7459 
   00891    0.3788   -5447.5505  0.7441 
   00892    0.3538   -5441.1997  0.7404 
   00893    0.3462   -5455.0293  0.7362 
   00894    0.3531   -5478.8991  0.7366 
   00895    0.3706   -5441.0408  0.7345 
   00896    0.3500   -5444.5903  0.7320 
   00897    0.3500   -5448.5847  0.7329 
   00898    0.3538   -5425.5902  0.7359 
   00899    0.3712   -5446.1388  0.7361 
   00900    0.3788   -5430.0037  0.7273 
   00901    0.3512   -5440.1980  0.7285 
   00902    0.3794   -5483.2357  0.7322 
   00903    0.3519   -5469.5622  0.7397 
   00904    0.3656   -5434.0942  0.7380 
   00905    0.3675   -5410.0683  0.7419 
   00906    0.3462   -5455.2941  0.7451 
   00907    0.3712   -5471.2870  0.7487 
   00908    0.3688   -5453.2547  0.7496 
   00909    0.3662   -5479.8823  0.7512 
   00910    0.3600   -5453.2361  0.7514 
   00911    0.3631   -5403.7612  0.7504 
   00912    0.3519   -5382.8391  0.7495 
   00913    0.3775   -5402.2920  0.7438 
   00914    0.3656   -5410.3473  0.7445 
   00915    0.3619   -5409.6683  0.7439 
   00916    0.3719   -5423.1256  0.7493 
   00917    0.3438   -5430.6103  0.7491 
   00918    0.3688   -5440.6167  0.7482 
   00919    0.3581   -5468.1044  0.7438 
   00920    0.3694   -5471.8516  0.7467 
   00921    0.3800   -5451.1386  0.7499 
   00922    0.3531   -5434.3446  0.7486 
   00923    0.3625   -5415.0189  0.7448 
   00924    0.3756   -5424.7109  0.7445 
   00925    0.3512   -5423.7320  0.7442 
   00926    0.3750   -5400.5535  0.7441 
   00927    0.3500   -5415.2667  0.7408 
   00928    0.3750   -5418.3897  0.7367 
   00929    0.3656   -5427.6787  0.7452 
   00930    0.3644   -5433.1181  0.7395 
   00931    0.3669   -5423.5962  0.7373 
   00932    0.3912   -5430.3048  0.7363 
   00933    0.3413   -5411.5135  0.7353 
   00934    0.3631   -5368.5483  0.7295 
   00935    0.3750   -5396.7588  0.7261 
   00936    0.3506   -5377.8414  0.7258 
   00937    0.3538   -5400.2838  0.7269 
   00938    0.3706   -5377.0590  0.7273 
   00939    0.3712   -5405.2281  0.7251 
   00940    0.3619   -5404.5785  0.7249 
   00941    0.3450   -5415.2557  0.7189 
   00942    0.3812   -5390.6890  0.7188 
   00943    0.3694   -5392.0801  0.7228 
   00944    0.3694   -5390.7521  0.7258 
   00945    0.3494   -5392.1529  0.7222 
   00946    0.3606   -5402.0563  0.7262 
   00947    0.3688   -5387.3869  0.7270 
   00948    0.3525   -5420.1990  0.7269 
   00949    0.3750   -5401.3475  0.7240 
   00950    0.3638   -5420.4981  0.7196 
   00951    0.3550   -5428.6916  0.7139 
   00952    0.3600   -5426.9549  0.7124 
   00953    0.3625   -5436.6881  0.7041 
   00954    0.3650   -5414.5814  0.7075 
   00955    0.3825   -5393.1058  0.7071 
   00956    0.3762   -5407.7646  0.7051 
   00957    0.3631   -5433.6393  0.7004 
   00958    0.3450   -5443.9540  0.7017 
   00959    0.3575   -5417.0090  0.6970 
   00960    0.3625   -5386.2748  0.6957 
   00961    0.3456   -5375.5753  0.6905 
   00962    0.3756   -5370.0115  0.6909 
   00963    0.3650   -5367.5426  0.6899 
   00964    0.3681   -5375.8270  0.6883 
   00965    0.3650   -5391.4931  0.6847 
   00966    0.3450   -5395.5912  0.6897 
   00967    0.3862   -5391.3024  0.6854 
   00968    0.3600   -5422.3240  0.6749 
   00969    0.3588   -5444.8958  0.6793 
   00970    0.3656   -5459.0361  0.6874 
   00971    0.3762   -5434.6011  0.6826 
   00972    0.3756   -5454.9407  0.6874 
   00973    0.3606   -5436.7189  0.6808 
   00974    0.3550   -5446.3780  0.6831 
   00975    0.3656   -5430.8666  0.6810 
   00976    0.3481   -5388.8873  0.6722 
   00977    0.3675   -5383.8952  0.6671 
   00978    0.3706   -5380.8746  0.6668 
   00979    0.3725   -5389.3501  0.6686 
   00980    0.3569   -5386.2541  0.6668 
   00981    0.3512   -5349.2453  0.6631 
   00982    0.3562   -5368.2269  0.6613 
   00983    0.3481   -5348.0173  0.6613 
   00984    0.3781   -5369.2453  0.6581 
   00985    0.3612   -5375.3083  0.6512 
   00986    0.3600   -5353.7116  0.6522 
   00987    0.3862   -5325.3189  0.6548 
   00988    0.3600   -5347.6026  0.6581 
   00989    0.3675   -5373.4400  0.6514 
   00990    0.3681   -5402.1357  0.6544 
   00991    0.3625   -5373.4704  0.6544 
   00992    0.3675   -5337.0673  0.6519 
   00993    0.3650   -5326.4496  0.6475 
   00994    0.3662   -5335.3684  0.6423 
   00995    0.3738   -5307.0652  0.6426 
   00996    0.3769   -5332.1143  0.6427 
   00997    0.3588   -5363.7977  0.6463 
   00998    0.3569   -5361.7089  0.6461 
   00999    0.3512   -5370.2334  0.6410 
   01000    0.3700   -5342.3698  0.6418 
