#=====================================================
# File created:        Wed-26-Feb-2025-at-04-28-54AM
# Size of lattice:     60x60
# Number of MC steps:  1000
# Reduced temperature: 0.500
# Run time (s):        1.724301
#=====================================================
# MC step:  Ratio:     Energy:   Order:
#=====================================================
   00000    0.5000   -3545.3996  0.2574 
   00001    0.6925   -5412.8592  0.2631 
   00002    0.6322   -6766.0402  0.2560 
   00003    0.5817   -7697.3339  0.2654 
   00004    0.5431   -8350.2706  0.2646 
   00005    0.5094   -8887.1186  0.2700 
   00006    0.5156   -9236.8781  0.2674 
   00007    0.4922   -9580.5297  0.2802 
   00008    0.4875   -9822.1271  0.2906 
   00009    0.4750  -10031.0163  0.2902 
   00010    0.4731  -10187.6354  0.2855 
   00011    0.4700  -10364.5150  0.2835 
   00012    0.4739  -10423.4865  0.2866 
   00013    0.4561  -10512.2198  0.2896 
   00014    0.4783  -10651.4763  0.2940 
   00015    0.4614  -10745.7718  0.3009 
   00016    0.4572  -10808.6144  0.2990 
   00017    0.4461  -10883.7394  0.2989 
   00018    0.4558  -10892.7942  0.3078 
   00019    0.4364  -10998.4420  0.3069 
   00020    0.4383  -11063.8757  0.3062 
   00021    0.4428  -11051.6051  0.3069 
   00022    0.4472  -11060.5025  0.3168 
   00023    0.4428  -11171.2950  0.3244 
   00024    0.4439  -11266.3686  0.3268 
   00025    0.4414  -11256.4841  0.3265 
   00026    0.4392  -11272.4810  0.3333 
   00027    0.4472  -11274.7359  0.3314 
   00028    0.4381  -11294.5861  0.3353 
   00029    0.4311  -11281.8207  0.3393 
   00030    0.4336  -11315.6711  0.3406 
   00031    0.4467  -11332.3240  0.3430 
   00032    0.4258  -11366.5880  0.3462 
   00033    0.4214  -11402.6468  0.3514 
   00034    0.4353  -11478.4632  0.3575 
   00035    0.4336  -11501.0762  0.3645 
   00036    0.4328  -11551.3980  0.3664 
   00037    0.4283  -11580.8277  0.3673 
   00038    0.4181  -11605.5520  0.3664 
   00039    0.4306  -11642.6408  0.3735 
   00040    0.4358  -11620.8102  0.3748 
   00041    0.4178  -11670.0754  0.3751 
   00042    0.4508  -11624.0514  0.3798 
   00043    0.4131  -11687.5749  0.3844 
   00044    0.4242  -11741.6184  0.3849 
   00045    0.4203  -11702.4497  0.3860 
   00046    0.4367  -11729.9624  0.3849 
   00047    0.4264  -11752.1545  0.3837 
   00048    0.4222  -11770.1379  0.3894 
   00049    0.4244  -11746.2231  0.3937 
   00050    0.4222  -11749.4994  0.3925 
   00051    0.4275  -11767.2599  0.3957 
   00052    0.4214  -11786.3994  0.4017 
   00053    0.4364  -11776.0612  0.4073 
   00054    0.4253  -11804.2627  0.4123 
   00055    0.4147  -11859.4202  0.4186 
   00056    0.4125  -11860.1519  0.4130 
   00057    0.4053  -11843.9067  0.4128 
   00058    0.4256  -11840.5722  0.4157 
   00059    0.4233  -11911.5219  0.4160 
   00060    0.4178  -11932.1769  0.4219 
   00061    0.4192  -11967.4281  0.4163 
   00062    0.4150  -11932.3223  0.4171 
   00063    0.4211  -11883.1915  0.4172 
   00064    0.4119  -11898.6982  0.4190 
   00065    0.4169  -11880.3385  0.4190 
   00066    0.4317  -11820.1614  0.4157 
   00067    0.4181  -11795.6399  0.4154 
   00068    0.4261  -11848.5376  0.4096 
   00069    0.4122  -11897.4779  0.4105 
   00070    0.4144  -11927.3914  0.4084 
   00071    0.4167  -11885.8815  0.4075 
   00072    0.4233  -11925.4240  0.4085 
   00073    0.4167  -11903.0410  0.4103 
   00074    0.4333  -11853.5851  0.4072 
   00075    0.4239  -11919.5419  0.4075 
   00076    0.4150  -11934.3018  0.4144 
   00077    0.4333  -11924.1280  0.4194 
   00078    0.4242  -11939.6055  0.4215 
   00079    0.4083  -11954.0622  0.4174 
   00080    0.4175  -11944.7202  0.4189 
   00081    0.4317  -11903.1261  0.4221 
   00082    0.4064  -11904.9107  0.4202 
   00083    0.4292  -11974.9563  0.4239 
   00084    0.4153  -11984.5951  0.4227 
   00085    0.4125  -12074.8472  0.4296 
   00086    0.3881  -12088.5816  0.4297 
   00087    0.4267  -12006.6431  0.4325 
   00088    0.4275  -12006.2988  0.4302 
   00089    0.4075  -11943.4129  0.4325 
   00090    0.4336  -11943.6627  0.4285 
   00091    0.4108  -11884.8465  0.4249 
   00092    0.4283  -11906.2048  0.4283 
   00093    0.4250  -11921.4585  0.4339 
   00094    0.4219  -11970.8234  0.4368 
   00095    0.4122  -11971.1252  0.4346 
   00096    0.4133  -12048.3867  0.4441 
   00097    0.4144  -12087.9545  0.4471 
   00098    0.4269  -12111.7446  0.4476 
   00099    0.4078  -12070.7144  0.4487 
   00100    0.4311  -11984.7955  0.4478 
   00101    0.4136  -11952.5044  0.4479 
   00102    0.4211  -12037.8116  0.4477 
   00103    0.4308  -12007.2441  0.4437 
   00104    0.4211  -11981.0170  0.4422 
   00105    0.4286  -11999.1820  0.4396 
   00106    0.4153  -12041.6068  0.4439 
   00107    0.4172  -12018.1017  0.4415 
   00108    0.4078  -12040.5385  0.4371 
   00109    0.4222  -12039.4169  0.4397 
   00110    0.4269  -12011.9167  0.4415 
   00111    0.4153  -11979.1761  0.4427 
   00112    0.4089  -11954.7638  0.4467 
   00113    0.4294  -11950.4273  0.4452 
   00114    0.4267  -11972.7338  0.4477 
   00115    0.4292  -12050.1745  0.4457 
   00116    0.4206  -12078.9481  0.4481 
   00117    0.4239  -12062.3683  0.4470 
   00118    0.4194  -12077.3104  0.4448 
   00119    0.4222  -12077.0280  0.4517 
   00120    0.3969  -12056.1716  0.4544 
   00121    0.4106  -12015.7522  0.4540 
   00122    0.4275  -12038.2907  0.4577 
   00123    0.4314  -12018.7957  0.4605 
   00124    0.4022  -12040.7102  0.4567 
   00125    0.4200  -11994.2808  0.4481 
   00126    0.4158  -12054.8638  0.4529 
   00127    0.4083  -12044.8620  0.4559 
   00128    0.4292  -12020.9248  0.4548 
   00129    0.4144  -11989.2188  0.4552 
   00130    0.4125  -12025.5818  0.4523 
   00131    0.4111  -12043.4887  0.4563 
   00132    0.4206  -12063.9348  0.4584 
   00133    0.4267  -12107.5549  0.4645 
   00134    0.3997  -12104.6470  0.4609 
   00135    0.4297  -12105.6884  0.4698 
   00136    0.4253  -12063.2151  0.4701 
   00137    0.4072  -12053.1408  0.4694 
   00138    0.4108  -12095.1283  0.4759 
   00139    0.4122  -12047.8788  0.4744 
   00140    0.4347  -12054.6940  0.4741 
   00141    0.4219  -12025.9582  0.4849 
   00142    0.3969  -12070.4289  0.4882 
   00143    0.4281  -12038.7005  0.4909 
   00144    0.4236  -12014.7818  0.4891 
   00145    0.3969  -12063.8266  0.4961 
   00146    0.4319  -12120.7148  0.4991 
   00147    0.4167  -12111.3865  0.4956 
   00148    0.4214  -12103.3349  0.5003 
   00149    0.4111  -12072.2920  0.5003 
   00150    0.4253  -12081.2706  0.4935 
   00151    0.4206  -12026.1664  0.4956 
   00152    0.4186  -12100.7639  0.5000 
   00153    0.4125  -12102.5331  0.4971 
   00154    0.4233  -12128.9648  0.4948 
   00155    0.4150  -12100.5430  0.4926 
   00156    0.4300  -12085.9689  0.4923 
   00157    0.4064  -12065.9426  0.4985 
   00158    0.3975  -12055.3495  0.4958 
   00159    0.4139  -12015.4272  0.4877 
   00160    0.4169  -11978.8704  0.4880 
   00161    0.4233  -12041.8702  0.4954 
   00162    0.4156  -12043.8836  0.4875 
   00163    0.4011  -12053.7793  0.4844 
   00164    0.4142  -12050.8672  0.4861 
   00165    0.4244  -12031.5017  0.4872 
   00166    0.4131  -12058.3821  0.4971 
   00167    0.4025  -12075.3699  0.4923 
   00168    0.4083  -12150.1938  0.4925 
   00169    0.4122  -12211.2557  0.4967 
   00170    0.3933  -12191.7138  0.4958 
   00171    0.4067  -12141.9273  0.4957 
   00172    0.4136  -12163.9075  0.4980 
   00173    0.4031  -12135.7117  0.4965 
   00174    0.4147  -12126.4048  0.4927 
   00175    0.4128  -12113.8307  0.4933 
   00176    0.4317  -12098.9829  0.4949 
   00177    0.4194  -12088.8338  0.4953 
   00178    0.4111  -12057.3697  0.4950 
   00179    0.4197  -12081.4134  0.5001 
   00180    0.4039  -12077.8301  0.4995 
   00181    0.4142  -12115.1206  0.4980 
   00182    0.4158  -12139.2901  0.4991 
   00183    0.4203  -12155.7266  0.4919 
   00184    0.4183  -12181.2481  0.4907 
   00185    0.4053  -12163.0803  0.4864 
   00186    0.4086  -12150.0507  0.4837 
   00187    0.4219  -12178.2934  0.4838 
   00188    0.4178  -12252.9354  0.4872 
   00189    0.4058  -12232.9411  0.4867 
   00190    0.4169  -12248.9913  0.4833 
   00191    0.4158  -12185.9368  0.4839 
   00192    0.4075  -12102.1333  0.4819 
   00193    0.4164  -12135.6146  0.4867 
   00194    0.4156  -12133.8369  0.4872 
   00195    0.4186  -12104.2928  0.4850 
   00196    0.4019  -12154.2522  0.4800 
   00197    0.4008  -12130.9018  0.4854 
   00198    0.4258  -12199.2209  0.4844 
   00199    0.4158  -12216.1321  0.4898 
   00200    0.4119  -12229.9925  0.4909 
   00201    0.4092  -12183.2250  0.4946 
   00202    0.4122  -12184.0502  0.4940 
   00203    0.4167  -12166.5661  0.4926 
   00204    0.4153  -12160.3842  0.4879 
   00205    0.4186  -12128.5029  0.4862 
   00206    0.4283  -12148.4328  0.4981 
   00207    0.4228  -12208.7163  0.5053 
   00208    0.4017  -12204.0604  0.5108 
   00209    0.4131  -12206.7431  0.5127 
   00210    0.4108  -12203.2791  0.5143 
   00211    0.4114  -12172.6750  0.5138 
   00212    0.4181  -12141.6815  0.5175 
   00213    0.4069  -12151.7468  0.5163 
   00214    0.4133  -12118.7252  0.5099 
   00215    0.4144  -12135.1916  0.5144 
   00216    0.4158  -12144.6820  0.5121 
   00217    0.4253  -12134.6859  0.5111 
   00218    0.4119  -12150.5206  0.5088 
   00219    0.4186  -12095.8785  0.5031 
   00220    0.4231  -12115.4945  0.5020 
   00221    0.4131  -12101.0308  0.5040 
   00222    0.4081  -12166.1324  0.5044 
   00223    0.4067  -12178.3208  0.5024 
   00224    0.4269  -12173.7023  0.5027 
   00225    0.4319  -12143.7181  0.4975 
   00226    0.4078  -12144.6809  0.5017 
   00227    0.4181  -12168.5836  0.5026 
   00228    0.4067  -12216.8081  0.5045 
   00229    0.4047  -12140.7380  0.5029 
   00230    0.4103  -12158.3716  0.5044 
   00231    0.4194  -12155.1537  0.5042 
   00232    0.4075  -12167.3926  0.5058 
   00233    0.4139  -12140.1242  0.5025 
   00234    0.4106  -12155.1496  0.5121 
   00235    0.4131  -12192.4253  0.5099 
   00236    0.4222  -12199.9401  0.5131 
   00237    0.4114  -12178.1705  0.5096 
   00238    0.4036  -12223.7964  0.5104 
   00239    0.4211  -12183.5597  0.5123 
   00240    0.4042  -12167.6048  0.5102 
   00241    0.4164  -12086.9123  0.5085 
   00242    0.4122  -12168.3320  0.5100 
   00243    0.3956  -12195.8666  0.5111 
   00244    0.4108  -12216.0592  0.5126 
   00245    0.4000  -12203.6154  0.5091 
   00246    0.4031  -12109.8618  0.5049 
   00247    0.4156  -12159.5030  0.5064 
   00248    0.4106  -12221.7670  0.5084 
   00249    0.4103  -12268.8821  0.5088 
   00250    0.4178  -12264.7916  0.5110 
   00251    0.4161  -12204.3801  0.5062 
   00252    0.4153  -12168.6107  0.5027 
   00253    0.4181  -12234.2201  0.4984 
   00254    0.4139  -12274.5185  0.5000 
   00255    0.4125  -12301.5248  0.4981 
   00256    0.4247  -12287.5917  0.4989 
   00257    0.4158  -12289.3906  0.5049 
   00258    0.4050  -12242.1994  0.5088 
   00259    0.4147  -12286.1921  0.5112 
   00260    0.4153  -12290.5197  0.5087 
   00261    0.4042  -12308.0069  0.5111 
   00262    0.4175  -12248.9997  0.5107 
   00263    0.4114  -12214.1779  0.5132 
   00264    0.4203  -12201.1582  0.5158 
   00265    0.4069  -12169.6201  0.5131 
   00266    0.4347  -12157.7353  0.5129 
   00267    0.4181  -12149.5757  0.5173 
   00268    0.4039  -12122.3730  0.5182 
   00269    0.4231  -12146.5116  0.5212 
   00270    0.4169  -12195.5680  0.5248 
   00271    0.4289  -12215.0058  0.5267 
   00272    0.4064  -12195.2351  0.5260 
   00273    0.4183  -12244.2561  0.5284 
   00274    0.4194  -12257.9186  0.5242 
   00275    0.4083  -12208.3928  0.5191 
   00276    0.4067  -12235.3283  0.5146 
   00277    0.4053  -12216.7737  0.5073 
   00278    0.4081  -12209.2382  0.5083 
   00279    0.4133  -12181.5382  0.5070 
   00280    0.4194  -12216.5193  0.5021 
   00281    0.4006  -12223.7123  0.5031 
   00282    0.4075  -12245.9989  0.5019 
   00283    0.4061  -12244.7506  0.4969 
   00284    0.4203  -12201.0247  0.5001 
   00285    0.4181  -12253.2148  0.5018 
   00286    0.4014  -12247.6617  0.5022 
   00287    0.4125  -12243.9355  0.5032 
   00288    0.4017  -12288.0697  0.5047 
   00289    0.4125  -12255.1664  0.5071 
   00290    0.4144  -12257.0286  0.5058 
   00291    0.4156  -12221.9435  0.5075 
   00292    0.4103  -12234.1081  0.5002 
   00293    0.3983  -12255.9862  0.4979 
   00294    0.4139  -12257.0754  0.5016 
   00295    0.4194  -12244.8886  0.5077 
   00296    0.4186  -12218.7385  0.5128 
   00297    0.4125  -12196.7617  0.5036 
   00298    0.4167  -12200.6431  0.5073 
   00299    0.4028  -12228.8267  0.5116 
   00300    0.4122  -12232.8972  0.5101 
   00301    0.4056  -12193.3118  0.5119 
   00302    0.4125  -12223.9951  0.5089 
   00303    0.4131  -12243.2730  0.5074 
   00304    0.4142  -12233.7789  0.5085 
   00305    0.4094  -12225.5511  0.5064 
   00306    0.4106  -12231.3133  0.5036 
   00307    0.4111  -12278.8897  0.5050 
   00308    0.4092  -12253.0956  0.5066 
   00309    0.4111  -12264.6256  0.5046 
   00310    0.4025  -12238.5403  0.5049 
   00311    0.4125  -12168.4157  0.5048 
   00312    0.4128  -12177.3454  0.5070 
   00313    0.4128  -12169.4860  0.5158 
   00314    0.4131  -12131.9490  0.5171 
   00315    0.4114  -12131.3990  0.5201 
   00316    0.4281  -12138.2545  0.5199 
   00317    0.4250  -12154.9041  0.5154 
   00318    0.4114  -12146.8696  0.5204 
   00319    0.4258  -12119.2943  0.5126 
   00320    0.4344  -12167.8286  0.5102 
   00321    0.4114  -12197.2254  0.5174 
   00322    0.4169  -12176.0726  0.5166 
   00323    0.4039  -12121.4302  0.5081 
   00324    0.4050  -12153.6957  0.5061 
   00325    0.4211  -12166.0771  0.5021 
   00326    0.4181  -12156.8737  0.4998 
   00327    0.4339  -12197.5868  0.5057 
   00328    0.4122  -12230.1938  0.5073 
   00329    0.4139  -12212.9633  0.5082 
   00330    0.4156  -12222.5135  0.5116 
   00331    0.4139  -12170.0052  0.5092 
   00332    0.4083  -12214.7404  0.5102 
   00333    0.4125  -12256.2456  0.5103 
   00334    0.4125  -12257.3250  0.5121 
   00335    0.4222  -12278.1397  0.5128 
   00336    0.3997  -12265.6469  0.5114 
   00337    0.4064  -12267.9657  0.5191 
   00338    0.3950  -12261.6761  0.5210 
   00339    0.4206  -12301.1639  0.5267 
   00340    0.4139  -12296.3500  0.5275 
   00341    0.4111  -12334.1389  0.5223 
   00342    0.4100  -12302.7867  0.5234 
   00343    0.4183  -12310.4059  0.5247 
   00344    0.4225  -12281.4235  0.5225 
   00345    0.4122  -12295.1181  0.5221 
   00346    0.4203  -12295.3711  0.5200 
   00347    0.3994  -12252.9254  0.5207 
   00348    0.4139  -12218.6282  0.5208 
   00349    0.4133  -12300.9542  0.5272 
   00350    0.4061  -12290.2654  0.5306 
   00351    0.4103  -12312.3020  0.5342 
   00352    0.4256  -12300.7351  0.5313 
   00353    0.4092  -12327.3817  0.5340 
   00354    0.3978  -12356.9892  0.5313 
   00355    0.4075  -12351.1225  0.5279 
   00356    0.4169  -12350.5698  0.5251 
   00357    0.4047  -12310.6111  0.5215 
   00358    0.4017  -12259.3085  0.5232 
   00359    0.4183  -12235.7657  0.5185 
   00360    0.4058  -12259.6483  0.5249 
   00361    0.4211  -12262.5115  0.5289 
   00362    0.4094  -12325.8402  0.5292 
   00363    0.4133  -12287.9176  0.5236 
   00364    0.4056  -12345.3144  0.5319 
   00365    0.4089  -12293.4007  0.5284 
   00366    0.4139  -12246.5559  0.5307 
   00367    0.4142  -12198.1485  0.5279 
   00368    0.3986  -12222.4674  0.5295 
   00369    0.4169  -12224.6852  0.5320 
   00370    0.4158  -12198.7377  0.5307 
   00371    0.4247  -12205.5074  0.5282 
   00372    0.4122  -12234.7979  0.5313 
   00373    0.4192  -12284.5821  0.5324 
   00374    0.4078  -12283.6823  0.5302 
   00375    0.4139  -12243.4830  0.5276 
   00376    0.4064  -12276.3750  0.5292 
   00377    0.4022  -12235.1234  0.5280 
   00378    0.4200  -12188.3827  0.5256 
   00379    0.4200  -12251.6973  0.5255 
   00380    0.4094  -12245.5550  0.5253 
   00381    0.4239  -12212.1884  0.5318 
   00382    0.4067  -12326.0550  0.5369 
   00383    0.4092  -12293.0667  0.5411 
   00384    0.4111  -12311.2702  0.5426 
   00385    0.4069  -12303.1540  0.5383 
   00386    0.4133  -12262.4056  0.5351 
   00387    0.4136  -12246.1487  0.5412 
   00388    0.4069  -12252.7171  0.5375 
   00389    0.4092  -12258.8396  0.5391 
   00390    0.4019  -12286.0949  0.5373 
   00391    0.3925  -12322.7608  0.5323 
   00392    0.4044  -12269.4679  0.5273 
   00393    0.4106  -12233.7028  0.5256 
   00394    0.4175  -12278.1670  0.5220 
   00395    0.4031  -12333.9893  0.5211 
   00396    0.4147  -12358.7042  0.5251 
   00397    0.4072  -12236.2777  0.5234 
   00398    0.3983  -12238.7714  0.5238 
   00399    0.4114  -12253.6576  0.5256 
   00400    0.4203  -12231.4666  0.5253 
   00401    0.4164  -12236.6194  0.5274 
   00402    0.4225  -12238.8028  0.5319 
   00403    0.4078  -12318.5948  0.5369 
   00404    0.4114  -12277.0250  0.5375 
   00405    0.4161  -12272.2476  0.5345 
   00406    0.4108  -12263.0074  0.5363 
   00407    0.4153  -12292.8322  0.5438 
   00408    0.3992  -12262.1555  0.5368 
   00409    0.4283  -12286.9406  0.5388 
   00410    0.4094  -12274.5254  0.5351 
   00411    0.4083  -12288.2549  0.5320 
   00412    0.4175  -12212.9658  0.5324 
   00413    0.3989  -12206.0558  0.5312 
   00414    0.4128  -12204.4610  0.5394 
   00415    0.4144  -12218.5517  0.5356 
   00416    0.4122  -12273.7822  0.5339 
   00417    0.4225  -12278.9212  0.5355 
   00418    0.4039  -12224.7642  0.5404 
   00419    0.4181  -12257.2695  0.5435 
   00420    0.4142  -12252.4503  0.5409 
   00421    0.4081  -12243.3268  0.5377 
   00422    0.4156  -12262.7573  0.5436 
   00423    0.4031  -12311.5195  0.5506 
   00424    0.4056  -12313.0099  0.5496 
   00425    0.4094  -12320.1929  0.5489 
   00426    0.4181  -12282.5014  0.5440 
   00427    0.4056  -12303.1974  0.5418 
   00428    0.4008  -12259.1051  0.5468 
   00429    0.4086  -12245.9429  0.5456 
   00430    0.4150  -12307.0482  0.5532 
   00431    0.4164  -12339.9632  0.5547 
   00432    0.4017  -12286.7080  0.5561 
   00433    0.4142  -12303.1492  0.5555 
   00434    0.4308  -12255.1618  0.5575 
   00435    0.4258  -12258.8805  0.5576 
   00436    0.4103  -12269.4343  0.5604 
   00437    0.4147  -12348.9546  0.5613 
   00438    0.4006  -12289.2349  0.5614 
   00439    0.3981  -12240.7672  0.5607 
   00440    0.4061  -12269.3104  0.5650 
   00441    0.4031  -12287.8398  0.5708 
   00442    0.4042  -12290.9353  0.5687 
   00443    0.4106  -12324.3367  0.5690 
   00444    0.4072  -12271.6406  0.5649 
   00445    0.4047  -12270.3376  0.5694 
   00446    0.4200  -12287.7679  0.5639 
   00447    0.4192  -12280.2360  0.5614 
   00448    0.4147  -12295.7427  0.5676 
   00449    0.4044  -12244.9959  0.5681 
   00450    0.4014  -12312.5968  0.5675 
   00451    0.4119  -12364.8096  0.5643 
   00452    0.3975  -12337.8109  0.5611 
   00453    0.4072  -12366.5154  0.5644 
   00454    0.4136  -12324.0792  0.5676 
   00455    0.4119  -12345.4354  0.5671 
   00456    0.4289  -12298.3800  0.5661 
   00457    0.3981  -12277.1495  0.5610 
   00458    0.4139  -12309.7514  0.5660 
   00459    0.4139  -12276.4455  0.5686 
   00460    0.4083  -12290.4302  0.5727 
   00461    0.4144  -12273.1666  0.5719 
   00462    0.3997  -12293.9843  0.5725 
   00463    0.3994  -12291.9721  0.5759 
   00464    0.4044  -12276.5608  0.5773 
   00465    0.4061  -12332.9985  0.5790 
   00466    0.4108  -12257.7378  0.5816 
   00467    0.4111  -12259.2233  0.5870 
   00468    0.4244  -12293.0862  0.5888 
   00469    0.4133  -12252.8510  0.5877 
   00470    0.4094  -12252.7665  0.5873 
   00471    0.4175  -12275.2289  0.5928 
   00472    0.4172  -12282.3282  0.5965 
   00473    0.4103  -12273.5894  0.6017 
   00474    0.4128  -12250.9581  0.5966 
   00475    0.4125  -12182.0888  0.5980 
   00476    0.4178  -12233.3854  0.6066 
   00477    0.4139  -12321.9969  0.6041 
   00478    0.4086  -12314.0805  0.6027 
   00479    0.4069  -12343.1787  0.6029 
   00480    0.4042  -12329.1705  0.5992 
   00481    0.4136  -12349.9544  0.5973 
   00482    0.4094  -12336.3703  0.6006 
   00483    0.4119  -12332.8138  0.5988 
   00484    0.4064  -12284.3266  0.5958 
   00485    0.4153  -12309.1201  0.5945 
   00486    0.4242  -12352.0632  0.5936 
   00487    0.4025  -12350.0824  0.5917 
   00488    0.3964  -12275.2567  0.5971 
   00489    0.4014  -12285.2940  0.5964 
   00490    0.4036  -12345.0289  0.5932 
   00491    0.4006  -12298.8544  0.5908 
   00492    0.4067  -12312.3683  0.5946 
   00493    0.4125  -12305.1509  0.5950 
   00494    0.4089  -12264.5251  0.5931 
   00495    0.4081  -12263.0885  0.5922 
   00496    0.4211  -12269.7070  0.5973 
   00497    0.4031  -12332.9449  0.5997 
   00498    0.4069  -12365.1797  0.5997 
   00499    0.4186  -12317.2235  0.6025 
   00500    0.4236  -12302.2136  0.6033 
   00501    0.4058  -12282.3090  0.6032 
   00502    0.4092  -12311.7902  0.6076 
   00503    0.4044  -12203.3353  0.6011 
   00504    0.4106  -12253.5067  0.6033 
   00505    0.4053  -12288.4256  0.6039 
   00506    0.4039  -12388.5081  0.6056 
   00507    0.4094  -12375.7754  0.6027 
   00508    0.4069  -12283.8852  0.6036 
   00509    0.4081  -12288.8187  0.6045 
   00510    0.4114  -12306.5828  0.6088 
   00511    0.4017  -12333.7223  0.6117 
   00512    0.4042  -12350.5396  0.6126 
   00513    0.4006  -12277.8639  0.6076 
   00514    0.4178  -12269.7298  0.6031 
   00515    0.4053  -12297.5805  0.6051 
   00516    0.4108  -12278.3282  0.6045 
   00517    0.4128  -12278.8303  0.6020 
   00518    0.4125  -12334.2897  0.6008 
   00519    0.4042  -12361.4307  0.5997 
   00520    0.3906  -12351.7310  0.6016 
   00521    0.4017  -12327.9812  0.5968 
   00522    0.4119  -12323.8131  0.5971 
   00523    0.3958  -12297.2729  0.5971 
   00524    0.3981  -12260.4233  0.6037 
   00525    0.4000  -12243.3642  0.6027 
   00526    0.4097  -12283.7036  0.6013 
   00527    0.4192  -12288.5648  0.5995 
   00528    0.4194  -12328.1337  0.6054 
   00529    0.4194  -12277.0024  0.6009 
   00530    0.4131  -12288.2950  0.5998 
   00531    0.4042  -12314.0331  0.5990 
   00532    0.4067  -12363.8578  0.5961 
   00533    0.4142  -12360.3207  0.5979 
   00534    0.4128  -12341.3465  0.5960 
   00535    0.4008  -12367.3639  0.6024 
   00536    0.4239  -12379.2828  0.5990 
   00537    0.4056  -12320.9924  0.6026 
   00538    0.4072  -12387.1962  0.6120 
   00539    0.4067  -12399.0607  0.6129 
   00540    0.4094  -12426.6403  0.6090 
   00541    0.3936  -12452.2137  0.6164 
   00542    0.3961  -12407.9054  0.6168 
   00543    0.4000  -12411.6056  0.6147 
   00544    0.3900  -12399.0942  0.6154 
   00545    0.4092  -12380.3127  0.6174 
   00546    0.4047  -12451.1687  0.6185 
   00547    0.4089  -12393.4766  0.6204 
   00548    0.4086  -12404.3060  0.6218 
   00549    0.4019  -12389.1433  0.6223 
   00550    0.4133  -12341.8308  0.6188 
   00551    0.4133  -12332.8715  0.6207 
   00552    0.4144  -12318.6148  0.6255 
   00553    0.4008  -12319.4741  0.6236 
   00554    0.4211  -12266.9935  0.6238 
   00555    0.4036  -12360.9774  0.6278 
   00556    0.4164  -12376.7926  0.6318 
   00557    0.3917  -12374.5385  0.6301 
   00558    0.4019  -12403.7221  0.6301 
   00559    0.4014  -12404.5021  0.6323 
   00560    0.4003  -12409.2428  0.6312 
   00561    0.4069  -12361.2389  0.6260 
   00562    0.3969  -12379.1176  0.6289 
   00563    0.4161  -12374.9872  0.6273 
   00564    0.4142  -12371.4053  0.6320 
   00565    0.4067  -12377.3240  0.6285 
   00566    0.4169  -12346.5683  0.6268 
   00567    0.4028  -12271.6972  0.6259 
   00568    0.4033  -12240.2251  0.6242 
   00569    0.4047  -12261.0816  0.6192 
   00570    0.4217  -12216.8275  0.6123 
   00571    0.4133  -12284.2155  0.6100 
   00572    0.4164  -12286.6122  0.6063 
   00573    0.4119  -12287.9659  0.6103 
   00574    0.4208  -12289.3504  0.6072 
   00575    0.4072  -12285.1649  0.6015 
   00576    0.4033  -12295.6783  0.6010 
   00577    0.4139  -12303.4153  0.5953 
   00578    0.4194  -12249.6606  0.5995 
   00579    0.4022  -12310.6236  0.6029 
   00580    0.4050  -12346.0898  0.6052 
   00581    0.4064  -12315.8273  0.6104 
   00582    0.4083  -12295.6496  0.6097 
   00583    0.4217  -12267.0160  0.6110 
   00584    0.4194  -12235.3595  0.6107 
   00585    0.4156  -12235.7407  0.6130 
   00586    0.4061  -12270.7902  0.6193 
   00587    0.4092  -12284.4072  0.6158 
   00588    0.4033  -12310.6712  0.6137 
   00589    0.4008  -12284.7471  0.6109 
   00590    0.4131  -12295.9140  0.6060 
   00591    0.4039  -12319.6250  0.6059 
   00592    0.3972  -12303.4809  0.6086 
   00593    0.3981  -12315.4367  0.6164 
   00594    0.4028  -12347.3910  0.6145 
   00595    0.4028  -12331.2991  0.6158 
   00596    0.3981  -12303.1294  0.6157 
   00597    0.3967  -12306.3879  0.6159 
   00598    0.4092  -12287.6752  0.6214 
   00599    0.4169  -12291.6281  0.6208 
   00600    0.4192  -12202.7647  0.6242 
   00601    0.4294  -12262.3178  0.6253 
   00602    0.4147  -12246.7934  0.6251 
   00603    0.4089  -12301.6735  0.6272 
   00604    0.4108  -12365.1708  0.6275 
   00605    0.4072  -12332.7604  0.6207 
   00606    0.3978  -12343.7672  0.6218 
   00607    0.3986  -12321.4153  0.6225 
   00608    0.4044  -12391.3743  0.6286 
   00609    0.4144  -12395.4899  0.6285 
   00610    0.4158  -12371.1662  0.6219 
   00611    0.4044  -12284.4987  0.6232 
   00612    0.4042  -12270.9914  0.6290 
   00613    0.4097  -12351.8143  0.6360 
   00614    0.4125  -12356.2254  0.6389 
   00615    0.4094  -12361.4967  0.6418 
   00616    0.3933  -12315.1429  0.6421 
   00617    0.4228  -12343.2644  0.6424 
   00618    0.4008  -12302.9821  0.6390 
   00619    0.4019  -12287.7270  0.6370 
   00620    0.4003  -12323.3974  0.6406 
   00621    0.4208  -12325.9596  0.6405 
   00622    0.4083  -12344.3605  0.6434 
   00623    0.4164  -12383.7485  0.6432 
   00624    0.4078  -12403.6742  0.6412 
   00625    0.4056  -12362.7975  0.6420 
   00626    0.4014  -12357.9649  0.6442 
   00627    0.4128  -12381.5036  0.6470 
   00628    0.4142  -12312.8646  0.6519 
   00629    0.4069  -12358.9623  0.6552 
   00630    0.4083  -12324.3194  0.6580 
   00631    0.4128  -12339.2530  0.6572 
   00632    0.4164  -12271.6185  0.6578 
   00633    0.4233  -12284.5978  0.6521 
   00634    0.4064  -12301.2161  0.6520 
   00635    0.4253  -12321.4384  0.6543 
   00636    0.4011  -12261.1775  0.6509 
   00637    0.4039  -12242.5007  0.6452 
   00638    0.4150  -12263.4026  0.6521 
   00639    0.4114  -12317.2203  0.6553 
   00640    0.4153  -12366.3437  0.6620 
   00641    0.4033  -12381.7988  0.6642 
   00642    0.4086  -12426.5288  0.6669 
   00643    0.4081  -12369.8869  0.6632 
   00644    0.4192  -12359.6672  0.6631 
   00645    0.3967  -12369.7605  0.6659 
   00646    0.3897  -12369.2698  0.6640 
   00647    0.3989  -12412.7023  0.6614 
   00648    0.4078  -12395.5650  0.6586 
   00649    0.4078  -12433.9138  0.6583 
   00650    0.4108  -12476.1547  0.6587 
   00651    0.4150  -12455.4117  0.6625 
   00652    0.4017  -12421.1121  0.6656 
   00653    0.3922  -12406.1615  0.6650 
   00654    0.4044  -12393.1632  0.6610 
   00655    0.4097  -12359.8337  0.6591 
   00656    0.4097  -12378.8477  0.6596 
   00657    0.4153  -12348.5017  0.6626 
   00658    0.4025  -12334.7620  0.6605 
   00659    0.4050  -12265.7897  0.6555 
   00660    0.4094  -12299.2569  0.6545 
   00661    0.4164  -12288.5203  0.6537 
   00662    0.4103  -12311.8263  0.6482 
   00663    0.4014  -12309.8824  0.6463 
   00664    0.4006  -12307.3939  0.6477 
   00665    0.4192  -12377.4085  0.6471 
   00666    0.4208  -12404.1167  0.6490 
   00667    0.4222  -12361.3236  0.6456 
   00668    0.4139  -12337.8201  0.6474 
   00669    0.4019  -12365.9681  0.6533 
   00670    0.4050  -12343.3035  0.6505 
   00671    0.4167  -12304.9977  0.6492 
   00672    0.4167  -12337.2779  0.6517 
   00673    0.4019  -12327.5834  0.6479 
   00674    0.4103  -12316.6287  0.6491 
   00675    0.4097  -12397.0927  0.6542 
   00676    0.3950  -12343.2540  0.6535 
   00677    0.4219  -12336.8323  0.6514 
   00678    0.4022  -12310.9755  0.6488 
   00679    0.4078  -12242.3561  0.6413 
   00680    0.4144  -12249.7617  0.6408 
   00681    0.4033  -12298.8963  0.6427 
   00682    0.4111  -12261.2877  0.6428 
   00683    0.4092  -12278.6086  0.6452 
   00684    0.4114  -12205.1760  0.6425 
   00685    0.4064  -12212.1828  0.6435 
   00686    0.4119  -12262.4138  0.6440 
   00687    0.4217  -12150.8282  0.6401 
   00688    0.3958  -12211.5923  0.6396 
   00689    0.4042  -12223.3947  0.6430 
   00690    0.4117  -12265.1182  0.6390 
   00691    0.4114  -12243.1857  0.6392 
   00692    0.4156  -12201.4469  0.6489 
   00693    0.4075  -12168.2761  0.6447 
   00694    0.4144  -12178.2970  0.6382 
   00695    0.4161  -12183.4937  0.6401 
   00696    0.4283  -12198.3665  0.6416 
   00697    0.4108  -12246.9250  0.6458 
   00698    0.3958  -12254.5990  0.6392 
   00699    0.4133  -12258.4954  0.6376 
   00700    0.4058  -12277.3751  0.6346 
   00701    0.4072  -12269.6335  0.6355 
   00702    0.4064  -12280.1634  0.6356 
   00703    0.4081  -12241.6385  0.6345 
   00704    0.4044  -12236.2729  0.6370 
   00705    0.4136  -12308.2825  0.6386 
   00706    0.4075  -12296.7522  0.6417 
   00707    0.4089  -12369.3664  0.6405 
   00708    0.4119  -12358.3324  0.6351 
   00709    0.4000  -12337.8103  0.6339 
   00710    0.4092  -12345.5336  0.6323 
   00711    0.4042  -12321.9087  0.6281 
   00712    0.4100  -12334.6815  0.6293 
   00713    0.4150  -12402.5626  0.6300 
   00714    0.3950  -12395.5145  0.6300 
   00715    0.4036  -12352.9646  0.6279 
   00716    0.4081  -12393.0992  0.6250 
   00717    0.4111  -12370.5309  0.6282 
   00718    0.4078  -12366.2483  0.6299 
   00719    0.4044  -12343.9360  0.6297 
   00720    0.3956  -12377.3567  0.6294 
   00721    0.4161  -12367.4360  0.6303 
   00722    0.4003  -12395.1159  0.6278 
   00723    0.4272  -12383.3735  0.6232 
   00724    0.4111  -12395.6252  0.6218 
   00725    0.4056  -12396.1372  0.6197 
   00726    0.4075  -12379.6760  0.6151 
   00727    0.3975  -12367.5314  0.6109 
   00728    0.3986  -12366.7725  0.6117 
   00729    0.3947  -12346.1538  0.6129 
   00730    0.4075  -12284.8170  0.6102 
   00731    0.4181  -12300.2202  0.6070 
   00732    0.4100  -12367.8449  0.6098 
   00733    0.4089  -12380.5086  0.6111 
   00734    0.3981  -12336.3478  0.6183 
   00735    0.4128  -12378.2244  0.6200 
   00736    0.3997  -12390.6159  0.6160 
   00737    0.3928  -12372.2067  0.6140 
   00738    0.3867  -12393.2134  0.6155 
   00739    0.4067  -12403.3087  0.6203 
   00740    0.4108  -12427.0372  0.6196 
   00741    0.4069  -12426.4897  0.6187 
   00742    0.4014  -12364.7673  0.6189 
   00743    0.4100  -12314.7649  0.6183 
   00744    0.4119  -12350.0237  0.6253 
   00745    0.4072  -12333.2493  0.6191 
   00746    0.4117  -12261.1035  0.6206 
   00747    0.4114  -12231.2409  0.6169 
   00748    0.4108  -12278.9209  0.6213 
   00749    0.4025  -12318.4706  0.6241 
   00750    0.4011  -12305.4459  0.6213 
   00751    0.4039  -12360.0077  0.6285 
   00752    0.3892  -12358.8890  0.6263 
   00753    0.4000  -12377.3201  0.6270 
   00754    0.4264  -12381.9900  0.6279 
   00755    0.4097  -12329.3693  0.6246 
   00756    0.4128  -12362.8261  0.6217 
   00757    0.4147  -12377.5397  0.6243 
   00758    0.4153  -12363.2285  0.6228 
   00759    0.3936  -12308.7037  0.6256 
   00760    0.4089  -12280.7351  0.6237 
   00761    0.4117  -12328.2110  0.6260 
   00762    0.4075  -12308.1378  0.6228 
   00763    0.4231  -12314.6795  0.6193 
   00764    0.4161  -12385.1075  0.6205 
   00765    0.4067  -12418.5808  0.6242 
   00766    0.4117  -12391.5749  0.6232 
   00767    0.4003  -12446.6676  0.6250 
   00768    0.4042  -12429.6987  0.6289 
   00769    0.4003  -12383.3292  0.6308 
   00770    0.4031  -12433.3324  0.6286 
   00771    0.4083  -12412.4403  0.6270 
   00772    0.4019  -12388.9382  0.6219 
   00773    0.4078  -12411.3872  0.6231 
   00774    0.4181  -12435.9017  0.6275 
   00775    0.4039  -12409.5402  0.6258 
   00776    0.4094  -12438.5364  0.6269 
   00777    0.4128  -12346.3943  0.6278 
   00778    0.4072  -12351.7508  0.6236 
   00779    0.4094  -12397.6830  0.6257 
   00780    0.4103  -12367.3274  0.6252 
   00781    0.4097  -12345.9838  0.6320 
   00782    0.4131  -12312.1445  0.6339 
   00783    0.4036  -12346.1909  0.6378 
   00784    0.4033  -12288.6665  0.6394 
   00785    0.4156  -12313.9253  0.6359 
   00786    0.4167  -12288.9390  0.6363 
   00787    0.4100  -12283.2274  0.6321 
   00788    0.4156  -12320.9078  0.6407 
   00789    0.4069  -12336.9641  0.6395 
   00790    0.4131  -12317.7943  0.6395 
   00791    0.4161  -12295.5845  0.6383 
   00792    0.4064  -12327.7425  0.6462 
   00793    0.4142  -12328.4869  0.6477 
   00794    0.4206  -12318.5947  0.6406 
   00795    0.3997  -12293.9697  0.6374 
   00796    0.4072  -12309.0276  0.6421 
   00797    0.4275  -12296.0546  0.6447 
   00798    0.4156  -12280.5488  0.6484 
   00799    0.4122  -12218.6219  0.6462 
   00800    0.4144  -12223.7275  0.6431 
   00801    0.4242  -12239.8342  0.6463 
   00802    0.4233  -12342.3738  0.6539 
   00803    0.4019  -12352.4073  0.6564 
   00804    0.3997  -12341.7376  0.6598 
   00805    0.4156  -12330.3128  0.6639 
   00806    0.4014  -12316.8947  0.6613 
   00807    0.4206  -12299.3113  0.6623 
   00808    0.4147  -12293.4221  0.6597 
   00809    0.4069  -12308.6691  0.6596 
   00810    0.3969  -12238.2021  0.6582 
   00811    0.4028  -12226.0857  0.6549 
   00812    0.4239  -12261.4287  0.6584 
   00813    0.4214  -12274.0345  0.6541 
   00814    0.4058  -12294.5818  0.6554 
   00815    0.4147  -12272.7313  0.6599 
   00816    0.4142  -12297.6844  0.6606 
   00817    0.4225  -12294.2320  0.6646 
   00818    0.4008  -12299.1394  0.6681 
   00819    0.4178  -12334.9217  0.6668 
   00820    0.4075  -12339.2426  0.6680 
   00821    0.4192  -12352.0949  0.6698 
   00822    0.3986  -12333.9979  0.6643 
   00823    0.4022  -12318.7239  0.6621 
   00824    0.4083  -12371.2558  0.6638 
   00825    0.4125  -12288.0520  0.6603 
   00826    0.4206  -12256.8928  0.6626 
   00827    0.4192  -12296.9570  0.6602 
   00828    0.4078  -12261.6876  0.6504 
   00829    0.4278  -12223.6704  0.6456 
   00830    0.4050  -12267.6700  0.6467 
   00831    0.4153  -12271.9003  0.6497 
   00832    0.4147  -12265.9618  0.6532 
   00833    0.4125  -12277.8363  0.6513 
   00834    0.4128  -12322.9784  0.6594 
   00835    0.4292  -12356.6229  0.6663 
   00836    0.3994  -12317.7410  0.6662 
   00837    0.3994  -12350.9970  0.6682 
   00838    0.4044  -12360.9207  0.6633 
   00839    0.4103  -12361.6884  0.6682 
   00840    0.4217  -12316.1009  0.6662 
   00841    0.4161  -12325.0597  0.6632 
   00842    0.4133  -12349.5967  0.6614 
   00843    0.4028  -12286.3069  0.6572 
   00844    0.4153  -12309.3267  0.6561 
   00845    0.4144  -12310.8949  0.6551 
   00846    0.4069  -12352.9851  0.6589 
   00847    0.4081  -12303.7765  0.6576 
   00848    0.4206  -12290.7110  0.6560 
   00849    0.4092  -12348.9710  0.6585 
   00850    0.4297  -12377.1559  0.6598 
   00851    0.4044  -12339.0019  0.6568 
   00852    0.4178  -12342.4789  0.6565 
   00853    0.4039  -12356.3939  0.6524 
   00854    0.3992  -12349.5907  0.6530 
   00855    0.4061  -12329.8210  0.6525 
   00856    0.4186  -12340.1556  0.6518 
   00857    0.4106  -12357.5900  0.6506 
   00858    0.3997  -12314.7174  0.6504 
   00859    0.4114  -12348.2740  0.6529 
   00860    0.4161  -12368.0614  0.6529 
   00861    0.4069  -12332.4672  0.6543 
   00862    0.4133  -12328.6404  0.6547 
   00863    0.4017  -12293.1171  0.6522 
   00864    0.4122  -12324.7152  0.6505 
   00865    0.4128  -12404.7252  0.6482 
   00866    0.4142  -12374.7615  0.6474 
   00867    0.4175  -12353.0719  0.6509 
   00868    0.4086  -12357.6144  0.6556 
   00869    0.4183  -12386.5395  0.6592 
   00870    0.4044  -12362.3784  0.6602 
   00871    0.4092  -12359.6215  0.6584 
   00872    0.4100  -12342.5309  0.6619 
   00873    0.4142  -12300.3384  0.6647 
   00874    0.4183  -12337.7854  0.6678 
   00875    0.4061  -12393.6009  0.6723 
   00876    0.4025  -12395.8232  0.6749 
   00877    0.4144  -12390.2544  0.6751 
   00878    0.4078  -12317.8801  0.6759 
   00879    0.4178  -12272.0148  0.6722 
   00880    0.4150  -12315.1805  0.6766 
   00881    0.3958  -12306.6768  0.6768 
   00882    0.4114  -12354.1167  0.6788 
   00883    0.4133  -12392.2445  0.6804 
   00884    0.4103  -12350.4428  0.6807 
   00885    0.4067  -12320.5880  0.6822 
   00886    0.4103  -12311.8456  0.6790 
   00887    0.3931  -12311.5697  0.6813 
   00888    0.4153  -12357.0419  0.6819 
   00889    0.4044  -12309.8667  0.6819 
   00890    0.4089  -12303.3892  0.6766 
   00891    0.4142  -12340.8671  0.6780 
   00892    0.4139  -12372.1025  0.6742 
   00893    0.3961  -12364.5061  0.6725 
   00894    0.4133  -12301.2295  0.6761 
   00895    0.4100  -12313.3297  0.6698 
   00896    0.4117  -12299.8466  0.6707 
   00897    0.4056  -12316.6665  0.6752 
   00898    0.4044  -12296.3462  0.6787 
   00899    0.4258  -12263.5676  0.6731 
   00900    0.4042  -12321.2162  0.6836 
   00901    0.4067  -12327.6577  0.6850 
   00902    0.4211  -12341.5808  0.6869 
   00903    0.4011  -12319.8123  0.6949 
   00904    0.4028  -12337.0672  0.6933 
   00905    0.4122  -12306.7929  0.6943 
   00906    0.3942  -12270.1118  0.6943 
   00907    0.4211  -12341.5870  0.6922 
   00908    0.4136  -12366.7790  0.6897 
   00909    0.3894  -12347.0571  0.6925 
   00910    0.4033  -12406.5781  0.6935 
   00911    0.4086  -12368.0037  0.6942 
   00912    0.4086  -12336.7444  0.6927 
   00913    0.4053  -12311.5067  0.6932 
   00914    0.4108  -12408.3442  0.6920 
   00915    0.3994  -12446.4916  0.6937 
   00916    0.4053  -12396.3065  0.6868 
   00917    0.4094  -12317.5970  0.6832 
   00918    0.4125  -12394.1046  0.6887 
   00919    0.4061  -12290.1500  0.6830 
   00920    0.4208  -12289.3455  0.6883 
   00921    0.4106  -12284.2333  0.6869 
   00922    0.4011  -12269.1097  0.6877 
   00923    0.4036  -12315.7775  0.6868 
   00924    0.3975  -12312.4467  0.6880 
   00925    0.4136  -12319.7932  0.6872 
   00926    0.4064  -12350.1375  0.6827 
   00927    0.4172  -12302.5712  0.6855 
   00928    0.3997  -12312.3471  0.6828 
   00929    0.4125  -12338.0739  0.6840 
   00930    0.3997  -12339.9947  0.6807 
   00931    0.3972  -12300.7490  0.6804 
   00932    0.4017  -12336.5848  0.6783 
   00933    0.3983  -12307.9976  0.6796 
   00934    0.4122  -12350.9157  0.6817 
   00935    0.4114  -12374.8294  0.6824 
   00936    0.4064  -12388.9753  0.6802 
   00937    0.4075  -12373.3747  0.6777 
   00938    0.4022  -12374.2268  0.6757 
   00939    0.4222  -12293.4930  0.6757 
   00940    0.4111  -12346.4319  0.6804 
   00941    0.4050  -12360.2474  0.6815 
   00942    0.4103  -12302.7712  0.6826 
   00943    0.4158  -12373.0090  0.6848 
   00944    0.4175  -12391.5954  0.6899 
   00945    0.3986  -12387.5925  0.6916 
   00946    0.3997  -12349.8889  0.6906 
   00947    0.4111  -12339.3800  0.6882 
   00948    0.4119  -12345.0136  0.6857 
   00949    0.4131  -12317.1595  0.6834 
   00950    0.4083  -12316.8926  0.6834 
   00951    0.4122  -12342.2794  0.6836 
   00952    0.4128  -12366.2865  0.6845 
   00953    0.4083  -12331.6848  0.6875 
   00954    0.4114  -12314.3689  0.6868 
   00955    0.4297  -12394.1213  0.6925 
   00956    0.4078  -12415.9225  0.6940 
   00957    0.4053  -12399.5325  0.6920 
   00958    0.3961  -12398.5153  0.6910 
   00959    0.4019  -12368.1506  0.6906 
   00960    0.3922  -12385.7340  0.6881 
   00961    0.4114  -12396.0430  0.6926 
   00962    0.4111  -12356.6189  0.6881 
   00963    0.4017  -12345.0718  0.6881 
   00964    0.4000  -12294.0967  0.6823 
   00965    0.4017  -12275.2179  0.6807 
   00966    0.4097  -12320.2414  0.6870 
   00967    0.4006  -12321.7125  0.6868 
   00968    0.3986  -12384.4124  0.6831 
   00969    0.4056  -12372.3764  0.6811 
   00970    0.4242  -12386.8186  0.6835 
   00971    0.3992  -12380.2087  0.6851 
   00972    0.4064  -12331.5340  0.6858 
   00973    0.4158  -12322.8159  0.6835 
   00974    0.3997  -12287.3165  0.6838 
   00975    0.4111  -12335.2466  0.6869 
   00976    0.4003  -12309.9099  0.6854 
   00977    0.3983  -12275.1989  0.6888 
   00978    0.4014  -12231.1364  0.6867 
   00979    0.4194  -12278.7113  0.6913 
   00980    0.4092  -12246.1853  0.6889 
   00981    0.3983  -12257.9705  0.6918 
   00982    0.4097  -12278.1611  0.6951 
   00983    0.4203  -12219.8134  0.6971 
   00984    0.4161  -12279.0815  0.7013 
   00985    0.4144  -12272.9209  0.7006 
   00986    0.3956  -12359.2587  0.7029 
   00987    0.4011  -12268.1525  0.6983 
   00988    0.4211  -12321.1105  0.6999 
   00989    0.4256  -12284.5663  0.6952 
   00990    0.4069  -12294.2690  0.6949 
   00991    0.4011  -12268.6666  0.6963 
   00992    0.4061  -12266.0898  0.6994 
   00993    0.4197  -12227.6757  0.7008 
   00994    0.4022  -12255.7254  0.7008 
   00995    0.4211  -12243.1925  0.6970 
   00996    0.4097  -12239.1882  0.6921 
   00997    0.3956  -12247.4946  0.6982 
   00998    0.4064  -12249.0830  0.6999 
   00999    0.3956  -12315.3032  0.7032 
   01000    0.4117  -12322.6847  0.7056 
