#=====================================================
# File created:        Wed-26-Feb-2025-at-04-22-25AM
# Size of lattice:     60x60
# Number of MC steps:  1000
# Reduced temperature: 0.500
# Run time (s):        3.226458
#=====================================================
# MC step:  Ratio:     Energy:   Order:
#=====================================================
   00000    0.5000   -3621.6507  0.1575 
   00001    0.7047   -5710.6077  0.1483 
   00002    0.6272   -6912.1702  0.1581 
   00003    0.5764   -7697.2755  0.1142 
   00004    0.5497   -8312.9787  0.1686 
   00005    0.5342   -8738.6560  0.1590 
   00006    0.5139   -9166.3669  0.1067 
   00007    0.5047   -9404.3705  0.1621 
   00008    0.4867   -9727.4818  0.1444 
   00009    0.4842  -10001.8901  0.1647 
   00010    0.4742  -10195.7676  0.1571 
   00011    0.4669  -10317.1431  0.1009 
   00012    0.4636  -10469.0585  0.1566 
   00013    0.4600  -10558.5361  0.1451 
   00014    0.4631  -10710.3095  0.1678 
   00015    0.4469  -10816.0219  0.1371 
   00016    0.4506  -10927.9447  0.1439 
   00017    0.4394  -11016.1848  0.1668 
   00018    0.4542  -11083.9906  0.1270 
   00019    0.4489  -11125.6216  0.1450 
   00020    0.4383  -11214.7105  0.1587 
   00021    0.4306  -11259.6699  0.1405 
   00022    0.4358  -11380.7835  0.1911 
   00023    0.4222  -11412.4045  0.1992 
   00024    0.4306  -11439.6597  0.2039 
   00025    0.4414  -11464.8385  0.1857 
   00026    0.4308  -11567.1024  0.1345 
   00027    0.4350  -11564.2860  0.1161 
   00028    0.4369  -11566.4018  0.1356 
   00029    0.4247  -11677.1255  0.1990 
   00030    0.4281  -11659.6093  0.1632 
   00031    0.4283  -11686.6239  0.1915 
   00032    0.4342  -11725.3228  0.2028 
   00033    0.4089  -11726.0892  0.1810 
   00034    0.4272  -11742.5730  0.1280 
   00035    0.4186  -11701.1657  0.1141 
   00036    0.4222  -11723.0649  0.1863 
   00037    0.4178  -11754.9298  0.2031 
   00038    0.4358  -11799.3599  0.1502 
   00039    0.4078  -11798.7926  0.1977 
   00040    0.4147  -11739.4044  0.1780 
   00041    0.4350  -11724.6500  0.1822 
   00042    0.4158  -11685.4860  0.1733 
   00043    0.4250  -11728.3575  0.1460 
   00044    0.4261  -11773.9479  0.1652 
   00045    0.4164  -11859.6830  0.1887 
   00046    0.4308  -11819.4720  0.1923 
   00047    0.4253  -11849.5642  0.1731 
   00048    0.4261  -11847.0325  0.1829 
   00049    0.4164  -11870.9397  0.1647 
   00050    0.4242  -11856.4789  0.1277 
   00051    0.4250  -11889.7825  0.1821 
   00052    0.4219  -11943.4881  0.2046 
   00053    0.4156  -11898.6190  0.2160 
   00054    0.4339  -11932.2631  0.1833 
   00055    0.4189  -11912.3986  0.1775 
   00056    0.4167  -11910.4352  0.1750 
   00057    0.4189  -11899.5254  0.1810 
   00058    0.4306  -11947.2604  0.1622 
   00059    0.4133  -11969.4741  0.1835 
   00060    0.4169  -11991.4022  0.1857 
   00061    0.4117  -12016.6889  0.1868 
   00062    0.3911  -11968.7315  0.1168 
   00063    0.4233  -12001.4404  0.1101 
   00064    0.4031  -12006.6942  0.1558 
   00065    0.4242  -11986.5543  0.1592 
   00066    0.4283  -11994.0547  0.1813 
   00067    0.4253  -11980.9312  0.1847 
   00068    0.4164  -11998.9331  0.2040 
   00069    0.4300  -11957.5306  0.1878 
   00070    0.4114  -11987.4251  0.1681 
   00071    0.4311  -11997.3922  0.1757 
   00072    0.4258  -11929.4691  0.1741 
   00073    0.4275  -11961.1271  0.1665 
   00074    0.4036  -11954.5853  0.1801 
   00075    0.4092  -11944.6606  0.1107 
   00076    0.4200  -11905.9874  0.1280 
   00077    0.4081  -11898.8360  0.1462 
   00078    0.4133  -11879.6285  0.1489 
   00079    0.4300  -11893.6833  0.1813 
   00080    0.4139  -11929.8767  0.1620 
   00081    0.4197  -12007.4853  0.1396 
   00082    0.4261  -11970.4628  0.1248 
   00083    0.4322  -11976.8853  0.1332 
   00084    0.4314  -11963.1758  0.1062 
   00085    0.4206  -12001.4916  0.1758 
   00086    0.4128  -11984.2293  0.1739 
   00087    0.4103  -11911.8682  0.1639 
   00088    0.4244  -11998.4318  0.1604 
   00089    0.4203  -11966.4206  0.1579 
   00090    0.4219  -12004.3634  0.1743 
   00091    0.4317  -12043.1252  0.1683 
   00092    0.4014  -11976.4413  0.1717 
   00093    0.4322  -12012.7691  0.1637 
   00094    0.4117  -12056.4437  0.1730 
   00095    0.4231  -12054.8825  0.1463 
   00096    0.4333  -11976.7669  0.1033 
   00097    0.4086  -11962.7094  0.1356 
   00098    0.4042  -11963.8242  0.1384 
   00099    0.4236  -11949.0894  0.1737 
   00100    0.4042  -11991.1173  0.1797 
   00101    0.4197  -11975.6764  0.1639 
   00102    0.4003  -12010.4167  0.1342 
   00103    0.4028  -12007.5065  0.1687 
   00104    0.4153  -12006.2249  0.1572 
   00105    0.4133  -11980.6758  0.1399 
   00106    0.4219  -12031.4164  0.1365 
   00107    0.4178  -11969.6996  0.1661 
   00108    0.4372  -11963.6884  0.1443 
   00109    0.4236  -12045.8404  0.1523 
   00110    0.4131  -11953.6272  0.0977 
   00111    0.4153  -12037.2121  0.1139 
   00112    0.3972  -12094.1633  0.0886 
   00113    0.4239  -12089.5469  0.1202 
   00114    0.4167  -12048.4323  0.1124 
   00115    0.4286  -12047.9663  0.1640 
   00116    0.4114  -12051.0111  0.1155 
   00117    0.4247  -12027.4034  0.1337 
   00118    0.4117  -12062.0873  0.1224 
   00119    0.4189  -12134.3258  0.1618 
   00120    0.4044  -12130.7259  0.1225 
   00121    0.4042  -12174.9124  0.1806 
   00122    0.4044  -12105.7853  0.1270 
   00123    0.4108  -12074.0214  0.1369 
   00124    0.4114  -12142.5995  0.1831 
   00125    0.4189  -12135.3392  0.2169 
   00126    0.4153  -12008.8299  0.1804 
   00127    0.4150  -12054.4526  0.1977 
   00128    0.4075  -12094.9377  0.2040 
   00129    0.4100  -12060.6716  0.1630 
   00130    0.4186  -12011.2536  0.1713 
   00131    0.4175  -11986.9556  0.1383 
   00132    0.4211  -12053.0430  0.1531 
   00133    0.4122  -12060.9321  0.1235 
   00134    0.4192  -12104.1053  0.1402 
   00135    0.4036  -12094.1231  0.1550 
   00136    0.4106  -12057.9121  0.1391 
   00137    0.4206  -12045.7539  0.1936 
   00138    0.4325  -12082.8899  0.1462 
   00139    0.4233  -12112.5015  0.1255 
   00140    0.4044  -12166.6798  0.1688 
   00141    0.4139  -12161.4855  0.1920 
   00142    0.4189  -12181.0857  0.1177 
   00143    0.4086  -12121.6442  0.1634 
   00144    0.4217  -12121.5432  0.1312 
   00145    0.4322  -12105.5765  0.1378 
   00146    0.4306  -12147.0106  0.1821 
   00147    0.4192  -12111.3159  0.1686 
   00148    0.4086  -12118.3535  0.1668 
   00149    0.4142  -12052.0836  0.1591 
   00150    0.4119  -12101.1633  0.1675 
   00151    0.4236  -12076.8361  0.1271 
   00152    0.4139  -12139.2444  0.1423 
   00153    0.4078  -12149.2942  0.1977 
   00154    0.4081  -12139.2545  0.1990 
   00155    0.3944  -12112.7811  0.1273 
   00156    0.4231  -12115.5066  0.1677 
   00157    0.4211  -12158.3742  0.1290 
   00158    0.4117  -12065.7393  0.1355 
   00159    0.4228  -12127.9891  0.1750 
   00160    0.4136  -12109.3895  0.1320 
   00161    0.4144  -12080.5400  0.1627 
   00162    0.3981  -12095.6872  0.1690 
   00163    0.4125  -12142.6945  0.1937 
   00164    0.4072  -12070.0178  0.1536 
   00165    0.4197  -12059.8004  0.1878 
   00166    0.4056  -12093.5772  0.1925 
   00167    0.4278  -12096.9497  0.1420 
   00168    0.4089  -12106.3913  0.1942 
   00169    0.4181  -12123.4814  0.2025 
   00170    0.4250  -12137.3827  0.1920 
   00171    0.4067  -12153.6883  0.1750 
   00172    0.4192  -12150.9473  0.1984 
   00173    0.4061  -12151.9103  0.2013 
   00174    0.4042  -12167.4497  0.1914 
   00175    0.4175  -12195.8659  0.2229 
   00176    0.4111  -12160.2978  0.2074 
   00177    0.4153  -12179.6222  0.2233 
   00178    0.4056  -12157.5110  0.2228 
   00179    0.4203  -12095.9588  0.2095 
   00180    0.4175  -12111.0034  0.1969 
   00181    0.4206  -12107.1824  0.2129 
   00182    0.4125  -12133.7899  0.2098 
   00183    0.4083  -12139.5987  0.2161 
   00184    0.3889  -12163.0058  0.2345 
   00185    0.4142  -12147.7419  0.2069 
   00186    0.4097  -12153.3910  0.1833 
   00187    0.4106  -12174.0088  0.2166 
   00188    0.4075  -12124.9355  0.2234 
   00189    0.4122  -12126.9321  0.1799 
   00190    0.4172  -12100.9088  0.1960 
   00191    0.4167  -12095.8164  0.1727 
   00192    0.4244  -12133.1371  0.1128 
   00193    0.4033  -12121.1430  0.1761 
   00194    0.4003  -12061.1693  0.2152 
   00195    0.4233  -12100.9985  0.2006 
   00196    0.4169  -12114.4256  0.1762 
   00197    0.4225  -12038.6227  0.1750 
   00198    0.4186  -12124.1637  0.1816 
   00199    0.3992  -12168.4919  0.1760 
   00200    0.4275  -12123.2460  0.1680 
   00201    0.4172  -12145.2386  0.1685 
   00202    0.4153  -12133.8972  0.1843 
   00203    0.4114  -12123.5823  0.1975 
   00204    0.4106  -12163.5012  0.1333 
   00205    0.4133  -12226.7185  0.1333 
   00206    0.4042  -12193.1942  0.1779 
   00207    0.4186  -12116.3865  0.1682 
   00208    0.4150  -12127.1251  0.1443 
   00209    0.4114  -12188.1128  0.1791 
   00210    0.4172  -12188.9221  0.2036 
   00211    0.3992  -12172.7036  0.2126 
   00212    0.4131  -12203.9445  0.1881 
   00213    0.4064  -12234.8040  0.1339 
   00214    0.3953  -12242.8241  0.1278 
   00215    0.4017  -12156.1837  0.2149 
   00216    0.4017  -12111.7341  0.2040 
   00217    0.4228  -12159.1002  0.1137 
   00218    0.4206  -12193.2863  0.1831 
   00219    0.4183  -12182.5926  0.1907 
   00220    0.4150  -12217.9023  0.1817 
   00221    0.4161  -12196.5520  0.1470 
   00222    0.4072  -12179.0544  0.1348 
   00223    0.4269  -12162.1567  0.1721 
   00224    0.4114  -12151.2959  0.1833 
   00225    0.4056  -12114.1993  0.2122 
   00226    0.4156  -12081.8598  0.2253 
   00227    0.4278  -12053.8993  0.1916 
   00228    0.4064  -12119.2853  0.2132 
   00229    0.4181  -12127.8304  0.1495 
   00230    0.4069  -12137.0607  0.1654 
   00231    0.4169  -12077.3965  0.2135 
   00232    0.4047  -12102.0159  0.2146 
   00233    0.4128  -12073.7702  0.2270 
   00234    0.4092  -12120.3192  0.2183 
   00235    0.4106  -12148.0061  0.2265 
   00236    0.4278  -12101.3078  0.2323 
   00237    0.4200  -12083.8780  0.2180 
   00238    0.4064  -12080.6533  0.1974 
   00239    0.4236  -12079.6807  0.1929 
   00240    0.4331  -12040.2140  0.2123 
   00241    0.4250  -12076.7105  0.2179 
   00242    0.4100  -12142.9969  0.2313 
   00243    0.4108  -12146.7607  0.2204 
   00244    0.4103  -12173.5386  0.2193 
   00245    0.4133  -12174.7007  0.2057 
   00246    0.4206  -12104.8265  0.2146 
   00247    0.4047  -12091.4792  0.1957 
   00248    0.4031  -12200.9221  0.2215 
   00249    0.4058  -12175.0968  0.1722 
   00250    0.3964  -12122.8019  0.1617 
   00251    0.4156  -12078.6864  0.2275 
   00252    0.3933  -12101.0038  0.2080 
   00253    0.4328  -12073.5276  0.2265 
   00254    0.4053  -12145.8863  0.1790 
   00255    0.4150  -12108.5661  0.1523 
   00256    0.4197  -12148.5513  0.2197 
   00257    0.4119  -12108.5054  0.2090 
   00258    0.4025  -12116.4109  0.1620 
   00259    0.4061  -12195.8150  0.2034 
   00260    0.4044  -12206.0286  0.2041 
   00261    0.4108  -12205.8607  0.1507 
   00262    0.4236  -12245.0353  0.1388 
   00263    0.4117  -12243.6849  0.2045 
   00264    0.4189  -12274.1329  0.1380 
   00265    0.4103  -12205.8527  0.2058 
   00266    0.4058  -12204.5306  0.1650 
   00267    0.4081  -12204.5513  0.2011 
   00268    0.4117  -12208.6434  0.2128 
   00269    0.4147  -12217.2736  0.2163 
   00270    0.4231  -12159.6555  0.2103 
   00271    0.3958  -12178.1906  0.2062 
   00272    0.4144  -12181.6898  0.2123 
   00273    0.4136  -12175.2520  0.1921 
   00274    0.4194  -12191.5055  0.1586 
   00275    0.4236  -12221.7476  0.2143 
   00276    0.4072  -12159.8984  0.1580 
   00277    0.4222  -12144.1788  0.1875 
   00278    0.4192  -12143.6763  0.2027 
   00279    0.4256  -12163.1298  0.2102 
   00280    0.3994  -12200.2158  0.2042 
   00281    0.4000  -12207.3175  0.2016 
   00282    0.4064  -12211.2714  0.1901 
   00283    0.4214  -12198.3443  0.1922 
   00284    0.4244  -12237.8898  0.1613 
   00285    0.4114  -12176.0643  0.2163 
   00286    0.4133  -12214.3725  0.2167 
   00287    0.4192  -12261.3755  0.2014 
   00288    0.4114  -12219.7960  0.1668 
   00289    0.4289  -12290.9365  0.2054 
   00290    0.4089  -12235.3613  0.2264 
   00291    0.4183  -12235.5363  0.2214 
   00292    0.4031  -12183.8906  0.2246 
   00293    0.4133  -12225.5181  0.2273 
   00294    0.4131  -12153.9097  0.2553 
   00295    0.4125  -12151.6249  0.2412 
   00296    0.4281  -12192.5415  0.2272 
   00297    0.4192  -12121.2388  0.2412 
   00298    0.4236  -12130.0489  0.1748 
   00299    0.4036  -12146.8254  0.2049 
   00300    0.4222  -12186.6247  0.1999 
   00301    0.4161  -12170.0846  0.1738 
   00302    0.4133  -12231.7098  0.2063 
   00303    0.4022  -12195.2298  0.2174 
   00304    0.4017  -12177.1729  0.2169 
   00305    0.4044  -12181.1369  0.2130 
   00306    0.4019  -12214.8810  0.2233 
   00307    0.4158  -12181.0805  0.2249 
   00308    0.4139  -12142.9125  0.1578 
   00309    0.4025  -12194.1929  0.1332 
   00310    0.4081  -12166.4240  0.1998 
   00311    0.4147  -12198.2057  0.2096 
   00312    0.4161  -12140.2070  0.2124 
   00313    0.4158  -12224.2908  0.2167 
   00314    0.4203  -12210.1776  0.1386 
   00315    0.4122  -12206.9120  0.1591 
   00316    0.4036  -12189.6853  0.1384 
   00317    0.4033  -12244.3798  0.1368 
   00318    0.4022  -12254.5584  0.1488 
   00319    0.4133  -12304.7783  0.1952 
   00320    0.4100  -12300.4488  0.1990 
   00321    0.4222  -12272.6723  0.1992 
   00322    0.4128  -12163.6577  0.1385 
   00323    0.4000  -12176.7954  0.1687 
   00324    0.3975  -12216.1992  0.1436 
   00325    0.4244  -12195.3105  0.1341 
   00326    0.3900  -12200.7126  0.1830 
   00327    0.4225  -12187.8741  0.1942 
   00328    0.4078  -12177.4569  0.1203 
   00329    0.4225  -12167.9799  0.1230 
   00330    0.4183  -12170.5217  0.1610 
   00331    0.4106  -12177.3519  0.2105 
   00332    0.4119  -12139.4390  0.1936 
   00333    0.4125  -12123.4679  0.1839 
   00334    0.4092  -12133.8040  0.1662 
   00335    0.4119  -12171.7368  0.1866 
   00336    0.4083  -12170.3033  0.1854 
   00337    0.4069  -12096.6935  0.1274 
   00338    0.4169  -12101.1685  0.1334 
   00339    0.4111  -12099.6174  0.1727 
   00340    0.4039  -12150.5235  0.1578 
   00341    0.4150  -12181.9324  0.1658 
   00342    0.4144  -12165.9191  0.1688 
   00343    0.4128  -12202.3236  0.1186 
   00344    0.4014  -12140.4331  0.1235 
   00345    0.3900  -12164.3101  0.1155 
   00346    0.4064  -12185.2884  0.1562 
   00347    0.4267  -12197.9447  0.1769 
   00348    0.3986  -12238.9093  0.1771 
   00349    0.4150  -12246.7168  0.2062 
   00350    0.4233  -12249.0291  0.2018 
   00351    0.4128  -12189.8035  0.1395 
   00352    0.4028  -12153.3532  0.1460 
   00353    0.4056  -12221.9017  0.1394 
   00354    0.4136  -12253.5329  0.1552 
   00355    0.4100  -12230.9052  0.1676 
   00356    0.4128  -12238.2386  0.1784 
   00357    0.4161  -12247.9877  0.1903 
   00358    0.4064  -12262.9704  0.1310 
   00359    0.4067  -12290.3843  0.1912 
   00360    0.4156  -12306.8886  0.1776 
   00361    0.3953  -12257.1926  0.1795 
   00362    0.4147  -12207.5463  0.2047 
   00363    0.4156  -12244.4941  0.1290 
   00364    0.3928  -12187.2023  0.1719 
   00365    0.4008  -12221.9819  0.1802 
   00366    0.3986  -12213.4700  0.1912 
   00367    0.4058  -12238.1355  0.2087 
   00368    0.4142  -12215.8238  0.1763 
   00369    0.4208  -12257.8925  0.1831 
   00370    0.4083  -12240.9201  0.1383 
   00371    0.4042  -12255.4470  0.1522 
   00372    0.4114  -12272.1968  0.1353 
   00373    0.4117  -12240.1312  0.1805 
   00374    0.4136  -12208.9483  0.1406 
   00375    0.4100  -12201.5652  0.1828 
   00376    0.4069  -12168.8541  0.1502 
   00377    0.4069  -12207.8614  0.1656 
   00378    0.4025  -12255.6672  0.1958 
   00379    0.4064  -12184.2176  0.1835 
   00380    0.4086  -12130.6520  0.1650 
   00381    0.4181  -12177.5678  0.1332 
   00382    0.4097  -12153.6002  0.1232 
   00383    0.4225  -12151.6365  0.2027 
   00384    0.4214  -12104.8154  0.1495 
   00385    0.4217  -12140.1973  0.2144 
   00386    0.4144  -12071.1200  0.1966 
   00387    0.4150  -12130.2507  0.2042 
   00388    0.4203  -12127.6307  0.1798 
   00389    0.4111  -12192.9519  0.2123 
   00390    0.4217  -12240.8588  0.2152 
   00391    0.4094  -12222.6788  0.2121 
   00392    0.4072  -12227.6078  0.2199 
   00393    0.4000  -12260.2117  0.2034 
   00394    0.4117  -12257.6652  0.2123 
   00395    0.4275  -12292.3426  0.1761 
   00396    0.4108  -12253.3583  0.2090 
   00397    0.4089  -12234.8730  0.1990 
   00398    0.4128  -12197.2027  0.1546 
   00399    0.4156  -12256.6259  0.1729 
   00400    0.4067  -12290.0020  0.2069 
   00401    0.4050  -12265.6136  0.1986 
   00402    0.3986  -12267.2606  0.1471 
   00403    0.4150  -12267.4705  0.1961 
   00404    0.4025  -12172.6262  0.1981 
   00405    0.4269  -12116.0603  0.2034 
   00406    0.4097  -12116.9566  0.1922 
   00407    0.4058  -12163.7247  0.2022 
   00408    0.4183  -12174.9192  0.1502 
   00409    0.4114  -12251.6654  0.1278 
   00410    0.4172  -12233.5812  0.1949 
   00411    0.4100  -12192.2459  0.2121 
   00412    0.4192  -12167.0404  0.1412 
   00413    0.4161  -12095.3849  0.1455 
   00414    0.4244  -12096.1038  0.1287 
   00415    0.4217  -12113.0056  0.1873 
   00416    0.4314  -12123.4170  0.2092 
   00417    0.4158  -12159.6518  0.1313 
   00418    0.4194  -12204.5089  0.1802 
   00419    0.4103  -12196.7218  0.1421 
   00420    0.4114  -12165.7536  0.1780 
   00421    0.4169  -12178.4927  0.1903 
   00422    0.4186  -12172.2610  0.2029 
   00423    0.4122  -12176.6306  0.1610 
   00424    0.4264  -12173.3707  0.1514 
   00425    0.4008  -12182.6141  0.1521 
   00426    0.4119  -12179.5825  0.1274 
   00427    0.4147  -12094.1395  0.1811 
   00428    0.4228  -12105.5474  0.1516 
   00429    0.4169  -12094.3778  0.1668 
   00430    0.3925  -12159.3231  0.1531 
   00431    0.4186  -12208.4265  0.1400 
   00432    0.4117  -12193.8991  0.2374 
   00433    0.4086  -12182.7653  0.2128 
   00434    0.3975  -12132.0479  0.1800 
   00435    0.4061  -12110.4505  0.1794 
   00436    0.4031  -12188.5387  0.2135 
   00437    0.4153  -12164.7715  0.1213 
   00438    0.4153  -12185.6366  0.1364 
   00439    0.4228  -12157.1267  0.2218 
   00440    0.4142  -12206.0331  0.1161 
   00441    0.4069  -12197.2386  0.2339 
   00442    0.4206  -12146.2781  0.2384 
   00443    0.3972  -12158.6643  0.2169 
   00444    0.3994  -12157.6836  0.2263 
   00445    0.4161  -12165.6147  0.2135 
   00446    0.4086  -12200.7075  0.2164 
   00447    0.4150  -12180.8516  0.2186 
   00448    0.4069  -12174.7228  0.2315 
   00449    0.4031  -12216.1409  0.2315 
   00450    0.4014  -12159.9092  0.2310 
   00451    0.4328  -12092.4024  0.2154 
   00452    0.4158  -12073.1630  0.2221 
   00453    0.4222  -12110.4193  0.2242 
   00454    0.4103  -12147.4022  0.1747 
   00455    0.4022  -12187.8477  0.2231 
   00456    0.4111  -12169.0385  0.1869 
   00457    0.4114  -12165.4376  0.2400 
   00458    0.4089  -12200.3594  0.2121 
   00459    0.4147  -12218.5709  0.2233 
   00460    0.4092  -12248.3030  0.2122 
   00461    0.4108  -12193.2182  0.2451 
   00462    0.4133  -12147.8022  0.1390 
   00463    0.4142  -12147.6149  0.2257 
   00464    0.3992  -12161.6393  0.2339 
   00465    0.4264  -12217.5640  0.2251 
   00466    0.4208  -12222.9331  0.2418 
   00467    0.4136  -12238.9194  0.2340 
   00468    0.4017  -12177.3402  0.1885 
   00469    0.4236  -12194.4166  0.1555 
   00470    0.4089  -12249.8564  0.1392 
   00471    0.4200  -12197.8724  0.1860 
   00472    0.4311  -12187.0316  0.2348 
   00473    0.4097  -12162.7190  0.1857 
   00474    0.4053  -12161.7597  0.2021 
   00475    0.4078  -12169.6200  0.2475 
   00476    0.4067  -12204.5545  0.1965 
   00477    0.4231  -12202.9612  0.2377 
   00478    0.4081  -12179.2095  0.2309 
   00479    0.4014  -12183.9646  0.1747 
   00480    0.4119  -12159.3281  0.1992 
   00481    0.4025  -12206.3198  0.2341 
   00482    0.4181  -12219.5484  0.1767 
   00483    0.4064  -12209.0564  0.1935 
   00484    0.4011  -12221.6574  0.1940 
   00485    0.4033  -12225.3758  0.1818 
   00486    0.4114  -12249.7873  0.1718 
   00487    0.4067  -12259.8121  0.2113 
   00488    0.4186  -12271.4608  0.1862 
   00489    0.4092  -12308.9858  0.1676 
   00490    0.4139  -12254.7680  0.1339 
   00491    0.4233  -12215.9958  0.2289 
   00492    0.4117  -12157.9423  0.2205 
   00493    0.4097  -12209.1825  0.2004 
   00494    0.4036  -12221.1871  0.1676 
   00495    0.4283  -12209.9146  0.2119 
   00496    0.4114  -12219.5716  0.1768 
   00497    0.4206  -12198.7702  0.2399 
   00498    0.4081  -12185.5289  0.2282 
   00499    0.4197  -12201.2587  0.2089 
   00500    0.4167  -12198.6147  0.2333 
   00501    0.4178  -12198.5934  0.2190 
   00502    0.4169  -12186.6323  0.2299 
   00503    0.4103  -12226.7327  0.2272 
   00504    0.4114  -12190.1677  0.2454 
   00505    0.4247  -12200.6445  0.2358 
   00506    0.3997  -12244.2399  0.2192 
   00507    0.4086  -12232.2625  0.2447 
   00508    0.4183  -12219.9764  0.2334 
   00509    0.4161  -12241.4888  0.1722 
   00510    0.4206  -12197.4430  0.1740 
   00511    0.4178  -12211.0611  0.2172 
   00512    0.3956  -12228.5104  0.1558 
   00513    0.4092  -12167.9854  0.1886 
   00514    0.4136  -12205.1605  0.2461 
   00515    0.4069  -12201.5586  0.1684 
   00516    0.4100  -12219.8159  0.1899 
   00517    0.4092  -12235.5472  0.2223 
   00518    0.4028  -12214.6311  0.1785 
   00519    0.4072  -12164.9096  0.2098 
   00520    0.4133  -12181.0158  0.2309 
   00521    0.4131  -12186.4118  0.1664 
   00522    0.4156  -12185.6817  0.1673 
   00523    0.4022  -12170.8180  0.1686 
   00524    0.4222  -12175.0683  0.2053 
   00525    0.4131  -12244.2246  0.1852 
   00526    0.4164  -12181.3823  0.2165 
   00527    0.4167  -12142.9557  0.2534 
   00528    0.4156  -12191.1008  0.2500 
   00529    0.3981  -12204.1980  0.2534 
   00530    0.4244  -12203.6089  0.2487 
   00531    0.4044  -12180.2241  0.2544 
   00532    0.4214  -12137.8997  0.2624 
   00533    0.4208  -12137.9651  0.2561 
   00534    0.4172  -12167.3579  0.2494 
   00535    0.4153  -12186.6621  0.2320 
   00536    0.4225  -12155.1097  0.2217 
   00537    0.4075  -12190.6014  0.2181 
   00538    0.4036  -12224.8866  0.2246 
   00539    0.4075  -12191.5400  0.1827 
   00540    0.4092  -12204.9346  0.2337 
   00541    0.4194  -12202.8221  0.1931 
   00542    0.4078  -12157.8647  0.2292 
   00543    0.4183  -12191.6808  0.1844 
   00544    0.4142  -12250.8687  0.2006 
   00545    0.4233  -12213.7748  0.2101 
   00546    0.4022  -12226.5675  0.2159 
   00547    0.4064  -12244.9541  0.1637 
   00548    0.4272  -12209.8904  0.2095 
   00549    0.4128  -12248.3986  0.2246 
   00550    0.4161  -12198.3575  0.2333 
   00551    0.4033  -12217.0388  0.2357 
   00552    0.3922  -12239.7797  0.2415 
   00553    0.4136  -12224.3945  0.2265 
   00554    0.4050  -12217.1012  0.2203 
   00555    0.4053  -12225.8270  0.1491 
   00556    0.4075  -12236.0613  0.2058 
   00557    0.4042  -12290.3021  0.2189 
   00558    0.4103  -12311.0334  0.1760 
   00559    0.4103  -12352.7395  0.2379 
   00560    0.3914  -12295.6253  0.2060 
   00561    0.4125  -12316.6156  0.2318 
   00562    0.4139  -12312.6886  0.1539 
   00563    0.4194  -12280.4895  0.1711 
   00564    0.4228  -12271.4487  0.1752 
   00565    0.4117  -12323.1544  0.1836 
   00566    0.4044  -12359.6608  0.2102 
   00567    0.4050  -12345.3440  0.2207 
   00568    0.4011  -12363.8437  0.2138 
   00569    0.4136  -12338.9055  0.1772 
   00570    0.4264  -12347.2183  0.2041 
   00571    0.4211  -12295.8665  0.1550 
   00572    0.4058  -12244.1811  0.1494 
   00573    0.4178  -12252.3580  0.1549 
   00574    0.4167  -12288.3312  0.1637 
   00575    0.4142  -12344.6310  0.1522 
   00576    0.4219  -12271.1242  0.1709 
   00577    0.4244  -12243.2885  0.1524 
   00578    0.4236  -12276.4905  0.2456 
   00579    0.4092  -12224.7906  0.2286 
   00580    0.4194  -12204.0423  0.1714 
   00581    0.4222  -12202.4786  0.2211 
   00582    0.3978  -12255.3537  0.2280 
   00583    0.4136  -12235.6304  0.2223 
   00584    0.4078  -12211.7396  0.1882 
   00585    0.4231  -12246.2258  0.2165 
   00586    0.4064  -12277.1168  0.2392 
   00587    0.4139  -12251.5584  0.1803 
   00588    0.4092  -12285.2812  0.2293 
   00589    0.4083  -12302.9012  0.1478 
   00590    0.4181  -12347.2988  0.2279 
   00591    0.4056  -12329.4362  0.2484 
   00592    0.4022  -12314.2281  0.2408 
   00593    0.3944  -12359.5986  0.1823 
   00594    0.4192  -12332.9853  0.1787 
   00595    0.4192  -12346.2089  0.2241 
   00596    0.4100  -12291.8174  0.2326 
   00597    0.4219  -12272.7924  0.2084 
   00598    0.4194  -12271.7880  0.2301 
   00599    0.4072  -12253.7235  0.1720 
   00600    0.4156  -12231.4280  0.2417 
   00601    0.4053  -12248.5175  0.2135 
   00602    0.4128  -12246.1977  0.2275 
   00603    0.3975  -12264.1293  0.2978 
   00604    0.4044  -12225.6355  0.2255 
   00605    0.4172  -12236.9577  0.1788 
   00606    0.4092  -12264.9899  0.2596 
   00607    0.4203  -12258.0074  0.2325 
   00608    0.4178  -12266.9729  0.2121 
   00609    0.4214  -12276.4388  0.2357 
   00610    0.4186  -12210.3414  0.2450 
   00611    0.4114  -12218.3489  0.2405 
   00612    0.4089  -12282.6104  0.1775 
   00613    0.4078  -12299.7071  0.2111 
   00614    0.4206  -12288.6724  0.2315 
   00615    0.4117  -12264.6628  0.2456 
   00616    0.4075  -12299.8651  0.2478 
   00617    0.4114  -12324.8464  0.2487 
   00618    0.4183  -12349.3230  0.2405 
   00619    0.4217  -12331.2119  0.2250 
   00620    0.3958  -12375.1961  0.2536 
   00621    0.4064  -12379.7990  0.2464 
   00622    0.4050  -12349.6811  0.2140 
   00623    0.4158  -12322.2677  0.2599 
   00624    0.3969  -12230.3812  0.2566 
   00625    0.4242  -12221.6893  0.1541 
   00626    0.4189  -12174.7992  0.2385 
   00627    0.4042  -12234.2054  0.2105 
   00628    0.3919  -12282.0102  0.2702 
   00629    0.4089  -12339.3209  0.1978 
   00630    0.4161  -12319.8373  0.1904 
   00631    0.4097  -12275.0421  0.2436 
   00632    0.4014  -12308.8631  0.2342 
   00633    0.4142  -12284.6211  0.1869 
   00634    0.4028  -12303.0727  0.1664 
   00635    0.4319  -12260.2853  0.2255 
   00636    0.3992  -12250.5539  0.1770 
   00637    0.3972  -12254.6504  0.1984 
   00638    0.4169  -12298.3361  0.2506 
   00639    0.3969  -12298.4375  0.2631 
   00640    0.4025  -12290.8689  0.2082 
   00641    0.4200  -12223.9450  0.2125 
   00642    0.4197  -12220.4993  0.2247 
   00643    0.4150  -12249.1519  0.1634 
   00644    0.4036  -12287.1124  0.2472 
   00645    0.4106  -12264.8799  0.1941 
   00646    0.4106  -12297.7702  0.2668 
   00647    0.4083  -12201.6138  0.2802 
   00648    0.4117  -12165.1279  0.2256 
   00649    0.4183  -12215.7765  0.2042 
   00650    0.3994  -12177.0486  0.2234 
   00651    0.4128  -12255.9344  0.2698 
   00652    0.4072  -12250.9014  0.2157 
   00653    0.4072  -12255.1229  0.1764 
   00654    0.4092  -12246.2714  0.2004 
   00655    0.4153  -12214.5445  0.2797 
   00656    0.4083  -12223.4481  0.2791 
   00657    0.4189  -12248.3432  0.2598 
   00658    0.4019  -12263.6219  0.2505 
   00659    0.4122  -12211.9939  0.2559 
   00660    0.3967  -12295.9973  0.1617 
   00661    0.3969  -12313.4997  0.2659 
   00662    0.4106  -12314.0035  0.2183 
   00663    0.4172  -12370.9462  0.2248 
   00664    0.4194  -12313.4543  0.2726 
   00665    0.4078  -12254.8398  0.2471 
   00666    0.4136  -12264.0107  0.1693 
   00667    0.4097  -12305.2645  0.2109 
   00668    0.4061  -12337.4314  0.1915 
   00669    0.4100  -12305.5333  0.2571 
   00670    0.4072  -12247.3264  0.2454 
   00671    0.3981  -12286.9723  0.2809 
   00672    0.4194  -12291.0106  0.2604 
   00673    0.4056  -12265.2139  0.2590 
   00674    0.4108  -12221.0347  0.2541 
   00675    0.4050  -12264.3576  0.1798 
   00676    0.4069  -12302.6141  0.2863 
   00677    0.4106  -12291.8554  0.1779 
   00678    0.4169  -12282.2175  0.2132 
   00679    0.4083  -12296.4185  0.2694 
   00680    0.4208  -12233.8300  0.2839 
   00681    0.4017  -12211.5225  0.2397 
   00682    0.4231  -12193.9296  0.1476 
   00683    0.4128  -12288.6368  0.2114 
   00684    0.4194  -12276.7311  0.2464 
   00685    0.4039  -12293.8571  0.2741 
   00686    0.4139  -12286.9766  0.2620 
   00687    0.4186  -12321.5947  0.2865 
   00688    0.4056  -12290.4966  0.2456 
   00689    0.4186  -12333.2301  0.3079 
   00690    0.4111  -12296.5775  0.2969 
   00691    0.4089  -12257.6758  0.3156 
   00692    0.4172  -12229.6288  0.2842 
   00693    0.4219  -12292.5755  0.2778 
   00694    0.4136  -12279.5016  0.2895 
   00695    0.4144  -12338.0232  0.2790 
   00696    0.4067  -12302.3539  0.2908 
   00697    0.4214  -12315.1468  0.2676 
   00698    0.4100  -12304.0404  0.2072 
   00699    0.4050  -12292.3360  0.2063 
   00700    0.4156  -12229.4046  0.1841 
   00701    0.4042  -12260.8891  0.2787 
   00702    0.4142  -12253.6613  0.2818 
   00703    0.4175  -12278.9653  0.2778 
   00704    0.4142  -12305.5775  0.2205 
   00705    0.4053  -12290.7242  0.2828 
   00706    0.4044  -12281.8222  0.2385 
   00707    0.4211  -12295.6020  0.2802 
   00708    0.4236  -12281.8161  0.2396 
   00709    0.4192  -12289.8690  0.2577 
   00710    0.4139  -12336.3966  0.1996 
   00711    0.4197  -12292.4445  0.2959 
   00712    0.3997  -12279.9538  0.1875 
   00713    0.4139  -12322.2894  0.2081 
   00714    0.3992  -12306.3127  0.2930 
   00715    0.4272  -12245.8204  0.2905 
   00716    0.4222  -12260.9418  0.2604 
   00717    0.4214  -12231.8089  0.2304 
   00718    0.4194  -12295.3701  0.2078 
   00719    0.4019  -12326.3345  0.2107 
   00720    0.4094  -12331.3884  0.2377 
   00721    0.4017  -12315.9043  0.2263 
   00722    0.4117  -12303.2151  0.2679 
   00723    0.4003  -12323.8643  0.2493 
   00724    0.4081  -12329.3848  0.2595 
   00725    0.4078  -12309.4705  0.2589 
   00726    0.4117  -12299.4333  0.1925 
   00727    0.4003  -12238.5400  0.2364 
   00728    0.4025  -12270.6264  0.2787 
   00729    0.3933  -12299.5223  0.2854 
   00730    0.4208  -12324.5916  0.2776 
   00731    0.4011  -12312.9074  0.2493 
   00732    0.4233  -12261.1048  0.2721 
   00733    0.4236  -12316.8005  0.2560 
   00734    0.4153  -12328.8199  0.2274 
   00735    0.4144  -12353.6315  0.1909 
   00736    0.4200  -12303.6164  0.1903 
   00737    0.4094  -12343.8990  0.1796 
   00738    0.4156  -12304.7759  0.2830 
   00739    0.4050  -12349.2593  0.2622 
   00740    0.4278  -12253.0737  0.2656 
   00741    0.4061  -12250.8374  0.2608 
   00742    0.4111  -12259.7887  0.3021 
   00743    0.4169  -12164.2430  0.2321 
   00744    0.4131  -12230.0806  0.1790 
   00745    0.4133  -12262.2533  0.1740 
   00746    0.4150  -12274.0664  0.2203 
   00747    0.4194  -12265.2905  0.1972 
   00748    0.4089  -12368.9499  0.2836 
   00749    0.3997  -12343.0319  0.2638 
   00750    0.4117  -12257.1527  0.2763 
   00751    0.4011  -12211.2389  0.2447 
   00752    0.4178  -12276.2644  0.2550 
   00753    0.4144  -12288.9677  0.2284 
   00754    0.4133  -12325.3651  0.2788 
   00755    0.4167  -12289.2802  0.2704 
   00756    0.4025  -12321.4217  0.2750 
   00757    0.4181  -12346.4559  0.2167 
   00758    0.4011  -12350.7965  0.2038 
   00759    0.4078  -12327.5955  0.2329 
   00760    0.4156  -12379.9658  0.2983 
   00761    0.4081  -12450.5161  0.2717 
   00762    0.4203  -12409.5109  0.2686 
   00763    0.4094  -12403.5630  0.2657 
   00764    0.4108  -12323.8684  0.2640 
   00765    0.4122  -12354.5181  0.2634 
   00766    0.4228  -12356.1565  0.2528 
   00767    0.4186  -12287.2384  0.2223 
   00768    0.4106  -12289.5793  0.2339 
   00769    0.3956  -12294.3731  0.2340 
   00770    0.4097  -12295.2065  0.2936 
   00771    0.4061  -12281.6896  0.2450 
   00772    0.4161  -12275.6204  0.2882 
   00773    0.4072  -12336.1826  0.2797 
   00774    0.4092  -12308.9529  0.2600 
   00775    0.4247  -12267.1314  0.1724 
   00776    0.4025  -12302.1318  0.2486 
   00777    0.4019  -12320.7628  0.2454 
   00778    0.4053  -12333.7789  0.3142 
   00779    0.4225  -12324.4276  0.2731 
   00780    0.4144  -12353.0734  0.2563 
   00781    0.4022  -12375.6678  0.2364 
   00782    0.3942  -12377.9323  0.2469 
   00783    0.4178  -12344.8723  0.2893 
   00784    0.4056  -12344.8922  0.2968 
   00785    0.3958  -12330.4663  0.3140 
   00786    0.4036  -12255.8773  0.2776 
   00787    0.4181  -12244.0287  0.2773 
   00788    0.4169  -12277.5694  0.2896 
   00789    0.4028  -12288.5204  0.2960 
   00790    0.4047  -12331.9737  0.2861 
   00791    0.4008  -12377.4217  0.3006 
   00792    0.4114  -12312.5441  0.3011 
   00793    0.4075  -12306.0584  0.2752 
   00794    0.4175  -12322.4770  0.2816 
   00795    0.4017  -12326.3558  0.2854 
   00796    0.4025  -12319.9360  0.2845 
   00797    0.4103  -12321.0380  0.2869 
   00798    0.4125  -12271.2473  0.2874 
   00799    0.4033  -12252.3090  0.2915 
   00800    0.4153  -12288.4375  0.2893 
   00801    0.4186  -12303.2562  0.2816 
   00802    0.4078  -12300.5495  0.2942 
   00803    0.4172  -12281.1212  0.2310 
   00804    0.4156  -12339.8154  0.1744 
   00805    0.4092  -12272.1376  0.2295 
   00806    0.4142  -12263.0629  0.2661 
   00807    0.3986  -12327.3827  0.1720 
   00808    0.4178  -12336.9120  0.2493 
   00809    0.4044  -12344.2477  0.2996 
   00810    0.4133  -12294.9539  0.1639 
   00811    0.4097  -12235.7917  0.2000 
   00812    0.4161  -12290.4048  0.2188 
   00813    0.4269  -12274.5235  0.2758 
   00814    0.4089  -12297.5117  0.2626 
   00815    0.4031  -12319.9886  0.2726 
   00816    0.4256  -12297.9417  0.2601 
   00817    0.3969  -12285.2820  0.2621 
   00818    0.4094  -12267.6847  0.2849 
   00819    0.4147  -12304.2071  0.2580 
   00820    0.4058  -12311.3247  0.2853 
   00821    0.4181  -12344.3663  0.2578 
   00822    0.3994  -12249.9926  0.2266 
   00823    0.4075  -12335.3441  0.2735 
   00824    0.4008  -12346.2852  0.2133 
   00825    0.4183  -12307.5391  0.2929 
   00826    0.4125  -12268.4937  0.2869 
   00827    0.4086  -12246.3288  0.2161 
   00828    0.4094  -12283.2163  0.3046 
   00829    0.4214  -12293.2631  0.2871 
   00830    0.4122  -12293.4277  0.2504 
   00831    0.4033  -12254.5569  0.2910 
   00832    0.4117  -12245.6048  0.2395 
   00833    0.3956  -12250.1258  0.2173 
   00834    0.4178  -12256.0741  0.2110 
   00835    0.4244  -12268.8251  0.2557 
   00836    0.4000  -12270.2213  0.2074 
   00837    0.4186  -12198.9799  0.2211 
   00838    0.4156  -12210.5986  0.2969 
   00839    0.4136  -12215.1170  0.3397 
   00840    0.4064  -12313.0760  0.2873 
   00841    0.4039  -12339.6576  0.2275 
   00842    0.4153  -12332.6557  0.2414 
   00843    0.4047  -12354.8985  0.3013 
   00844    0.3956  -12340.8716  0.3284 
   00845    0.4053  -12359.6250  0.2377 
   00846    0.4203  -12393.1449  0.2357 
   00847    0.4108  -12385.1967  0.3116 
   00848    0.4000  -12355.5847  0.2405 
   00849    0.4000  -12365.8266  0.2319 
   00850    0.4117  -12360.2116  0.2897 
   00851    0.4075  -12301.3664  0.2511 
   00852    0.3944  -12387.5079  0.2448 
   00853    0.4075  -12391.2793  0.2853 
   00854    0.4069  -12387.0870  0.2281 
   00855    0.4264  -12286.7743  0.2489 
   00856    0.3897  -12285.8532  0.3134 
   00857    0.4036  -12293.2762  0.2395 
   00858    0.4119  -12305.1786  0.2866 
   00859    0.4225  -12356.6552  0.3059 
   00860    0.4128  -12310.0715  0.3269 
   00861    0.4000  -12374.0976  0.2924 
   00862    0.3997  -12378.6288  0.2809 
   00863    0.4150  -12301.3777  0.3257 
   00864    0.4028  -12322.2968  0.2862 
   00865    0.4136  -12316.9657  0.2430 
   00866    0.4217  -12342.9945  0.2546 
   00867    0.4067  -12378.9481  0.2692 
   00868    0.3983  -12378.5171  0.3020 
   00869    0.4156  -12347.1197  0.2906 
   00870    0.4058  -12349.5903  0.2769 
   00871    0.4092  -12393.3120  0.3068 
   00872    0.3989  -12377.6324  0.2738 
   00873    0.4122  -12376.3025  0.2707 
   00874    0.4053  -12394.3625  0.2969 
   00875    0.3992  -12334.8594  0.3224 
   00876    0.3989  -12306.1254  0.2749 
   00877    0.4011  -12311.5871  0.3073 
   00878    0.4208  -12293.2161  0.2695 
   00879    0.4100  -12285.4781  0.2723 
   00880    0.3983  -12271.0725  0.3021 
   00881    0.4119  -12289.7903  0.2771 
   00882    0.4050  -12309.6302  0.3105 
   00883    0.4158  -12267.9402  0.3313 
   00884    0.4225  -12255.8684  0.3122 
   00885    0.4317  -12248.6193  0.3341 
   00886    0.4086  -12309.7002  0.2521 
   00887    0.4208  -12268.3168  0.2850 
   00888    0.4236  -12298.5493  0.2525 
   00889    0.4119  -12306.8270  0.2743 
   00890    0.4039  -12273.3386  0.2478 
   00891    0.4092  -12301.2649  0.2761 
   00892    0.4097  -12264.3476  0.3394 
   00893    0.3931  -12261.2143  0.2878 
   00894    0.4181  -12282.1473  0.2939 
   00895    0.4139  -12276.6197  0.3113 
   00896    0.4061  -12260.9601  0.2596 
   00897    0.4147  -12287.8171  0.2420 
   00898    0.4011  -12263.6675  0.2763 
   00899    0.4172  -12252.0691  0.3241 
   00900    0.4178  -12264.3015  0.3101 
   00901    0.4122  -12274.9731  0.2768 
   00902    0.4178  -12232.0799  0.2830 
   00903    0.4136  -12249.3004  0.2839 
   00904    0.4103  -12251.8609  0.2248 
   00905    0.4167  -12332.8965  0.3149 
   00906    0.4211  -12270.0312  0.2371 
   00907    0.3950  -12306.8052  0.2755 
   00908    0.3992  -12239.3175  0.2904 
   00909    0.3992  -12285.6016  0.3175 
   00910    0.4164  -12303.2825  0.2680 
   00911    0.4131  -12313.2883  0.2536 
   00912    0.4064  -12279.8960  0.2836 
   00913    0.4161  -12326.2624  0.3012 
   00914    0.4039  -12319.3514  0.2352 
   00915    0.4200  -12260.4089  0.2716 
   00916    0.4261  -12265.0162  0.3174 
   00917    0.4003  -12214.1966  0.2697 
   00918    0.3897  -12279.8774  0.2479 
   00919    0.4125  -12365.4556  0.2759 
   00920    0.4047  -12395.9575  0.2454 
   00921    0.4036  -12385.3438  0.3032 
   00922    0.4106  -12357.2545  0.2879 
   00923    0.4061  -12343.8139  0.2957 
   00924    0.4089  -12342.9278  0.2386 
   00925    0.4092  -12400.1921  0.3148 
   00926    0.4203  -12372.5463  0.2998 
   00927    0.4058  -12376.8387  0.2852 
   00928    0.4064  -12360.8353  0.2467 
   00929    0.3969  -12361.4429  0.2724 
   00930    0.4144  -12337.8223  0.2739 
   00931    0.3953  -12398.8534  0.2947 
   00932    0.4236  -12348.2294  0.3702 
   00933    0.3950  -12322.6223  0.3648 
   00934    0.4072  -12313.2534  0.3027 
   00935    0.4164  -12370.3240  0.3327 
   00936    0.4081  -12299.8661  0.2653 
   00937    0.3972  -12307.0951  0.2740 
   00938    0.4083  -12229.0088  0.2012 
   00939    0.4081  -12227.0795  0.2638 
   00940    0.4158  -12200.9821  0.2701 
   00941    0.4225  -12291.2338  0.2981 
   00942    0.4108  -12327.1652  0.3076 
   00943    0.3950  -12301.0662  0.2167 
   00944    0.4167  -12324.8663  0.2830 
   00945    0.4094  -12326.9533  0.2876 
   00946    0.3914  -12362.6708  0.2684 
   00947    0.4056  -12364.3941  0.3176 
   00948    0.4097  -12360.6919  0.3172 
   00949    0.4133  -12348.2745  0.3119 
   00950    0.4078  -12339.3049  0.2811 
   00951    0.4175  -12313.9406  0.2821 
   00952    0.4053  -12299.9720  0.2237 
   00953    0.4058  -12263.2522  0.2942 
   00954    0.4178  -12262.3902  0.3336 
   00955    0.4008  -12319.3630  0.3020 
   00956    0.3892  -12360.5373  0.2847 
   00957    0.3956  -12390.3772  0.2905 
   00958    0.4181  -12376.2403  0.2713 
   00959    0.4025  -12385.3082  0.3037 
   00960    0.4031  -12361.8639  0.2840 
   00961    0.3983  -12357.3909  0.2905 
   00962    0.4108  -12385.6259  0.3174 
   00963    0.4208  -12397.7915  0.3473 
   00964    0.4067  -12363.6313  0.2413 
   00965    0.4114  -12387.0643  0.2994 
   00966    0.3992  -12408.7687  0.3417 
   00967    0.4078  -12437.1935  0.2691 
   00968    0.4019  -12407.6242  0.2053 
   00969    0.4231  -12398.5020  0.3146 
   00970    0.3972  -12378.3884  0.2863 
   00971    0.4117  -12352.2584  0.3489 
   00972    0.4117  -12357.0307  0.3549 
   00973    0.3983  -12373.0055  0.3250 
   00974    0.4153  -12372.6427  0.2845 
   00975    0.4097  -12395.2955  0.3130 
   00976    0.4131  -12388.4774  0.3179 
   00977    0.4089  -12407.2927  0.2303 
   00978    0.4094  -12401.2643  0.2546 
   00979    0.4033  -12364.0676  0.3140 
   00980    0.4164  -12366.2760  0.3121 
   00981    0.4106  -12351.7508  0.2614 
   00982    0.4119  -12371.7666  0.3057 
   00983    0.4147  -12348.0154  0.2455 
   00984    0.3800  -12350.1341  0.3001 
   00985    0.4128  -12381.6109  0.3152 
   00986    0.4114  -12333.7792  0.3161 
   00987    0.4089  -12375.1258  0.3366 
   00988    0.4072  -12365.0773  0.3158 
   00989    0.4178  -12374.3646  0.2541 
   00990    0.4072  -12359.2343  0.2781 
   00991    0.4114  -12305.5427  0.2832 
   00992    0.4144  -12307.2581  0.3207 
   00993    0.3894  -12253.9801  0.3059 
   00994    0.4150  -12301.0289  0.3031 
   00995    0.4172  -12295.6832  0.3167 
   00996    0.4044  -12323.8679  0.3057 
   00997    0.4214  -12319.5625  0.2554 
   00998    0.4108  -12333.6723  0.3064 
   00999    0.4047  -12334.1491  0.2173 
   01000    0.4117  -12373.2573  0.2768 
