#=====================================================
# File created:        Wed-26-Feb-2025-at-04-22-15AM
# Size of lattice:     40x40
# Number of MC steps:  1000
# Reduced temperature: 0.500
# Run time (s):        1.722017
#=====================================================
# MC step:  Ratio:     Energy:   Order:
#=====================================================
   00000    0.5000   -1584.1454  0.1212 
   00001    0.6956   -2496.0688  0.1622 
   00002    0.6012   -3055.9128  0.1289 
   00003    0.5744   -3421.6971  0.1802 
   00004    0.5537   -3642.1318  0.1791 
   00005    0.5613   -3832.2208  0.1734 
   00006    0.5387   -4075.8799  0.1919 
   00007    0.5212   -4219.2719  0.1438 
   00008    0.4988   -4325.3174  0.1717 
   00009    0.4631   -4422.6459  0.1692 
   00010    0.4813   -4450.4063  0.2057 
   00011    0.4744   -4558.6798  0.1958 
   00012    0.4763   -4618.3026  0.1830 
   00013    0.4637   -4706.6662  0.1801 
   00014    0.4587   -4748.0177  0.1723 
   00015    0.4531   -4799.4388  0.2218 
   00016    0.4525   -4777.3222  0.1814 
   00017    0.4612   -4853.8233  0.2131 
   00018    0.4331   -4870.3873  0.1973 
   00019    0.4512   -4897.6683  0.2357 
   00020    0.4400   -4935.3540  0.1909 
   00021    0.4394   -4964.5896  0.1788 
   00022    0.4394   -4959.2197  0.2149 
   00023    0.4325   -4979.6013  0.2046 
   00024    0.4394   -4998.4800  0.2299 
   00025    0.4306   -5003.2596  0.1852 
   00026    0.4375   -5014.3154  0.1781 
   00027    0.4350   -4999.5185  0.2134 
   00028    0.4400   -5036.2344  0.2267 
   00029    0.4250   -5064.6274  0.1594 
   00030    0.4331   -5040.6432  0.1660 
   00031    0.4450   -5060.2266  0.2278 
   00032    0.4313   -5036.3967  0.1630 
   00033    0.4231   -5069.0176  0.2360 
   00034    0.4537   -5077.3459  0.2491 
   00035    0.4238   -5066.1012  0.1990 
   00036    0.4456   -5062.4013  0.2487 
   00037    0.4519   -5071.4661  0.2250 
   00038    0.4387   -5079.6807  0.1935 
   00039    0.4331   -5063.4058  0.2297 
   00040    0.4350   -5093.3947  0.2354 
   00041    0.4344   -5111.7145  0.1699 
   00042    0.4156   -5144.2811  0.1913 
   00043    0.4425   -5151.7581  0.1589 
   00044    0.4350   -5212.3011  0.1852 
   00045    0.4269   -5190.7831  0.1994 
   00046    0.4238   -5238.7721  0.1860 
   00047    0.4106   -5256.3743  0.1637 
   00048    0.4138   -5283.1198  0.2422 
   00049    0.4506   -5269.8395  0.2374 
   00050    0.4250   -5290.0898  0.2506 
   00051    0.3906   -5289.6815  0.2231 
   00052    0.4200   -5263.5992  0.2650 
   00053    0.4100   -5262.4905  0.2788 
   00054    0.4088   -5277.7033  0.2113 
   00055    0.4269   -5267.1612  0.2638 
   00056    0.3925   -5287.1197  0.2223 
   00057    0.4125   -5282.0640  0.2368 
   00058    0.4469   -5260.1192  0.2350 
   00059    0.4000   -5266.3744  0.2818 
   00060    0.4275   -5270.0204  0.2667 
   00061    0.4119   -5261.1472  0.2787 
   00062    0.4200   -5298.4298  0.1894 
   00063    0.4206   -5300.1573  0.2530 
   00064    0.4138   -5340.9014  0.2839 
   00065    0.4231   -5346.9790  0.2381 
   00066    0.4356   -5338.9664  0.2803 
   00067    0.4256   -5338.7949  0.2004 
   00068    0.4256   -5335.1262  0.2126 
   00069    0.4306   -5322.6985  0.2216 
   00070    0.4338   -5323.7614  0.2800 
   00071    0.4313   -5311.8545  0.2316 
   00072    0.4375   -5296.9341  0.2532 
   00073    0.4394   -5267.2769  0.1825 
   00074    0.4344   -5327.7931  0.2537 
   00075    0.4419   -5347.0526  0.2289 
   00076    0.4200   -5353.7432  0.2363 
   00077    0.4263   -5306.4670  0.2866 
   00078    0.4044   -5323.6706  0.2747 
   00079    0.4100   -5361.1972  0.2085 
   00080    0.4156   -5353.9231  0.1211 
   00081    0.4269   -5335.2824  0.2271 
   00082    0.4356   -5345.9205  0.2257 
   00083    0.4150   -5365.7019  0.3239 
   00084    0.4081   -5359.0565  0.2516 
   00085    0.4062   -5357.8396  0.2481 
   00086    0.4363   -5326.5355  0.2519 
   00087    0.4163   -5322.1313  0.1992 
   00088    0.4225   -5358.1225  0.2792 
   00089    0.3987   -5353.7214  0.3209 
   00090    0.4100   -5362.8071  0.2682 
   00091    0.3944   -5401.7048  0.2863 
   00092    0.3831   -5396.9449  0.2884 
   00093    0.4012   -5370.5318  0.2848 
   00094    0.4156   -5365.8107  0.2651 
   00095    0.4387   -5296.7221  0.2673 
   00096    0.4269   -5306.5440  0.2771 
   00097    0.4313   -5336.9344  0.2585 
   00098    0.4125   -5318.9348  0.3312 
   00099    0.4006   -5364.6898  0.3078 
   00100    0.4244   -5375.2681  0.2340 
   00101    0.4194   -5370.9224  0.2470 
   00102    0.4113   -5354.5843  0.2875 
   00103    0.3981   -5363.0854  0.2818 
   00104    0.4169   -5371.1831  0.2669 
   00105    0.4144   -5390.3091  0.3022 
   00106    0.4163   -5346.0757  0.2412 
   00107    0.4206   -5327.0856  0.2872 
   00108    0.4200   -5348.6762  0.2257 
   00109    0.4219   -5358.6891  0.2761 
   00110    0.4088   -5367.8069  0.2736 
   00111    0.4169   -5358.6990  0.2498 
   00112    0.4056   -5359.3234  0.2838 
   00113    0.4069   -5387.7387  0.2883 
   00114    0.4094   -5390.2477  0.3257 
   00115    0.4019   -5377.3129  0.2585 
   00116    0.4075   -5388.2169  0.2958 
   00117    0.4081   -5374.8857  0.3298 
   00118    0.4075   -5381.3293  0.2959 
   00119    0.3900   -5397.3203  0.3138 
   00120    0.4213   -5400.4687  0.2299 
   00121    0.4012   -5386.1933  0.3425 
   00122    0.4437   -5384.7863  0.2950 
   00123    0.4100   -5407.6676  0.3207 
   00124    0.4244   -5417.1312  0.2348 
   00125    0.4188   -5382.0963  0.3075 
   00126    0.4225   -5381.3742  0.2877 
   00127    0.4363   -5368.3646  0.2767 
   00128    0.4175   -5379.1466  0.2938 
   00129    0.3956   -5403.4829  0.2632 
   00130    0.4163   -5373.2535  0.2492 
   00131    0.4256   -5351.2741  0.2549 
   00132    0.4213   -5387.8143  0.3427 
   00133    0.3950   -5407.9851  0.3271 
   00134    0.4125   -5454.6144  0.2409 
   00135    0.3881   -5462.4599  0.2645 
   00136    0.4387   -5415.6523  0.2424 
   00137    0.4181   -5414.6122  0.3211 
   00138    0.4100   -5403.7406  0.3268 
   00139    0.4075   -5416.1586  0.3099 
   00140    0.4119   -5435.4401  0.3080 
   00141    0.4169   -5431.9824  0.2050 
   00142    0.3987   -5374.0068  0.3113 
   00143    0.4169   -5384.6212  0.3130 
   00144    0.3987   -5413.6292  0.2549 
   00145    0.4088   -5428.5590  0.2222 
   00146    0.4269   -5420.5685  0.3186 
   00147    0.4031   -5450.5432  0.2688 
   00148    0.4062   -5420.1456  0.2175 
   00149    0.4206   -5412.9059  0.2261 
   00150    0.4156   -5407.2707  0.3104 
   00151    0.4037   -5422.8165  0.2934 
   00152    0.4194   -5426.1294  0.2790 
   00153    0.4144   -5452.9438  0.3604 
   00154    0.3975   -5442.0665  0.3252 
   00155    0.4200   -5385.9075  0.2749 
   00156    0.4269   -5407.2408  0.2640 
   00157    0.4100   -5369.1001  0.2395 
   00158    0.4138   -5396.9479  0.3009 
   00159    0.4181   -5381.1753  0.3396 
   00160    0.3994   -5359.3412  0.2217 
   00161    0.4200   -5359.9430  0.2246 
   00162    0.4338   -5379.5313  0.2759 
   00163    0.4256   -5401.3020  0.1803 
   00164    0.4131   -5412.0592  0.2904 
   00165    0.4150   -5382.0510  0.2683 
   00166    0.4181   -5388.9118  0.2613 
   00167    0.4131   -5414.0074  0.2618 
   00168    0.4100   -5405.3548  0.2407 
   00169    0.4300   -5341.3464  0.3184 
   00170    0.4194   -5415.9137  0.2610 
   00171    0.4075   -5391.4435  0.2686 
   00172    0.4113   -5353.1638  0.1841 
   00173    0.4256   -5378.0075  0.2874 
   00174    0.4075   -5366.4158  0.2247 
   00175    0.4106   -5359.1106  0.3582 
   00176    0.4394   -5391.7721  0.3202 
   00177    0.4150   -5389.7433  0.2482 
   00178    0.4263   -5404.2210  0.1962 
   00179    0.4100   -5370.9667  0.2739 
   00180    0.4062   -5406.6331  0.3386 
   00181    0.4263   -5422.3700  0.3495 
   00182    0.4275   -5451.1361  0.3525 
   00183    0.4150   -5415.5383  0.3727 
   00184    0.4144   -5415.0798  0.3049 
   00185    0.4275   -5425.2581  0.3142 
   00186    0.4125   -5391.0137  0.2969 
   00187    0.4244   -5427.3756  0.3653 
   00188    0.4194   -5418.4801  0.3227 
   00189    0.4350   -5453.8319  0.2946 
   00190    0.4150   -5425.5052  0.3538 
   00191    0.4256   -5392.9381  0.3132 
   00192    0.4169   -5367.6668  0.2851 
   00193    0.4175   -5381.7857  0.2558 
   00194    0.4231   -5402.0290  0.2321 
   00195    0.3987   -5432.4864  0.2507 
   00196    0.4062   -5403.3914  0.2399 
   00197    0.4131   -5439.3874  0.2507 
   00198    0.4206   -5426.6876  0.3710 
   00199    0.4025   -5415.3114  0.3474 
   00200    0.3987   -5397.3845  0.3102 
   00201    0.4213   -5380.0972  0.3762 
   00202    0.4144   -5430.3154  0.3056 
   00203    0.4256   -5425.1291  0.2475 
   00204    0.4012   -5384.7964  0.3276 
   00205    0.4419   -5415.9335  0.2845 
   00206    0.4144   -5404.9874  0.1969 
   00207    0.4012   -5397.5249  0.3334 
   00208    0.4300   -5400.4605  0.2757 
   00209    0.4275   -5366.7133  0.2770 
   00210    0.4213   -5368.5721  0.2276 
   00211    0.4300   -5389.3919  0.3002 
   00212    0.4119   -5403.0143  0.3080 
   00213    0.4106   -5421.5415  0.3734 
   00214    0.4306   -5406.0577  0.3302 
   00215    0.4125   -5431.2202  0.2756 
   00216    0.4094   -5436.0303  0.2506 
   00217    0.4037   -5423.5793  0.3160 
   00218    0.4125   -5466.0046  0.3290 
   00219    0.3844   -5486.3330  0.3700 
   00220    0.4031   -5476.8898  0.3748 
   00221    0.4031   -5436.9395  0.3074 
   00222    0.4012   -5424.0140  0.2812 
   00223    0.4012   -5436.0707  0.2613 
   00224    0.3837   -5434.3377  0.3217 
   00225    0.4088   -5445.2048  0.2716 
   00226    0.4088   -5439.1653  0.2994 
   00227    0.4188   -5449.5741  0.3402 
   00228    0.4275   -5432.2983  0.2473 
   00229    0.4025   -5429.4015  0.2141 
   00230    0.4150   -5440.6061  0.2538 
   00231    0.3987   -5438.7194  0.3803 
   00232    0.4338   -5426.1747  0.2950 
   00233    0.4037   -5418.9085  0.3269 
   00234    0.4081   -5442.1361  0.3711 
   00235    0.4131   -5464.5626  0.3729 
   00236    0.3969   -5426.9490  0.3733 
   00237    0.4169   -5443.2311  0.3419 
   00238    0.4125   -5465.1902  0.3629 
   00239    0.3994   -5446.3701  0.3774 
   00240    0.4050   -5426.8331  0.3496 
   00241    0.4169   -5425.9845  0.3500 
   00242    0.4163   -5470.4438  0.3791 
   00243    0.4175   -5462.8250  0.3268 
   00244    0.4056   -5454.7528  0.2915 
   00245    0.4169   -5495.3128  0.3910 
   00246    0.3937   -5487.9551  0.3985 
   00247    0.4031   -5466.8081  0.3188 
   00248    0.4206   -5510.5051  0.3625 
   00249    0.3950   -5488.9612  0.2267 
   00250    0.4000   -5483.5232  0.3601 
   00251    0.4144   -5494.2421  0.2745 
   00252    0.4062   -5478.8651  0.2761 
   00253    0.3987   -5464.2341  0.2329 
   00254    0.3981   -5448.6113  0.3889 
   00255    0.4169   -5410.1785  0.2478 
   00256    0.4275   -5448.7422  0.3771 
   00257    0.4138   -5441.7819  0.3791 
   00258    0.4306   -5466.5400  0.3848 
   00259    0.4163   -5456.0273  0.2822 
   00260    0.4019   -5420.9284  0.3727 
   00261    0.4044   -5426.4502  0.3703 
   00262    0.4025   -5445.0593  0.3890 
   00263    0.4050   -5452.2255  0.4739 
   00264    0.4106   -5445.3814  0.3846 
   00265    0.4044   -5465.8965  0.4035 
   00266    0.4188   -5467.4431  0.3743 
   00267    0.3762   -5449.2543  0.2811 
   00268    0.4175   -5493.2472  0.3612 
   00269    0.4088   -5479.9116  0.3823 
   00270    0.4206   -5467.2502  0.2474 
   00271    0.3856   -5487.3692  0.4131 
   00272    0.4194   -5470.4510  0.3764 
   00273    0.4225   -5443.6177  0.3635 
   00274    0.4294   -5451.6185  0.3365 
   00275    0.4081   -5489.7528  0.3979 
   00276    0.4175   -5490.3607  0.3951 
   00277    0.4131   -5498.3679  0.3383 
   00278    0.4062   -5494.1773  0.2401 
   00279    0.4025   -5507.7893  0.3614 
   00280    0.3994   -5507.6631  0.4211 
   00281    0.4119   -5453.1691  0.3489 
   00282    0.4194   -5410.4130  0.4090 
   00283    0.4281   -5409.2297  0.3080 
   00284    0.4163   -5414.3971  0.4246 
   00285    0.4375   -5439.7947  0.3574 
   00286    0.4206   -5469.8349  0.4155 
   00287    0.3887   -5475.9648  0.3437 
   00288    0.3912   -5444.1395  0.3856 
   00289    0.4175   -5400.9402  0.4094 
   00290    0.4181   -5399.9442  0.3784 
   00291    0.4100   -5402.2536  0.4331 
   00292    0.4044   -5393.5888  0.3723 
   00293    0.4231   -5401.1562  0.3448 
   00294    0.4294   -5487.2747  0.3794 
   00295    0.4169   -5451.1082  0.4213 
   00296    0.4113   -5443.6588  0.2827 
   00297    0.4069   -5445.2187  0.4483 
   00298    0.4025   -5486.2297  0.4021 
   00299    0.4138   -5470.8325  0.4414 
   00300    0.4256   -5468.3032  0.3233 
   00301    0.4119   -5462.7129  0.3012 
   00302    0.4081   -5480.8804  0.3518 
   00303    0.4213   -5503.9139  0.3879 
   00304    0.3850   -5487.7573  0.4131 
   00305    0.4088   -5488.8206  0.2469 
   00306    0.3956   -5488.8347  0.3680 
   00307    0.4019   -5457.7883  0.3040 
   00308    0.4256   -5473.4262  0.2500 
   00309    0.4325   -5454.0580  0.3713 
   00310    0.3987   -5437.2907  0.3838 
   00311    0.4200   -5446.9343  0.2671 
   00312    0.4181   -5441.0780  0.2197 
   00313    0.4006   -5456.8440  0.2145 
   00314    0.4088   -5487.8757  0.3036 
   00315    0.4125   -5458.5059  0.3848 
   00316    0.4306   -5455.0467  0.2047 
   00317    0.4213   -5446.3049  0.2562 
   00318    0.4219   -5468.9266  0.3229 
   00319    0.3937   -5499.3597  0.3771 
   00320    0.3731   -5495.6383  0.3374 
   00321    0.4050   -5495.1726  0.3712 
   00322    0.4200   -5508.1930  0.3310 
   00323    0.4169   -5533.5873  0.3328 
   00324    0.4056   -5534.8856  0.3531 
   00325    0.4119   -5496.6930  0.3606 
   00326    0.4012   -5485.0030  0.2341 
   00327    0.4225   -5461.3579  0.4019 
   00328    0.4319   -5487.7749  0.3164 
   00329    0.4075   -5493.6853  0.3547 
   00330    0.4225   -5454.7802  0.3456 
   00331    0.4025   -5475.1606  0.3061 
   00332    0.4225   -5475.3342  0.3443 
   00333    0.4225   -5539.8985  0.3802 
   00334    0.4025   -5486.8369  0.3266 
   00335    0.3919   -5476.6550  0.3653 
   00336    0.4269   -5491.4110  0.3637 
   00337    0.4181   -5455.3527  0.3499 
   00338    0.4181   -5471.4138  0.3866 
   00339    0.4194   -5503.0319  0.3086 
   00340    0.4050   -5484.9456  0.3358 
   00341    0.3950   -5486.4614  0.3016 
   00342    0.4050   -5441.5017  0.3347 
   00343    0.3975   -5431.4203  0.3398 
   00344    0.4044   -5426.6342  0.3232 
   00345    0.4288   -5456.2858  0.3479 
   00346    0.3862   -5475.7004  0.3734 
   00347    0.4094   -5440.7344  0.3648 
   00348    0.4025   -5455.1536  0.2748 
   00349    0.4150   -5472.2314  0.4112 
   00350    0.4056   -5477.2005  0.3831 
   00351    0.3825   -5520.0411  0.3467 
   00352    0.4019   -5548.8266  0.3958 
   00353    0.4050   -5539.3682  0.3045 
   00354    0.3944   -5492.2238  0.3983 
   00355    0.4069   -5509.7908  0.4074 
   00356    0.3950   -5489.6354  0.3496 
   00357    0.4044   -5483.8504  0.2904 
   00358    0.4044   -5436.2647  0.3057 
   00359    0.4419   -5408.0006  0.4078 
   00360    0.3969   -5444.0838  0.3374 
   00361    0.3619   -5476.7297  0.3621 
   00362    0.4138   -5474.7949  0.3840 
   00363    0.4069   -5441.6200  0.2937 
   00364    0.4044   -5421.0608  0.4236 
   00365    0.4069   -5408.3324  0.3975 
   00366    0.3994   -5425.6434  0.3909 
   00367    0.4012   -5443.3426  0.3580 
   00368    0.4325   -5446.3205  0.3630 
   00369    0.4181   -5452.4629  0.3601 
   00370    0.4050   -5446.6584  0.4185 
   00371    0.4050   -5427.3747  0.3784 
   00372    0.3981   -5469.9046  0.4058 
   00373    0.4331   -5461.2333  0.3994 
   00374    0.4250   -5469.0193  0.3637 
   00375    0.3975   -5459.2380  0.3870 
   00376    0.4194   -5475.7119  0.2432 
   00377    0.4113   -5448.4615  0.4027 
   00378    0.4169   -5439.7376  0.3790 
   00379    0.4125   -5451.7514  0.3804 
   00380    0.4344   -5458.2500  0.3587 
   00381    0.3937   -5446.1999  0.3382 
   00382    0.4031   -5453.9316  0.3859 
   00383    0.4000   -5468.5978  0.3447 
   00384    0.4100   -5506.5413  0.3491 
   00385    0.4100   -5509.2574  0.3761 
   00386    0.4031   -5501.0872  0.3386 
   00387    0.4200   -5465.9942  0.3572 
   00388    0.4088   -5457.9846  0.2766 
   00389    0.3994   -5449.4463  0.4258 
   00390    0.4081   -5454.7224  0.4328 
   00391    0.4031   -5479.5039  0.4270 
   00392    0.4094   -5467.0554  0.4308 
   00393    0.4188   -5464.8147  0.3911 
   00394    0.4231   -5460.1175  0.4092 
   00395    0.4169   -5494.9983  0.4074 
   00396    0.4056   -5493.2236  0.3694 
   00397    0.4069   -5475.4011  0.3488 
   00398    0.3987   -5501.4170  0.3670 
   00399    0.3944   -5452.4619  0.4338 
   00400    0.4238   -5435.3365  0.4173 
   00401    0.4062   -5464.3184  0.4136 
   00402    0.4331   -5470.2034  0.3972 
   00403    0.4256   -5425.5616  0.4571 
   00404    0.4288   -5436.6256  0.4285 
   00405    0.4363   -5424.3564  0.4475 
   00406    0.4206   -5418.1738  0.4089 
   00407    0.4175   -5431.9958  0.4495 
   00408    0.4319   -5425.6323  0.3946 
   00409    0.4081   -5436.3825  0.4318 
   00410    0.3981   -5458.2794  0.3931 
   00411    0.4138   -5467.6399  0.3009 
   00412    0.4138   -5469.3039  0.3376 
   00413    0.4219   -5484.2288  0.4213 
   00414    0.4050   -5464.9786  0.4495 
   00415    0.4050   -5479.5733  0.3719 
   00416    0.3987   -5472.9447  0.4250 
   00417    0.3919   -5448.0637  0.4043 
   00418    0.4200   -5465.0947  0.4129 
   00419    0.3994   -5470.4389  0.3980 
   00420    0.3906   -5480.8629  0.3816 
   00421    0.4012   -5487.4142  0.3808 
   00422    0.4238   -5476.8393  0.3451 
   00423    0.4281   -5484.3810  0.4400 
   00424    0.4125   -5466.8729  0.3791 
   00425    0.4150   -5486.7044  0.4840 
   00426    0.3931   -5452.1789  0.4653 
   00427    0.4131   -5402.7546  0.4759 
   00428    0.4037   -5402.5621  0.4297 
   00429    0.4138   -5463.5165  0.4796 
   00430    0.4044   -5450.7378  0.4194 
   00431    0.4175   -5455.8839  0.2999 
   00432    0.4050   -5483.7780  0.4288 
   00433    0.4288   -5515.2513  0.4127 
   00434    0.3825   -5481.4530  0.4372 
   00435    0.4131   -5475.9628  0.4479 
   00436    0.4119   -5461.5283  0.3207 
   00437    0.4106   -5470.7453  0.4107 
   00438    0.4194   -5515.8354  0.3849 
   00439    0.4012   -5528.5332  0.4220 
   00440    0.4025   -5512.1741  0.3786 
   00441    0.4144   -5512.4839  0.2590 
   00442    0.3894   -5531.5635  0.4247 
   00443    0.4169   -5505.7310  0.4096 
   00444    0.4050   -5470.2909  0.3710 
   00445    0.4331   -5505.2144  0.4065 
   00446    0.3975   -5515.0347  0.2763 
   00447    0.4138   -5468.6062  0.3616 
   00448    0.3825   -5458.0218  0.3880 
   00449    0.4088   -5496.8270  0.4472 
   00450    0.4313   -5460.2536  0.3634 
   00451    0.4188   -5459.3814  0.4484 
   00452    0.4019   -5457.7057  0.3564 
   00453    0.3894   -5500.3988  0.4186 
   00454    0.4225   -5467.2599  0.3647 
   00455    0.3912   -5491.1209  0.4208 
   00456    0.4044   -5471.0312  0.4126 
   00457    0.3825   -5459.0819  0.4451 
   00458    0.4119   -5481.1985  0.4491 
   00459    0.4031   -5495.5891  0.3884 
   00460    0.4244   -5475.8208  0.4252 
   00461    0.4156   -5477.5329  0.3559 
   00462    0.4062   -5470.3166  0.4133 
   00463    0.4131   -5444.4551  0.2764 
   00464    0.3844   -5496.8743  0.3751 
   00465    0.4163   -5493.7331  0.4526 
   00466    0.3975   -5484.0489  0.4198 
   00467    0.4031   -5497.8849  0.4743 
   00468    0.4256   -5509.1033  0.3624 
   00469    0.3937   -5537.6671  0.3993 
   00470    0.4331   -5563.6954  0.3877 
   00471    0.3969   -5523.3865  0.3801 
   00472    0.4100   -5517.4704  0.3094 
   00473    0.4156   -5528.6421  0.4605 
   00474    0.3881   -5524.8832  0.3340 
   00475    0.4037   -5493.3318  0.3223 
   00476    0.3975   -5515.3666  0.3698 
   00477    0.3869   -5521.9717  0.4587 
   00478    0.4163   -5475.6314  0.4415 
   00479    0.4012   -5505.4240  0.4673 
   00480    0.4156   -5519.2215  0.4925 
   00481    0.4169   -5536.7206  0.4115 
   00482    0.3944   -5524.7586  0.4235 
   00483    0.4019   -5569.6873  0.4401 
   00484    0.4025   -5542.1537  0.4283 
   00485    0.4200   -5540.9339  0.4433 
   00486    0.4156   -5560.9854  0.4312 
   00487    0.4244   -5565.7191  0.4405 
   00488    0.4044   -5597.7489  0.4788 
   00489    0.3725   -5573.0582  0.4709 
   00490    0.3944   -5574.4440  0.4850 
   00491    0.4081   -5571.9139  0.4610 
   00492    0.3962   -5542.7315  0.4489 
   00493    0.4081   -5562.2147  0.4504 
   00494    0.4169   -5526.4820  0.4310 
   00495    0.4175   -5534.9945  0.4934 
   00496    0.4075   -5555.1426  0.4732 
   00497    0.3887   -5563.7723  0.4365 
   00498    0.4075   -5522.8747  0.4062 
   00499    0.4300   -5502.8403  0.4443 
   00500    0.4138   -5513.6155  0.4524 
   00501    0.4250   -5460.0069  0.4132 
   00502    0.4375   -5477.6933  0.4418 
   00503    0.3956   -5486.7492  0.4571 
   00504    0.4313   -5456.1685  0.3904 
   00505    0.4256   -5451.1213  0.4470 
   00506    0.3925   -5477.5330  0.4457 
   00507    0.4056   -5475.6917  0.4766 
   00508    0.4231   -5474.4794  0.4517 
   00509    0.4006   -5472.0610  0.5926 
   00510    0.4019   -5472.7984  0.4478 
   00511    0.4281   -5425.0130  0.3923 
   00512    0.4206   -5439.0940  0.3793 
   00513    0.4219   -5494.8267  0.4241 
   00514    0.3956   -5507.7215  0.4541 
   00515    0.4244   -5477.4309  0.3112 
   00516    0.4113   -5493.7891  0.3410 
   00517    0.4131   -5498.4680  0.3034 
   00518    0.4163   -5471.0221  0.2886 
   00519    0.4000   -5493.8772  0.4542 
   00520    0.4012   -5496.6690  0.4778 
   00521    0.3837   -5529.3039  0.4430 
   00522    0.3850   -5502.6512  0.4234 
   00523    0.3944   -5513.6982  0.4610 
   00524    0.4250   -5544.5262  0.3221 
   00525    0.4081   -5517.6882  0.4459 
   00526    0.4156   -5506.6685  0.3054 
   00527    0.4100   -5487.4543  0.4641 
   00528    0.4313   -5476.9220  0.3390 
   00529    0.4238   -5485.7835  0.3627 
   00530    0.4163   -5441.3652  0.4771 
   00531    0.4094   -5451.0028  0.3863 
   00532    0.4194   -5433.0844  0.4713 
   00533    0.4094   -5465.6838  0.4579 
   00534    0.4050   -5474.9913  0.4558 
   00535    0.4181   -5480.3646  0.4235 
   00536    0.3875   -5502.0034  0.4570 
   00537    0.3869   -5522.1025  0.4654 
   00538    0.3762   -5513.2769  0.4483 
   00539    0.4044   -5562.8904  0.4942 
   00540    0.4006   -5515.4809  0.3004 
   00541    0.3856   -5527.5187  0.4731 
   00542    0.3994   -5506.5658  0.4761 
   00543    0.4156   -5469.9981  0.4557 
   00544    0.3925   -5487.2367  0.4528 
   00545    0.4188   -5497.4086  0.3550 
   00546    0.4250   -5509.9860  0.4637 
   00547    0.4256   -5515.9099  0.3778 
   00548    0.4106   -5487.6437  0.3403 
   00549    0.4012   -5471.1445  0.3579 
   00550    0.4056   -5509.4180  0.4488 
   00551    0.4119   -5504.4249  0.5154 
   00552    0.4256   -5486.5299  0.3899 
   00553    0.4031   -5468.1430  0.4800 
   00554    0.4012   -5502.0833  0.3631 
   00555    0.4200   -5492.0732  0.4443 
   00556    0.4244   -5501.8233  0.3819 
   00557    0.4225   -5516.9309  0.4550 
   00558    0.3912   -5512.0455  0.4353 
   00559    0.4194   -5531.7323  0.4409 
   00560    0.4062   -5507.4885  0.3582 
   00561    0.4075   -5470.0606  0.3106 
   00562    0.4125   -5465.5758  0.3317 
   00563    0.4238   -5446.4920  0.3342 
   00564    0.4025   -5484.3402  0.3290 
   00565    0.4150   -5452.1440  0.3837 
   00566    0.3994   -5457.9837  0.3573 
   00567    0.4075   -5508.2088  0.3943 
   00568    0.4062   -5478.4445  0.4453 
   00569    0.4244   -5484.8901  0.3396 
   00570    0.4144   -5517.1659  0.2947 
   00571    0.4031   -5527.5468  0.3322 
   00572    0.4175   -5527.4372  0.3001 
   00573    0.4019   -5487.5167  0.3553 
   00574    0.4094   -5493.2606  0.3371 
   00575    0.3956   -5489.7088  0.5021 
   00576    0.4313   -5515.1488  0.4821 
   00577    0.3981   -5524.3695  0.4967 
   00578    0.3912   -5572.5361  0.4901 
   00579    0.4269   -5568.7433  0.4446 
   00580    0.4188   -5583.1626  0.4024 
   00581    0.4075   -5551.6037  0.4508 
   00582    0.4006   -5551.0868  0.4330 
   00583    0.4069   -5557.7738  0.3796 
   00584    0.3950   -5576.6041  0.3560 
   00585    0.4275   -5537.5263  0.3498 
   00586    0.3906   -5525.5327  0.3882 
   00587    0.4219   -5520.1645  0.3900 
   00588    0.4325   -5499.6004  0.2980 
   00589    0.4037   -5512.0566  0.4987 
   00590    0.4138   -5523.0373  0.4645 
   00591    0.3856   -5517.6582  0.3492 
   00592    0.3862   -5509.8160  0.3664 
   00593    0.4037   -5489.4772  0.4638 
   00594    0.3987   -5507.3478  0.4825 
   00595    0.4313   -5458.5120  0.3634 
   00596    0.4313   -5445.4262  0.4779 
   00597    0.4131   -5519.2682  0.4834 
   00598    0.4138   -5561.9065  0.4630 
   00599    0.4150   -5560.4111  0.4926 
   00600    0.4150   -5553.3077  0.5205 
   00601    0.4288   -5518.5879  0.3824 
   00602    0.4300   -5524.7647  0.4966 
   00603    0.4075   -5511.5727  0.4746 
   00604    0.3937   -5499.4322  0.4829 
   00605    0.3731   -5511.9067  0.5030 
   00606    0.4319   -5486.2679  0.4345 
   00607    0.4131   -5513.2925  0.5001 
   00608    0.3994   -5502.3633  0.4029 
   00609    0.4075   -5539.8153  0.5279 
   00610    0.3981   -5507.6776  0.3256 
   00611    0.4044   -5494.0847  0.3556 
   00612    0.4069   -5488.1583  0.5033 
   00613    0.4188   -5502.5966  0.3852 
   00614    0.4138   -5514.0005  0.4555 
   00615    0.4163   -5503.0388  0.3752 
   00616    0.4006   -5488.9375  0.4535 
   00617    0.4269   -5500.3889  0.3578 
   00618    0.4056   -5494.9979  0.3542 
   00619    0.4088   -5468.8853  0.3614 
   00620    0.4219   -5468.3421  0.4787 
   00621    0.4125   -5498.0594  0.4736 
   00622    0.4244   -5514.6424  0.3213 
   00623    0.4125   -5479.0176  0.3346 
   00624    0.4344   -5512.3293  0.4760 
   00625    0.3994   -5490.0114  0.3423 
   00626    0.4125   -5472.7439  0.4182 
   00627    0.4338   -5505.0249  0.4763 
   00628    0.3944   -5533.0556  0.4913 
   00629    0.3956   -5526.6089  0.4858 
   00630    0.3931   -5514.7299  0.4946 
   00631    0.3987   -5506.6912  0.4930 
   00632    0.4163   -5488.9578  0.3697 
   00633    0.4106   -5503.0939  0.3076 
   00634    0.4181   -5531.1022  0.4848 
   00635    0.4075   -5523.1538  0.3905 
   00636    0.4081   -5529.5580  0.5015 
   00637    0.4050   -5529.9314  0.3337 
   00638    0.4138   -5507.1225  0.3267 
   00639    0.3856   -5539.8037  0.4819 
   00640    0.4006   -5526.7510  0.4636 
   00641    0.3931   -5490.3965  0.4454 
   00642    0.3831   -5480.6999  0.4726 
   00643    0.4131   -5469.6563  0.4916 
   00644    0.4044   -5469.1019  0.3200 
   00645    0.4206   -5470.1860  0.3347 
   00646    0.4056   -5492.1000  0.4469 
   00647    0.3944   -5480.3126  0.3161 
   00648    0.4169   -5479.3829  0.3298 
   00649    0.4000   -5471.5229  0.3317 
   00650    0.3825   -5467.0460  0.3079 
   00651    0.4031   -5495.8835  0.3573 
   00652    0.4219   -5522.7356  0.3008 
   00653    0.4313   -5507.5406  0.4432 
   00654    0.4256   -5486.1346  0.2909 
   00655    0.4006   -5479.9983  0.4640 
   00656    0.4088   -5492.0790  0.3566 
   00657    0.3994   -5488.5806  0.3476 
   00658    0.4175   -5476.4964  0.3560 
   00659    0.3925   -5488.0410  0.3919 
   00660    0.4163   -5485.1968  0.3453 
   00661    0.3969   -5469.0227  0.3585 
   00662    0.4206   -5487.6703  0.5014 
   00663    0.4037   -5498.5982  0.3622 
   00664    0.4119   -5476.6645  0.4630 
   00665    0.4194   -5460.0472  0.4829 
   00666    0.3912   -5481.5665  0.3733 
   00667    0.4156   -5515.8153  0.4765 
   00668    0.3875   -5504.4237  0.3412 
   00669    0.4106   -5521.0085  0.3438 
   00670    0.3994   -5538.0199  0.4935 
   00671    0.4100   -5511.5038  0.4382 
   00672    0.4138   -5484.7621  0.4841 
   00673    0.4094   -5505.4739  0.4541 
   00674    0.4081   -5493.2665  0.4769 
   00675    0.4025   -5467.0150  0.4516 
   00676    0.3850   -5483.5537  0.4143 
   00677    0.4194   -5526.1090  0.3768 
   00678    0.4194   -5519.0918  0.5077 
   00679    0.3944   -5519.1694  0.4979 
   00680    0.3900   -5494.3503  0.4544 
   00681    0.3981   -5507.9145  0.4252 
   00682    0.4250   -5507.3745  0.3559 
   00683    0.4138   -5505.3529  0.3376 
   00684    0.3950   -5513.7395  0.4676 
   00685    0.4188   -5479.8759  0.4733 
   00686    0.4138   -5482.1968  0.4414 
   00687    0.4181   -5490.0622  0.4903 
   00688    0.4006   -5488.8500  0.5084 
   00689    0.4200   -5485.0219  0.4968 
   00690    0.4263   -5452.6417  0.4697 
   00691    0.4106   -5474.5504  0.3767 
   00692    0.4219   -5511.7199  0.4184 
   00693    0.4169   -5512.3696  0.4852 
   00694    0.4006   -5533.3328  0.4664 
   00695    0.4006   -5519.4214  0.5020 
   00696    0.4106   -5502.1503  0.4433 
   00697    0.4163   -5458.9511  0.4813 
   00698    0.3894   -5546.6644  0.5012 
   00699    0.4012   -5517.4561  0.4538 
   00700    0.4094   -5469.4833  0.4794 
   00701    0.4019   -5449.2099  0.5011 
   00702    0.4012   -5486.1600  0.5051 
   00703    0.4194   -5458.2717  0.4522 
   00704    0.4356   -5475.7345  0.4880 
   00705    0.4113   -5484.4704  0.3189 
   00706    0.4131   -5489.6570  0.2972 
   00707    0.4006   -5479.4600  0.3340 
   00708    0.3875   -5473.6414  0.4714 
   00709    0.4369   -5463.6608  0.4716 
   00710    0.4300   -5469.2611  0.3566 
   00711    0.4188   -5490.9997  0.3504 
   00712    0.4025   -5530.5307  0.3516 
   00713    0.4206   -5485.1992  0.4887 
   00714    0.3994   -5487.6842  0.4569 
   00715    0.3887   -5491.3995  0.3582 
   00716    0.3825   -5492.2200  0.3742 
   00717    0.4188   -5478.7316  0.4852 
   00718    0.4188   -5485.2031  0.4434 
   00719    0.4181   -5532.3892  0.5003 
   00720    0.4156   -5491.2983  0.3437 
   00721    0.4175   -5492.3123  0.3723 
   00722    0.4025   -5480.7711  0.4701 
   00723    0.4012   -5481.6360  0.4873 
   00724    0.4075   -5503.7330  0.4034 
   00725    0.4200   -5507.8567  0.4018 
   00726    0.4125   -5530.4503  0.4459 
   00727    0.4131   -5542.2512  0.4260 
   00728    0.4056   -5540.9287  0.4695 
   00729    0.3912   -5504.3464  0.3748 
   00730    0.4000   -5507.1510  0.4585 
   00731    0.4050   -5502.7723  0.3717 
   00732    0.4075   -5510.5713  0.4260 
   00733    0.3925   -5510.3647  0.4687 
   00734    0.4169   -5549.3091  0.5059 
   00735    0.4175   -5526.0930  0.4498 
   00736    0.4012   -5550.8329  0.4184 
   00737    0.3994   -5546.7725  0.5012 
   00738    0.4062   -5520.7840  0.4490 
   00739    0.4344   -5491.8724  0.5094 
   00740    0.4238   -5514.2949  0.4873 
   00741    0.4031   -5479.5264  0.4832 
   00742    0.4231   -5490.1815  0.5457 
   00743    0.4219   -5482.9028  0.5120 
   00744    0.4006   -5517.6302  0.4942 
   00745    0.3944   -5518.7872  0.4041 
   00746    0.4125   -5527.7734  0.5208 
   00747    0.3931   -5509.5694  0.3829 
   00748    0.4169   -5542.5618  0.4135 
   00749    0.3831   -5540.1367  0.4819 
   00750    0.4194   -5556.8157  0.5069 
   00751    0.4019   -5541.8012  0.4444 
   00752    0.3981   -5518.2063  0.3658 
   00753    0.3962   -5502.4765  0.3338 
   00754    0.3931   -5514.6295  0.5099 
   00755    0.4119   -5484.2570  0.5283 
   00756    0.4181   -5538.3676  0.4412 
   00757    0.4144   -5528.2027  0.4799 
   00758    0.3837   -5520.9286  0.4637 
   00759    0.4106   -5544.8249  0.5163 
   00760    0.3919   -5564.6992  0.4814 
   00761    0.4031   -5552.5053  0.4959 
   00762    0.4044   -5526.2943  0.4677 
   00763    0.4113   -5507.1950  0.4990 
   00764    0.3981   -5502.1369  0.4759 
   00765    0.4119   -5463.6276  0.4942 
   00766    0.4100   -5501.2470  0.4977 
   00767    0.4075   -5504.0891  0.5062 
   00768    0.4163   -5523.7310  0.5062 
   00769    0.3994   -5515.9203  0.4552 
   00770    0.4175   -5492.1928  0.4692 
   00771    0.4125   -5503.4210  0.4926 
   00772    0.4131   -5508.8433  0.5208 
   00773    0.3937   -5509.3354  0.5006 
   00774    0.4213   -5488.4802  0.5109 
   00775    0.3937   -5483.8839  0.6131 
   00776    0.4200   -5469.9622  0.4540 
   00777    0.3994   -5521.8652  0.4559 
   00778    0.3825   -5513.3492  0.4232 
   00779    0.4250   -5516.6300  0.4289 
   00780    0.4056   -5517.4726  0.4559 
   00781    0.4206   -5448.8306  0.2930 
   00782    0.4231   -5467.2142  0.3193 
   00783    0.4138   -5473.7355  0.5303 
   00784    0.4206   -5495.2037  0.3466 
   00785    0.4206   -5505.6450  0.5080 
   00786    0.4075   -5526.0967  0.5104 
   00787    0.3944   -5560.9003  0.4735 
   00788    0.3962   -5561.0946  0.5060 
   00789    0.4031   -5564.2014  0.4572 
   00790    0.3969   -5523.5060  0.4723 
   00791    0.3812   -5490.3646  0.5031 
   00792    0.4019   -5500.0387  0.4843 
   00793    0.3944   -5503.2331  0.4580 
   00794    0.3969   -5525.2299  0.3497 
   00795    0.3987   -5548.6000  0.4929 
   00796    0.3894   -5552.1581  0.3132 
   00797    0.4000   -5544.4177  0.2965 
   00798    0.3969   -5581.8766  0.3574 
   00799    0.3887   -5579.1858  0.3774 
   00800    0.3775   -5548.5916  0.4652 
   00801    0.4113   -5520.5246  0.4989 
   00802    0.4119   -5543.0892  0.4850 
   00803    0.4106   -5546.7335  0.4739 
   00804    0.4081   -5533.2169  0.4743 
   00805    0.4062   -5519.2248  0.4667 
   00806    0.3912   -5529.9075  0.3869 
   00807    0.4138   -5528.2142  0.3878 
   00808    0.4150   -5501.5944  0.3143 
   00809    0.3944   -5488.8968  0.3144 
   00810    0.4062   -5496.1332  0.4006 
   00811    0.3969   -5525.3567  0.4741 
   00812    0.3894   -5535.0041  0.4898 
   00813    0.4056   -5539.9523  0.4775 
   00814    0.4081   -5554.9575  0.4704 
   00815    0.4094   -5544.9225  0.2802 
   00816    0.4250   -5511.2312  0.3634 
   00817    0.4012   -5502.2371  0.3783 
   00818    0.3887   -5514.9387  0.3474 
   00819    0.3994   -5527.0480  0.3188 
   00820    0.4125   -5527.5646  0.3842 
   00821    0.3987   -5503.8460  0.4969 
   00822    0.4044   -5536.5230  0.5090 
   00823    0.4113   -5521.8421  0.5024 
   00824    0.4169   -5482.9515  0.4528 
   00825    0.4188   -5478.4611  0.4990 
   00826    0.4175   -5480.8171  0.3351 
   00827    0.4169   -5455.1082  0.3856 
   00828    0.4031   -5480.1818  0.4181 
   00829    0.4231   -5510.5018  0.3418 
   00830    0.4175   -5513.0917  0.4436 
   00831    0.4119   -5521.0710  0.3995 
   00832    0.4119   -5528.6023  0.3578 
   00833    0.4150   -5477.8391  0.3727 
   00834    0.4250   -5461.3122  0.3856 
   00835    0.4025   -5508.4648  0.3367 
   00836    0.4150   -5518.8260  0.3343 
   00837    0.4075   -5495.6736  0.3984 
   00838    0.4225   -5492.8012  0.3472 
   00839    0.4075   -5506.0729  0.3700 
   00840    0.4131   -5502.0704  0.4466 
   00841    0.4062   -5486.3943  0.4740 
   00842    0.4113   -5485.6418  0.3222 
   00843    0.4163   -5466.6967  0.3356 
   00844    0.4006   -5458.6290  0.3739 
   00845    0.3856   -5489.3535  0.2904 
   00846    0.4088   -5486.7917  0.3226 
   00847    0.4075   -5498.2910  0.4651 
   00848    0.3987   -5503.4966  0.3874 
   00849    0.3944   -5537.2269  0.4390 
   00850    0.4113   -5546.3574  0.4653 
   00851    0.4006   -5549.9454  0.4484 
   00852    0.4031   -5515.3094  0.5088 
   00853    0.4000   -5490.1156  0.5138 
   00854    0.3962   -5486.1399  0.4564 
   00855    0.4113   -5507.9130  0.4418 
   00856    0.4056   -5531.5437  0.4509 
   00857    0.4150   -5558.7456  0.3189 
   00858    0.4069   -5553.4801  0.5519 
   00859    0.4081   -5516.1158  0.3927 
   00860    0.4219   -5523.8104  0.3144 
   00861    0.4219   -5460.7106  0.3051 
   00862    0.4138   -5480.9267  0.4673 
   00863    0.4313   -5442.9654  0.4567 
   00864    0.4387   -5442.3622  0.4930 
   00865    0.4275   -5481.8197  0.4730 
   00866    0.4188   -5474.8403  0.3531 
   00867    0.4225   -5462.8070  0.4951 
   00868    0.4188   -5450.8689  0.4889 
   00869    0.3950   -5451.2033  0.4816 
   00870    0.4156   -5450.0917  0.4842 
   00871    0.4062   -5441.6752  0.4068 
   00872    0.4175   -5465.5784  0.4034 
   00873    0.4081   -5432.2937  0.4833 
   00874    0.3969   -5422.2380  0.3404 
   00875    0.4244   -5429.9391  0.3918 
   00876    0.3931   -5437.1847  0.3533 
   00877    0.4325   -5480.6834  0.3938 
   00878    0.4031   -5502.9826  0.5089 
   00879    0.3931   -5468.4626  0.4539 
   00880    0.4100   -5459.0133  0.4739 
   00881    0.4156   -5470.9770  0.4827 
   00882    0.3912   -5512.4214  0.4617 
   00883    0.3987   -5471.0915  0.3485 
   00884    0.4188   -5472.9373  0.4223 
   00885    0.4019   -5480.9035  0.4577 
   00886    0.4219   -5522.8177  0.5066 
   00887    0.4244   -5506.2912  0.4986 
   00888    0.4062   -5516.6061  0.3547 
   00889    0.4000   -5524.0402  0.4311 
   00890    0.4206   -5526.9622  0.3317 
   00891    0.4069   -5548.3448  0.4281 
   00892    0.4106   -5547.2106  0.3835 
   00893    0.4188   -5543.1266  0.3868 
   00894    0.4138   -5523.3004  0.4087 
   00895    0.4319   -5541.0001  0.4963 
   00896    0.4294   -5530.9878  0.5026 
   00897    0.4075   -5517.8452  0.4435 
   00898    0.3887   -5519.8768  0.4489 
   00899    0.4100   -5532.3630  0.3174 
   00900    0.4238   -5488.7289  0.4568 
   00901    0.4012   -5516.8042  0.4745 
   00902    0.4194   -5522.5731  0.3528 
   00903    0.4281   -5469.4270  0.4753 
   00904    0.3925   -5444.4732  0.4594 
   00905    0.4131   -5474.0444  0.4860 
   00906    0.4263   -5513.4005  0.4741 
   00907    0.4319   -5510.4236  0.4992 
   00908    0.3925   -5513.5190  0.3401 
   00909    0.4094   -5509.5730  0.4641 
   00910    0.4288   -5503.4979  0.3683 
   00911    0.4056   -5491.7005  0.4168 
   00912    0.4250   -5520.3337  0.3578 
   00913    0.4169   -5531.5499  0.4351 
   00914    0.4150   -5508.4518  0.3571 
   00915    0.4125   -5511.4882  0.4289 
   00916    0.4188   -5517.5893  0.2896 
   00917    0.4025   -5519.6486  0.3906 
   00918    0.3900   -5488.9370  0.3301 
   00919    0.4050   -5506.1059  0.3804 
   00920    0.4144   -5529.2787  0.3784 
   00921    0.4037   -5491.6052  0.3062 
   00922    0.4175   -5556.4951  0.4393 
   00923    0.3906   -5546.4657  0.4831 
   00924    0.3975   -5526.4884  0.4932 
   00925    0.4300   -5519.7826  0.3991 
   00926    0.4256   -5518.7708  0.3559 
   00927    0.3794   -5525.8439  0.3144 
   00928    0.4088   -5550.8911  0.3058 
   00929    0.3994   -5523.5344  0.3528 
   00930    0.4131   -5476.4140  0.3510 
   00931    0.4044   -5486.4494  0.4966 
   00932    0.4075   -5488.0188  0.3743 
   00933    0.3831   -5501.4351  0.3527 
   00934    0.4106   -5507.4240  0.4468 
   00935    0.4156   -5505.7202  0.4723 
   00936    0.4356   -5488.3100  0.4162 
   00937    0.4256   -5480.6938  0.4980 
   00938    0.4025   -5504.9502  0.4315 
   00939    0.4094   -5475.5495  0.4880 
   00940    0.4025   -5480.1157  0.4408 
   00941    0.4037   -5498.8823  0.3710 
   00942    0.4088   -5516.9074  0.4118 
   00943    0.4088   -5493.0244  0.5030 
   00944    0.4163   -5468.5958  0.4036 
   00945    0.3844   -5468.2059  0.4282 
   00946    0.4125   -5506.7336  0.4534 
   00947    0.4069   -5517.8437  0.4664 
   00948    0.4175   -5509.3614  0.3683 
   00949    0.4138   -5523.6300  0.4750 
   00950    0.4163   -5510.2996  0.4903 
   00951    0.3887   -5502.7786  0.3876 
   00952    0.4031   -5507.3432  0.4571 
   00953    0.4169   -5523.4523  0.4809 
   00954    0.4056   -5544.1265  0.3332 
   00955    0.4006   -5532.2420  0.3629 
   00956    0.3981   -5488.3519  0.4349 
   00957    0.4200   -5471.5501  0.3253 
   00958    0.4156   -5480.4944  0.4749 
   00959    0.4019   -5480.2364  0.4487 
   00960    0.4100   -5474.9850  0.3096 
   00961    0.3781   -5484.2416  0.3470 
   00962    0.4119   -5485.7403  0.3862 
   00963    0.4056   -5488.2880  0.3612 
   00964    0.4119   -5482.4610  0.3930 
   00965    0.4188   -5495.3201  0.3963 
   00966    0.4094   -5512.6276  0.3935 
   00967    0.3894   -5501.4754  0.3531 
   00968    0.3800   -5508.2947  0.4472 
   00969    0.4256   -5485.8415  0.3834 
   00970    0.4394   -5489.8103  0.3324 
   00971    0.4125   -5489.9919  0.4049 
   00972    0.4031   -5522.1174  0.4594 
   00973    0.3994   -5522.0761  0.3745 
   00974    0.4131   -5520.8911  0.3765 
   00975    0.4100   -5483.2888  0.5064 
   00976    0.3837   -5501.6100  0.5288 
   00977    0.3981   -5474.4825  0.4928 
   00978    0.4050   -5493.8239  0.4353 
   00979    0.3987   -5489.2697  0.4197 
   00980    0.3944   -5475.1207  0.4464 
   00981    0.3931   -5471.0609  0.4983 
   00982    0.3894   -5475.7878  0.4769 
   00983    0.4069   -5467.0904  0.5190 
   00984    0.3900   -5485.7875  0.5022 
   00985    0.4213   -5505.6951  0.4488 
   00986    0.4169   -5497.6037  0.5724 
   00987    0.4138   -5457.0851  0.3357 
   00988    0.4419   -5445.6641  0.3937 
   00989    0.4012   -5420.0958  0.4804 
   00990    0.4131   -5428.8566  0.3452 
   00991    0.4131   -5427.3147  0.5389 
   00992    0.4031   -5419.0574  0.3718 
   00993    0.4106   -5441.9294  0.4278 
   00994    0.3875   -5457.3294  0.3312 
   00995    0.4125   -5447.8394  0.3601 
   00996    0.3944   -5432.2780  0.4606 
   00997    0.4044   -5452.3302  0.3436 
   00998    0.4306   -5472.9642  0.3642 
   00999    0.4250   -5478.7079  0.4016 
   01000    0.4044   -5469.1864  0.3520 
