#=====================================================
# File created:        Wed-26-Feb-2025-at-04-23-40AM
# Size of lattice:     40x40
# Number of MC steps:  1000
# Reduced temperature: 0.500
# Run time (s):        0.844491
#=====================================================
# MC step:  Ratio:     Energy:   Order:
#=====================================================
   00000    0.5000   -1584.1454  0.2696 
   00001    0.6956   -2496.0688  0.2902 
   00002    0.6012   -3055.9128  0.2823 
   00003    0.5744   -3421.6971  0.2948 
   00004    0.5537   -3642.1318  0.2983 
   00005    0.5613   -3832.2208  0.2959 
   00006    0.5387   -4075.8799  0.3087 
   00007    0.5212   -4219.2719  0.3099 
   00008    0.4988   -4325.3174  0.3052 
   00009    0.4631   -4422.6459  0.3150 
   00010    0.4813   -4450.4063  0.3229 
   00011    0.4744   -4558.6798  0.3153 
   00012    0.4763   -4618.3026  0.3223 
   00013    0.4637   -4706.6662  0.3403 
   00014    0.4587   -4748.0177  0.3390 
   00015    0.4531   -4799.4388  0.3445 
   00016    0.4525   -4777.3222  0.3536 
   00017    0.4612   -4853.8233  0.3584 
   00018    0.4331   -4870.3873  0.3660 
   00019    0.4512   -4897.6683  0.3799 
   00020    0.4400   -4935.3540  0.3834 
   00021    0.4394   -4964.5896  0.3847 
   00022    0.4394   -4959.2197  0.3941 
   00023    0.4325   -4979.6013  0.3977 
   00024    0.4394   -4998.4800  0.4022 
   00025    0.4306   -5003.2596  0.4157 
   00026    0.4375   -5014.3154  0.4133 
   00027    0.4350   -4999.5185  0.4148 
   00028    0.4400   -5036.2344  0.4099 
   00029    0.4250   -5064.6274  0.4076 
   00030    0.4331   -5040.6432  0.4070 
   00031    0.4450   -5060.2266  0.4128 
   00032    0.4313   -5036.3967  0.4024 
   00033    0.4231   -5069.0176  0.4098 
   00034    0.4537   -5077.3459  0.4164 
   00035    0.4238   -5066.1012  0.4132 
   00036    0.4456   -5062.4013  0.4096 
   00037    0.4519   -5071.4661  0.4161 
   00038    0.4387   -5079.6807  0.4235 
   00039    0.4331   -5063.4058  0.4156 
   00040    0.4350   -5093.3947  0.4233 
   00041    0.4344   -5111.7145  0.4161 
   00042    0.4156   -5144.2811  0.4117 
   00043    0.4425   -5151.7581  0.4194 
   00044    0.4350   -5212.3011  0.4170 
   00045    0.4269   -5190.7831  0.4168 
   00046    0.4238   -5238.7721  0.4141 
   00047    0.4106   -5256.3743  0.4232 
   00048    0.4138   -5283.1198  0.4291 
   00049    0.4506   -5269.8395  0.4323 
   00050    0.4250   -5290.0898  0.4337 
   00051    0.3906   -5289.6815  0.4341 
   00052    0.4200   -5263.5992  0.4370 
   00053    0.4100   -5262.4905  0.4401 
   00054    0.4088   -5277.7033  0.4397 
   00055    0.4269   -5267.1612  0.4384 
   00056    0.3925   -5287.1197  0.4351 
   00057    0.4125   -5282.0640  0.4373 
   00058    0.4469   -5260.1192  0.4395 
   00059    0.4000   -5266.3744  0.4413 
   00060    0.4275   -5270.0204  0.4443 
   00061    0.4119   -5261.1472  0.4447 
   00062    0.4200   -5298.4298  0.4435 
   00063    0.4206   -5300.1573  0.4513 
   00064    0.4138   -5340.9014  0.4525 
   00065    0.4231   -5346.9790  0.4495 
   00066    0.4356   -5338.9664  0.4452 
   00067    0.4256   -5338.7949  0.4494 
   00068    0.4256   -5335.1262  0.4484 
   00069    0.4306   -5322.6985  0.4527 
   00070    0.4338   -5323.7614  0.4510 
   00071    0.4313   -5311.8545  0.4492 
   00072    0.4375   -5296.9341  0.4399 
   00073    0.4394   -5267.2769  0.4472 
   00074    0.4344   -5327.7931  0.4579 
   00075    0.4419   -5347.0526  0.4591 
   00076    0.4200   -5353.7432  0.4622 
   00077    0.4263   -5306.4670  0.4580 
   00078    0.4044   -5323.6706  0.4651 
   00079    0.4100   -5361.1972  0.4718 
   00080    0.4156   -5353.9231  0.4610 
   00081    0.4269   -5335.2824  0.4634 
   00082    0.4356   -5345.9205  0.4703 
   00083    0.4150   -5365.7019  0.4784 
   00084    0.4081   -5359.0565  0.4700 
   00085    0.4062   -5357.8396  0.4571 
   00086    0.4363   -5326.5355  0.4529 
   00087    0.4163   -5322.1313  0.4608 
   00088    0.4225   -5358.1225  0.4718 
   00089    0.3987   -5353.7214  0.4687 
   00090    0.4100   -5362.8071  0.4696 
   00091    0.3944   -5401.7048  0.4709 
   00092    0.3831   -5396.9449  0.4648 
   00093    0.4012   -5370.5318  0.4648 
   00094    0.4156   -5365.8107  0.4560 
   00095    0.4387   -5296.7221  0.4533 
   00096    0.4269   -5306.5440  0.4583 
   00097    0.4313   -5336.9344  0.4702 
   00098    0.4125   -5318.9348  0.4692 
   00099    0.4006   -5364.6898  0.4664 
   00100    0.4244   -5375.2681  0.4655 
   00101    0.4194   -5370.9224  0.4623 
   00102    0.4113   -5354.5843  0.4675 
   00103    0.3981   -5363.0854  0.4734 
   00104    0.4169   -5371.1831  0.4752 
   00105    0.4144   -5390.3091  0.4765 
   00106    0.4163   -5346.0757  0.4836 
   00107    0.4206   -5327.0856  0.4831 
   00108    0.4200   -5348.6762  0.4860 
   00109    0.4219   -5358.6891  0.4923 
   00110    0.4088   -5367.8069  0.4923 
   00111    0.4169   -5358.6990  0.4833 
   00112    0.4056   -5359.3234  0.4913 
   00113    0.4069   -5387.7387  0.4936 
   00114    0.4094   -5390.2477  0.4904 
   00115    0.4019   -5377.3129  0.4921 
   00116    0.4075   -5388.2169  0.4923 
   00117    0.4081   -5374.8857  0.4990 
   00118    0.4075   -5381.3293  0.5059 
   00119    0.3900   -5397.3203  0.5075 
   00120    0.4213   -5400.4687  0.5089 
   00121    0.4012   -5386.1933  0.5140 
   00122    0.4437   -5384.7863  0.5205 
   00123    0.4100   -5407.6676  0.5232 
   00124    0.4244   -5417.1312  0.5269 
   00125    0.4188   -5382.0963  0.5173 
   00126    0.4225   -5381.3742  0.5175 
   00127    0.4363   -5368.3646  0.5127 
   00128    0.4175   -5379.1466  0.5182 
   00129    0.3956   -5403.4829  0.5218 
   00130    0.4163   -5373.2535  0.5222 
   00131    0.4256   -5351.2741  0.5279 
   00132    0.4213   -5387.8143  0.5264 
   00133    0.3950   -5407.9851  0.5230 
   00134    0.4125   -5454.6144  0.5349 
   00135    0.3881   -5462.4599  0.5381 
   00136    0.4387   -5415.6523  0.5432 
   00137    0.4181   -5414.6122  0.5403 
   00138    0.4100   -5403.7406  0.5333 
   00139    0.4075   -5416.1586  0.5372 
   00140    0.4119   -5435.4401  0.5346 
   00141    0.4169   -5431.9824  0.5358 
   00142    0.3987   -5374.0068  0.5362 
   00143    0.4169   -5384.6212  0.5426 
   00144    0.3987   -5413.6292  0.5448 
   00145    0.4088   -5428.5590  0.5406 
   00146    0.4269   -5420.5685  0.5447 
   00147    0.4031   -5450.5432  0.5457 
   00148    0.4062   -5420.1456  0.5501 
   00149    0.4206   -5412.9059  0.5387 
   00150    0.4156   -5407.2707  0.5435 
   00151    0.4037   -5422.8165  0.5410 
   00152    0.4194   -5426.1294  0.5417 
   00153    0.4144   -5452.9438  0.5515 
   00154    0.3975   -5442.0665  0.5516 
   00155    0.4200   -5385.9075  0.5455 
   00156    0.4269   -5407.2408  0.5523 
   00157    0.4100   -5369.1001  0.5403 
   00158    0.4138   -5396.9479  0.5540 
   00159    0.4181   -5381.1753  0.5545 
   00160    0.3994   -5359.3412  0.5540 
   00161    0.4200   -5359.9430  0.5672 
   00162    0.4338   -5379.5313  0.5718 
   00163    0.4256   -5401.3020  0.5671 
   00164    0.4131   -5412.0592  0.5669 
   00165    0.4150   -5382.0510  0.5675 
   00166    0.4181   -5388.9118  0.5662 
   00167    0.4131   -5414.0074  0.5674 
   00168    0.4100   -5405.3548  0.5619 
   00169    0.4300   -5341.3464  0.5548 
   00170    0.4194   -5415.9137  0.5578 
   00171    0.4075   -5391.4435  0.5571 
   00172    0.4113   -5353.1638  0.5544 
   00173    0.4256   -5378.0075  0.5541 
   00174    0.4075   -5366.4158  0.5568 
   00175    0.4106   -5359.1106  0.5666 
   00176    0.4394   -5391.7721  0.5646 
   00177    0.4150   -5389.7433  0.5646 
   00178    0.4263   -5404.2210  0.5689 
   00179    0.4100   -5370.9667  0.5739 
   00180    0.4062   -5406.6331  0.5739 
   00181    0.4263   -5422.3700  0.5770 
   00182    0.4275   -5451.1361  0.5793 
   00183    0.4150   -5415.5383  0.5764 
   00184    0.4144   -5415.0798  0.5832 
   00185    0.4275   -5425.2581  0.5894 
   00186    0.4125   -5391.0137  0.5907 
   00187    0.4244   -5427.3756  0.5847 
   00188    0.4194   -5418.4801  0.5877 
   00189    0.4350   -5453.8319  0.5903 
   00190    0.4150   -5425.5052  0.5828 
   00191    0.4256   -5392.9381  0.5856 
   00192    0.4169   -5367.6668  0.5878 
   00193    0.4175   -5381.7857  0.5910 
   00194    0.4231   -5402.0290  0.5974 
   00195    0.3987   -5432.4864  0.6036 
   00196    0.4062   -5403.3914  0.5969 
   00197    0.4131   -5439.3874  0.6063 
   00198    0.4206   -5426.6876  0.6057 
   00199    0.4025   -5415.3114  0.5976 
   00200    0.3987   -5397.3845  0.5944 
   00201    0.4213   -5380.0972  0.5995 
   00202    0.4144   -5430.3154  0.6069 
   00203    0.4256   -5425.1291  0.6071 
   00204    0.4012   -5384.7964  0.6010 
   00205    0.4419   -5415.9335  0.5992 
   00206    0.4144   -5404.9874  0.5960 
   00207    0.4012   -5397.5249  0.5937 
   00208    0.4300   -5400.4605  0.5953 
   00209    0.4275   -5366.7133  0.5945 
   00210    0.4213   -5368.5721  0.5983 
   00211    0.4300   -5389.3919  0.5996 
   00212    0.4119   -5403.0143  0.6076 
   00213    0.4106   -5421.5415  0.6053 
   00214    0.4306   -5406.0577  0.6058 
   00215    0.4125   -5431.2202  0.6029 
   00216    0.4094   -5436.0303  0.6056 
   00217    0.4037   -5423.5793  0.6030 
   00218    0.4125   -5466.0046  0.6009 
   00219    0.3844   -5486.3330  0.6142 
   00220    0.4031   -5476.8898  0.6186 
   00221    0.4031   -5436.9395  0.6228 
   00222    0.4012   -5424.0140  0.6082 
   00223    0.4012   -5436.0707  0.6159 
   00224    0.3837   -5434.3377  0.6240 
   00225    0.4088   -5445.2048  0.6263 
   00226    0.4088   -5439.1653  0.6205 
   00227    0.4188   -5449.5741  0.6256 
   00228    0.4275   -5432.2983  0.6209 
   00229    0.4025   -5429.4015  0.6260 
   00230    0.4150   -5440.6061  0.6337 
   00231    0.3987   -5438.7194  0.6350 
   00232    0.4338   -5426.1747  0.6296 
   00233    0.4037   -5418.9085  0.6229 
   00234    0.4081   -5442.1361  0.6271 
   00235    0.4131   -5464.5626  0.6228 
   00236    0.3969   -5426.9490  0.6170 
   00237    0.4169   -5443.2311  0.6203 
   00238    0.4125   -5465.1902  0.6230 
   00239    0.3994   -5446.3701  0.6248 
   00240    0.4050   -5426.8331  0.6149 
   00241    0.4169   -5425.9845  0.6188 
   00242    0.4163   -5470.4438  0.6265 
   00243    0.4175   -5462.8250  0.6240 
   00244    0.4056   -5454.7528  0.6296 
   00245    0.4169   -5495.3128  0.6386 
   00246    0.3937   -5487.9551  0.6346 
   00247    0.4031   -5466.8081  0.6382 
   00248    0.4206   -5510.5051  0.6357 
   00249    0.3950   -5488.9612  0.6396 
   00250    0.4000   -5483.5232  0.6364 
   00251    0.4144   -5494.2421  0.6479 
   00252    0.4062   -5478.8651  0.6506 
   00253    0.3987   -5464.2341  0.6543 
   00254    0.3981   -5448.6113  0.6503 
   00255    0.4169   -5410.1785  0.6475 
   00256    0.4275   -5448.7422  0.6512 
   00257    0.4138   -5441.7819  0.6543 
   00258    0.4306   -5466.5400  0.6676 
   00259    0.4163   -5456.0273  0.6654 
   00260    0.4019   -5420.9284  0.6601 
   00261    0.4044   -5426.4502  0.6658 
   00262    0.4025   -5445.0593  0.6753 
   00263    0.4050   -5452.2255  0.6754 
   00264    0.4106   -5445.3814  0.6746 
   00265    0.4044   -5465.8965  0.6777 
   00266    0.4188   -5467.4431  0.6703 
   00267    0.3762   -5449.2543  0.6607 
   00268    0.4175   -5493.2472  0.6649 
   00269    0.4088   -5479.9116  0.6586 
   00270    0.4206   -5467.2502  0.6623 
   00271    0.3856   -5487.3692  0.6704 
   00272    0.4194   -5470.4510  0.6715 
   00273    0.4225   -5443.6177  0.6743 
   00274    0.4294   -5451.6185  0.6722 
   00275    0.4081   -5489.7528  0.6772 
   00276    0.4175   -5490.3607  0.6845 
   00277    0.4131   -5498.3679  0.6835 
   00278    0.4062   -5494.1773  0.6810 
   00279    0.4025   -5507.7893  0.6813 
   00280    0.3994   -5507.6631  0.6849 
   00281    0.4119   -5453.1691  0.6862 
   00282    0.4194   -5410.4130  0.6900 
   00283    0.4281   -5409.2297  0.6847 
   00284    0.4163   -5414.3971  0.6828 
   00285    0.4375   -5439.7947  0.6800 
   00286    0.4206   -5469.8349  0.6823 
   00287    0.3887   -5475.9648  0.6898 
   00288    0.3912   -5444.1395  0.6805 
   00289    0.4175   -5400.9402  0.6774 
   00290    0.4181   -5399.9442  0.6753 
   00291    0.4100   -5402.2536  0.6762 
   00292    0.4044   -5393.5888  0.6764 
   00293    0.4231   -5401.1562  0.6690 
   00294    0.4294   -5487.2747  0.6734 
   00295    0.4169   -5451.1082  0.6840 
   00296    0.4113   -5443.6588  0.6814 
   00297    0.4069   -5445.2187  0.6727 
   00298    0.4025   -5486.2297  0.6689 
   00299    0.4138   -5470.8325  0.6642 
   00300    0.4256   -5468.3032  0.6668 
   00301    0.4119   -5462.7129  0.6648 
   00302    0.4081   -5480.8804  0.6665 
   00303    0.4213   -5503.9139  0.6716 
   00304    0.3850   -5487.7573  0.6648 
   00305    0.4088   -5488.8206  0.6656 
   00306    0.3956   -5488.8347  0.6606 
   00307    0.4019   -5457.7883  0.6632 
   00308    0.4256   -5473.4262  0.6682 
   00309    0.4325   -5454.0580  0.6690 
   00310    0.3987   -5437.2907  0.6700 
   00311    0.4200   -5446.9343  0.6593 
   00312    0.4181   -5441.0780  0.6583 
   00313    0.4006   -5456.8440  0.6550 
   00314    0.4088   -5487.8757  0.6621 
   00315    0.4125   -5458.5059  0.6582 
   00316    0.4306   -5455.0467  0.6520 
   00317    0.4213   -5446.3049  0.6559 
   00318    0.4219   -5468.9266  0.6672 
   00319    0.3937   -5499.3597  0.6597 
   00320    0.3731   -5495.6383  0.6575 
   00321    0.4050   -5495.1726  0.6659 
   00322    0.4200   -5508.1930  0.6693 
   00323    0.4169   -5533.5873  0.6676 
   00324    0.4056   -5534.8856  0.6760 
   00325    0.4119   -5496.6930  0.6781 
   00326    0.4012   -5485.0030  0.6780 
   00327    0.4225   -5461.3579  0.6784 
   00328    0.4319   -5487.7749  0.6750 
   00329    0.4075   -5493.6853  0.6687 
   00330    0.4225   -5454.7802  0.6621 
   00331    0.4025   -5475.1606  0.6696 
   00332    0.4225   -5475.3342  0.6702 
   00333    0.4225   -5539.8985  0.6665 
   00334    0.4025   -5486.8369  0.6609 
   00335    0.3919   -5476.6550  0.6575 
   00336    0.4269   -5491.4110  0.6635 
   00337    0.4181   -5455.3527  0.6636 
   00338    0.4181   -5471.4138  0.6677 
   00339    0.4194   -5503.0319  0.6674 
   00340    0.4050   -5484.9456  0.6678 
   00341    0.3950   -5486.4614  0.6704 
   00342    0.4050   -5441.5017  0.6691 
   00343    0.3975   -5431.4203  0.6645 
   00344    0.4044   -5426.6342  0.6772 
   00345    0.4288   -5456.2858  0.6846 
   00346    0.3862   -5475.7004  0.6986 
   00347    0.4094   -5440.7344  0.7044 
   00348    0.4025   -5455.1536  0.7052 
   00349    0.4150   -5472.2314  0.7049 
   00350    0.4056   -5477.2005  0.7086 
   00351    0.3825   -5520.0411  0.7089 
   00352    0.4019   -5548.8266  0.7104 
   00353    0.4050   -5539.3682  0.7077 
   00354    0.3944   -5492.2238  0.7064 
   00355    0.4069   -5509.7908  0.7005 
   00356    0.3950   -5489.6354  0.7010 
   00357    0.4044   -5483.8504  0.6981 
   00358    0.4044   -5436.2647  0.6997 
   00359    0.4419   -5408.0006  0.7039 
   00360    0.3969   -5444.0838  0.7069 
   00361    0.3619   -5476.7297  0.7090 
   00362    0.4138   -5474.7949  0.7071 
   00363    0.4069   -5441.6200  0.6993 
   00364    0.4044   -5421.0608  0.6935 
   00365    0.4069   -5408.3324  0.6953 
   00366    0.3994   -5425.6434  0.6921 
   00367    0.4012   -5443.3426  0.6970 
   00368    0.4325   -5446.3205  0.6912 
   00369    0.4181   -5452.4629  0.7041 
   00370    0.4050   -5446.6584  0.7025 
   00371    0.4050   -5427.3747  0.7018 
   00372    0.3981   -5469.9046  0.7111 
   00373    0.4331   -5461.2333  0.7026 
   00374    0.4250   -5469.0193  0.7091 
   00375    0.3975   -5459.2380  0.7075 
   00376    0.4194   -5475.7119  0.7109 
   00377    0.4113   -5448.4615  0.7060 
   00378    0.4169   -5439.7376  0.7036 
   00379    0.4125   -5451.7514  0.7065 
   00380    0.4344   -5458.2500  0.7139 
   00381    0.3937   -5446.1999  0.7104 
   00382    0.4031   -5453.9316  0.7173 
   00383    0.4000   -5468.5978  0.7128 
   00384    0.4100   -5506.5413  0.7198 
   00385    0.4100   -5509.2574  0.7224 
   00386    0.4031   -5501.0872  0.7279 
   00387    0.4200   -5465.9942  0.7237 
   00388    0.4088   -5457.9846  0.7190 
   00389    0.3994   -5449.4463  0.7141 
   00390    0.4081   -5454.7224  0.7199 
   00391    0.4031   -5479.5039  0.7243 
   00392    0.4094   -5467.0554  0.7280 
   00393    0.4188   -5464.8147  0.7219 
   00394    0.4231   -5460.1175  0.7186 
   00395    0.4169   -5494.9983  0.7258 
   00396    0.4056   -5493.2236  0.7339 
   00397    0.4069   -5475.4011  0.7321 
   00398    0.3987   -5501.4170  0.7368 
   00399    0.3944   -5452.4619  0.7267 
   00400    0.4238   -5435.3365  0.7227 
   00401    0.4062   -5464.3184  0.7311 
   00402    0.4331   -5470.2034  0.7289 
   00403    0.4256   -5425.5616  0.7356 
   00404    0.4288   -5436.6256  0.7296 
   00405    0.4363   -5424.3564  0.7323 
   00406    0.4206   -5418.1738  0.7271 
   00407    0.4175   -5431.9958  0.7288 
   00408    0.4319   -5425.6323  0.7305 
   00409    0.4081   -5436.3825  0.7243 
   00410    0.3981   -5458.2794  0.7262 
   00411    0.4138   -5467.6399  0.7264 
   00412    0.4138   -5469.3039  0.7354 
   00413    0.4219   -5484.2288  0.7412 
   00414    0.4050   -5464.9786  0.7347 
   00415    0.4050   -5479.5733  0.7352 
   00416    0.3987   -5472.9447  0.7361 
   00417    0.3919   -5448.0637  0.7354 
   00418    0.4200   -5465.0947  0.7352 
   00419    0.3994   -5470.4389  0.7392 
   00420    0.3906   -5480.8629  0.7453 
   00421    0.4012   -5487.4142  0.7542 
   00422    0.4238   -5476.8393  0.7589 
   00423    0.4281   -5484.3810  0.7588 
   00424    0.4125   -5466.8729  0.7599 
   00425    0.4150   -5486.7044  0.7612 
   00426    0.3931   -5452.1789  0.7629 
   00427    0.4131   -5402.7546  0.7648 
   00428    0.4037   -5402.5621  0.7705 
   00429    0.4138   -5463.5165  0.7770 
   00430    0.4044   -5450.7378  0.7734 
   00431    0.4175   -5455.8839  0.7715 
   00432    0.4050   -5483.7780  0.7759 
   00433    0.4288   -5515.2513  0.7784 
   00434    0.3825   -5481.4530  0.7752 
   00435    0.4131   -5475.9628  0.7708 
   00436    0.4119   -5461.5283  0.7607 
   00437    0.4106   -5470.7453  0.7595 
   00438    0.4194   -5515.8354  0.7552 
   00439    0.4012   -5528.5332  0.7634 
   00440    0.4025   -5512.1741  0.7642 
   00441    0.4144   -5512.4839  0.7705 
   00442    0.3894   -5531.5635  0.7734 
   00443    0.4169   -5505.7310  0.7690 
   00444    0.4050   -5470.2909  0.7712 
   00445    0.4331   -5505.2144  0.7783 
   00446    0.3975   -5515.0347  0.7789 
   00447    0.4138   -5468.6062  0.7834 
   00448    0.3825   -5458.0218  0.7848 
   00449    0.4088   -5496.8270  0.7809 
   00450    0.4313   -5460.2536  0.7784 
   00451    0.4188   -5459.3814  0.7710 
   00452    0.4019   -5457.7057  0.7675 
   00453    0.3894   -5500.3988  0.7643 
   00454    0.4225   -5467.2599  0.7629 
   00455    0.3912   -5491.1209  0.7690 
   00456    0.4044   -5471.0312  0.7661 
   00457    0.3825   -5459.0819  0.7684 
   00458    0.4119   -5481.1985  0.7664 
   00459    0.4031   -5495.5891  0.7637 
   00460    0.4244   -5475.8208  0.7680 
   00461    0.4156   -5477.5329  0.7674 
   00462    0.4062   -5470.3166  0.7589 
   00463    0.4131   -5444.4551  0.7645 
   00464    0.3844   -5496.8743  0.7625 
   00465    0.4163   -5493.7331  0.7620 
   00466    0.3975   -5484.0489  0.7632 
   00467    0.4031   -5497.8849  0.7680 
   00468    0.4256   -5509.1033  0.7643 
   00469    0.3937   -5537.6671  0.7612 
   00470    0.4331   -5563.6954  0.7688 
   00471    0.3969   -5523.3865  0.7719 
   00472    0.4100   -5517.4704  0.7723 
   00473    0.4156   -5528.6421  0.7696 
   00474    0.3881   -5524.8832  0.7672 
   00475    0.4037   -5493.3318  0.7664 
   00476    0.3975   -5515.3666  0.7637 
   00477    0.3869   -5521.9717  0.7613 
   00478    0.4163   -5475.6314  0.7598 
   00479    0.4012   -5505.4240  0.7606 
   00480    0.4156   -5519.2215  0.7694 
   00481    0.4169   -5536.7206  0.7691 
   00482    0.3944   -5524.7586  0.7654 
   00483    0.4019   -5569.6873  0.7755 
   00484    0.4025   -5542.1537  0.7746 
   00485    0.4200   -5540.9339  0.7789 
   00486    0.4156   -5560.9854  0.7803 
   00487    0.4244   -5565.7191  0.7766 
   00488    0.4044   -5597.7489  0.7795 
   00489    0.3725   -5573.0582  0.7800 
   00490    0.3944   -5574.4440  0.7857 
   00491    0.4081   -5571.9139  0.7765 
   00492    0.3962   -5542.7315  0.7833 
   00493    0.4081   -5562.2147  0.7834 
   00494    0.4169   -5526.4820  0.7803 
   00495    0.4175   -5534.9945  0.7788 
   00496    0.4075   -5555.1426  0.7781 
   00497    0.3887   -5563.7723  0.7827 
   00498    0.4075   -5522.8747  0.7753 
   00499    0.4300   -5502.8403  0.7744 
   00500    0.4138   -5513.6155  0.7789 
   00501    0.4250   -5460.0069  0.7773 
   00502    0.4375   -5477.6933  0.7737 
   00503    0.3956   -5486.7492  0.7673 
   00504    0.4313   -5456.1685  0.7675 
   00505    0.4256   -5451.1213  0.7709 
   00506    0.3925   -5477.5330  0.7729 
   00507    0.4056   -5475.6917  0.7770 
   00508    0.4231   -5474.4794  0.7762 
   00509    0.4006   -5472.0610  0.7759 
   00510    0.4019   -5472.7984  0.7787 
   00511    0.4281   -5425.0130  0.7726 
   00512    0.4206   -5439.0940  0.7740 
   00513    0.4219   -5494.8267  0.7778 
   00514    0.3956   -5507.7215  0.7788 
   00515    0.4244   -5477.4309  0.7744 
   00516    0.4113   -5493.7891  0.7834 
   00517    0.4131   -5498.4680  0.7923 
   00518    0.4163   -5471.0221  0.7878 
   00519    0.4000   -5493.8772  0.7919 
   00520    0.4012   -5496.6690  0.7980 
   00521    0.3837   -5529.3039  0.7959 
   00522    0.3850   -5502.6512  0.7891 
   00523    0.3944   -5513.6982  0.7902 
   00524    0.4250   -5544.5262  0.7920 
   00525    0.4081   -5517.6882  0.7964 
   00526    0.4156   -5506.6685  0.8012 
   00527    0.4100   -5487.4543  0.8018 
   00528    0.4313   -5476.9220  0.7965 
   00529    0.4238   -5485.7835  0.8005 
   00530    0.4163   -5441.3652  0.7897 
   00531    0.4094   -5451.0028  0.7888 
   00532    0.4194   -5433.0844  0.7849 
   00533    0.4094   -5465.6838  0.7906 
   00534    0.4050   -5474.9913  0.7942 
   00535    0.4181   -5480.3646  0.7940 
   00536    0.3875   -5502.0034  0.7946 
   00537    0.3869   -5522.1025  0.7995 
   00538    0.3762   -5513.2769  0.8009 
   00539    0.4044   -5562.8904  0.8097 
   00540    0.4006   -5515.4809  0.8025 
   00541    0.3856   -5527.5187  0.8007 
   00542    0.3994   -5506.5658  0.8040 
   00543    0.4156   -5469.9981  0.7997 
   00544    0.3925   -5487.2367  0.8036 
   00545    0.4188   -5497.4086  0.8074 
   00546    0.4250   -5509.9860  0.8119 
   00547    0.4256   -5515.9099  0.8132 
   00548    0.4106   -5487.6437  0.8092 
   00549    0.4012   -5471.1445  0.8098 
   00550    0.4056   -5509.4180  0.8146 
   00551    0.4119   -5504.4249  0.8114 
   00552    0.4256   -5486.5299  0.8104 
   00553    0.4031   -5468.1430  0.8062 
   00554    0.4012   -5502.0833  0.8075 
   00555    0.4200   -5492.0732  0.8062 
   00556    0.4244   -5501.8233  0.8073 
   00557    0.4225   -5516.9309  0.8091 
   00558    0.3912   -5512.0455  0.8072 
   00559    0.4194   -5531.7323  0.8110 
   00560    0.4062   -5507.4885  0.8047 
   00561    0.4075   -5470.0606  0.8087 
   00562    0.4125   -5465.5758  0.8083 
   00563    0.4238   -5446.4920  0.8076 
   00564    0.4025   -5484.3402  0.8139 
   00565    0.4150   -5452.1440  0.8096 
   00566    0.3994   -5457.9837  0.8094 
   00567    0.4075   -5508.2088  0.8130 
   00568    0.4062   -5478.4445  0.8149 
   00569    0.4244   -5484.8901  0.8135 
   00570    0.4144   -5517.1659  0.8175 
   00571    0.4031   -5527.5468  0.8201 
   00572    0.4175   -5527.4372  0.8228 
   00573    0.4019   -5487.5167  0.8200 
   00574    0.4094   -5493.2606  0.8217 
   00575    0.3956   -5489.7088  0.8286 
   00576    0.4313   -5515.1488  0.8331 
   00577    0.3981   -5524.3695  0.8333 
   00578    0.3912   -5572.5361  0.8403 
   00579    0.4269   -5568.7433  0.8409 
   00580    0.4188   -5583.1626  0.8372 
   00581    0.4075   -5551.6037  0.8317 
   00582    0.4006   -5551.0868  0.8318 
   00583    0.4069   -5557.7738  0.8360 
   00584    0.3950   -5576.6041  0.8389 
   00585    0.4275   -5537.5263  0.8361 
   00586    0.3906   -5525.5327  0.8404 
   00587    0.4219   -5520.1645  0.8417 
   00588    0.4325   -5499.6004  0.8358 
   00589    0.4037   -5512.0566  0.8344 
   00590    0.4138   -5523.0373  0.8345 
   00591    0.3856   -5517.6582  0.8325 
   00592    0.3862   -5509.8160  0.8306 
   00593    0.4037   -5489.4772  0.8287 
   00594    0.3987   -5507.3478  0.8329 
   00595    0.4313   -5458.5120  0.8349 
   00596    0.4313   -5445.4262  0.8334 
   00597    0.4131   -5519.2682  0.8402 
   00598    0.4138   -5561.9065  0.8453 
   00599    0.4150   -5560.4111  0.8467 
   00600    0.4150   -5553.3077  0.8470 
   00601    0.4288   -5518.5879  0.8425 
   00602    0.4300   -5524.7647  0.8392 
   00603    0.4075   -5511.5727  0.8380 
   00604    0.3937   -5499.4322  0.8331 
   00605    0.3731   -5511.9067  0.8363 
   00606    0.4319   -5486.2679  0.8344 
   00607    0.4131   -5513.2925  0.8336 
   00608    0.3994   -5502.3633  0.8353 
   00609    0.4075   -5539.8153  0.8362 
   00610    0.3981   -5507.6776  0.8373 
   00611    0.4044   -5494.0847  0.8331 
   00612    0.4069   -5488.1583  0.8288 
   00613    0.4188   -5502.5966  0.8333 
   00614    0.4138   -5514.0005  0.8313 
   00615    0.4163   -5503.0388  0.8312 
   00616    0.4006   -5488.9375  0.8268 
   00617    0.4269   -5500.3889  0.8202 
   00618    0.4056   -5494.9979  0.8180 
   00619    0.4088   -5468.8853  0.8119 
   00620    0.4219   -5468.3421  0.8136 
   00621    0.4125   -5498.0594  0.8152 
   00622    0.4244   -5514.6424  0.8177 
   00623    0.4125   -5479.0176  0.8174 
   00624    0.4344   -5512.3293  0.8121 
   00625    0.3994   -5490.0114  0.8183 
   00626    0.4125   -5472.7439  0.8184 
   00627    0.4338   -5505.0249  0.8216 
   00628    0.3944   -5533.0556  0.8291 
   00629    0.3956   -5526.6089  0.8304 
   00630    0.3931   -5514.7299  0.8259 
   00631    0.3987   -5506.6912  0.8245 
   00632    0.4163   -5488.9578  0.8304 
   00633    0.4106   -5503.0939  0.8304 
   00634    0.4181   -5531.1022  0.8252 
   00635    0.4075   -5523.1538  0.8305 
   00636    0.4081   -5529.5580  0.8244 
   00637    0.4050   -5529.9314  0.8192 
   00638    0.4138   -5507.1225  0.8174 
   00639    0.3856   -5539.8037  0.8216 
   00640    0.4006   -5526.7510  0.8200 
   00641    0.3931   -5490.3965  0.8198 
   00642    0.3831   -5480.6999  0.8241 
   00643    0.4131   -5469.6563  0.8191 
   00644    0.4044   -5469.1019  0.8185 
   00645    0.4206   -5470.1860  0.8206 
   00646    0.4056   -5492.1000  0.8203 
   00647    0.3944   -5480.3126  0.8214 
   00648    0.4169   -5479.3829  0.8237 
   00649    0.4000   -5471.5229  0.8217 
   00650    0.3825   -5467.0460  0.8213 
   00651    0.4031   -5495.8835  0.8259 
   00652    0.4219   -5522.7356  0.8281 
   00653    0.4313   -5507.5406  0.8264 
   00654    0.4256   -5486.1346  0.8227 
   00655    0.4006   -5479.9983  0.8206 
   00656    0.4088   -5492.0790  0.8172 
   00657    0.3994   -5488.5806  0.8149 
   00658    0.4175   -5476.4964  0.8200 
   00659    0.3925   -5488.0410  0.8183 
   00660    0.4163   -5485.1968  0.8212 
   00661    0.3969   -5469.0227  0.8234 
   00662    0.4206   -5487.6703  0.8288 
   00663    0.4037   -5498.5982  0.8261 
   00664    0.4119   -5476.6645  0.8213 
   00665    0.4194   -5460.0472  0.8223 
   00666    0.3912   -5481.5665  0.8235 
   00667    0.4156   -5515.8153  0.8248 
   00668    0.3875   -5504.4237  0.8202 
   00669    0.4106   -5521.0085  0.8213 
   00670    0.3994   -5538.0199  0.8222 
   00671    0.4100   -5511.5038  0.8264 
   00672    0.4138   -5484.7621  0.8236 
   00673    0.4094   -5505.4739  0.8244 
   00674    0.4081   -5493.2665  0.8176 
   00675    0.4025   -5467.0150  0.8174 
   00676    0.3850   -5483.5537  0.8151 
   00677    0.4194   -5526.1090  0.8189 
   00678    0.4194   -5519.0918  0.8175 
   00679    0.3944   -5519.1694  0.8196 
   00680    0.3900   -5494.3503  0.8144 
   00681    0.3981   -5507.9145  0.8138 
   00682    0.4250   -5507.3745  0.8187 
   00683    0.4138   -5505.3529  0.8182 
   00684    0.3950   -5513.7395  0.8198 
   00685    0.4188   -5479.8759  0.8150 
   00686    0.4138   -5482.1968  0.8178 
   00687    0.4181   -5490.0622  0.8204 
   00688    0.4006   -5488.8500  0.8262 
   00689    0.4200   -5485.0219  0.8273 
   00690    0.4263   -5452.6417  0.8289 
   00691    0.4106   -5474.5504  0.8282 
   00692    0.4219   -5511.7199  0.8338 
   00693    0.4169   -5512.3696  0.8328 
   00694    0.4006   -5533.3328  0.8334 
   00695    0.4006   -5519.4214  0.8289 
   00696    0.4106   -5502.1503  0.8295 
   00697    0.4163   -5458.9511  0.8248 
   00698    0.3894   -5546.6644  0.8260 
   00699    0.4012   -5517.4561  0.8221 
   00700    0.4094   -5469.4833  0.8185 
   00701    0.4019   -5449.2099  0.8194 
   00702    0.4012   -5486.1600  0.8240 
   00703    0.4194   -5458.2717  0.8233 
   00704    0.4356   -5475.7345  0.8232 
   00705    0.4113   -5484.4704  0.8222 
   00706    0.4131   -5489.6570  0.8202 
   00707    0.4006   -5479.4600  0.8222 
   00708    0.3875   -5473.6414  0.8219 
   00709    0.4369   -5463.6608  0.8201 
   00710    0.4300   -5469.2611  0.8214 
   00711    0.4188   -5490.9997  0.8252 
   00712    0.4025   -5530.5307  0.8252 
   00713    0.4206   -5485.1992  0.8182 
   00714    0.3994   -5487.6842  0.8170 
   00715    0.3887   -5491.3995  0.8145 
   00716    0.3825   -5492.2200  0.8146 
   00717    0.4188   -5478.7316  0.8115 
   00718    0.4188   -5485.2031  0.8139 
   00719    0.4181   -5532.3892  0.8128 
   00720    0.4156   -5491.2983  0.8122 
   00721    0.4175   -5492.3123  0.8091 
   00722    0.4025   -5480.7711  0.8081 
   00723    0.4012   -5481.6360  0.8101 
   00724    0.4075   -5503.7330  0.8132 
   00725    0.4200   -5507.8567  0.8157 
   00726    0.4125   -5530.4503  0.8179 
   00727    0.4131   -5542.2512  0.8169 
   00728    0.4056   -5540.9287  0.8212 
   00729    0.3912   -5504.3464  0.8215 
   00730    0.4000   -5507.1510  0.8158 
   00731    0.4050   -5502.7723  0.8175 
   00732    0.4075   -5510.5713  0.8173 
   00733    0.3925   -5510.3647  0.8157 
   00734    0.4169   -5549.3091  0.8215 
   00735    0.4175   -5526.0930  0.8189 
   00736    0.4012   -5550.8329  0.8293 
   00737    0.3994   -5546.7725  0.8282 
   00738    0.4062   -5520.7840  0.8274 
   00739    0.4344   -5491.8724  0.8342 
   00740    0.4238   -5514.2949  0.8408 
   00741    0.4031   -5479.5264  0.8375 
   00742    0.4231   -5490.1815  0.8430 
   00743    0.4219   -5482.9028  0.8346 
   00744    0.4006   -5517.6302  0.8389 
   00745    0.3944   -5518.7872  0.8425 
   00746    0.4125   -5527.7734  0.8436 
   00747    0.3931   -5509.5694  0.8355 
   00748    0.4169   -5542.5618  0.8366 
   00749    0.3831   -5540.1367  0.8373 
   00750    0.4194   -5556.8157  0.8433 
   00751    0.4019   -5541.8012  0.8402 
   00752    0.3981   -5518.2063  0.8403 
   00753    0.3962   -5502.4765  0.8391 
   00754    0.3931   -5514.6295  0.8460 
   00755    0.4119   -5484.2570  0.8464 
   00756    0.4181   -5538.3676  0.8482 
   00757    0.4144   -5528.2027  0.8462 
   00758    0.3837   -5520.9286  0.8441 
   00759    0.4106   -5544.8249  0.8497 
   00760    0.3919   -5564.6992  0.8481 
   00761    0.4031   -5552.5053  0.8416 
   00762    0.4044   -5526.2943  0.8389 
   00763    0.4113   -5507.1950  0.8408 
   00764    0.3981   -5502.1369  0.8437 
   00765    0.4119   -5463.6276  0.8407 
   00766    0.4100   -5501.2470  0.8336 
   00767    0.4075   -5504.0891  0.8322 
   00768    0.4163   -5523.7310  0.8358 
   00769    0.3994   -5515.9203  0.8310 
   00770    0.4175   -5492.1928  0.8234 
   00771    0.4125   -5503.4210  0.8240 
   00772    0.4131   -5508.8433  0.8211 
   00773    0.3937   -5509.3354  0.8194 
   00774    0.4213   -5488.4802  0.8235 
   00775    0.3937   -5483.8839  0.8256 
   00776    0.4200   -5469.9622  0.8266 
   00777    0.3994   -5521.8652  0.8285 
   00778    0.3825   -5513.3492  0.8254 
   00779    0.4250   -5516.6300  0.8262 
   00780    0.4056   -5517.4726  0.8254 
   00781    0.4206   -5448.8306  0.8168 
   00782    0.4231   -5467.2142  0.8181 
   00783    0.4138   -5473.7355  0.8219 
   00784    0.4206   -5495.2037  0.8223 
   00785    0.4206   -5505.6450  0.8281 
   00786    0.4075   -5526.0967  0.8256 
   00787    0.3944   -5560.9003  0.8295 
   00788    0.3962   -5561.0946  0.8283 
   00789    0.4031   -5564.2014  0.8301 
   00790    0.3969   -5523.5060  0.8302 
   00791    0.3812   -5490.3646  0.8246 
   00792    0.4019   -5500.0387  0.8245 
   00793    0.3944   -5503.2331  0.8233 
   00794    0.3969   -5525.2299  0.8208 
   00795    0.3987   -5548.6000  0.8218 
   00796    0.3894   -5552.1581  0.8271 
   00797    0.4000   -5544.4177  0.8303 
   00798    0.3969   -5581.8766  0.8363 
   00799    0.3887   -5579.1858  0.8329 
   00800    0.3775   -5548.5916  0.8311 
   00801    0.4113   -5520.5246  0.8304 
   00802    0.4119   -5543.0892  0.8279 
   00803    0.4106   -5546.7335  0.8361 
   00804    0.4081   -5533.2169  0.8307 
   00805    0.4062   -5519.2248  0.8275 
   00806    0.3912   -5529.9075  0.8300 
   00807    0.4138   -5528.2142  0.8295 
   00808    0.4150   -5501.5944  0.8322 
   00809    0.3944   -5488.8968  0.8267 
   00810    0.4062   -5496.1332  0.8258 
   00811    0.3969   -5525.3567  0.8288 
   00812    0.3894   -5535.0041  0.8295 
   00813    0.4056   -5539.9523  0.8370 
   00814    0.4081   -5554.9575  0.8401 
   00815    0.4094   -5544.9225  0.8328 
   00816    0.4250   -5511.2312  0.8290 
   00817    0.4012   -5502.2371  0.8236 
   00818    0.3887   -5514.9387  0.8238 
   00819    0.3994   -5527.0480  0.8287 
   00820    0.4125   -5527.5646  0.8277 
   00821    0.3987   -5503.8460  0.8255 
   00822    0.4044   -5536.5230  0.8302 
   00823    0.4113   -5521.8421  0.8271 
   00824    0.4169   -5482.9515  0.8240 
   00825    0.4188   -5478.4611  0.8195 
   00826    0.4175   -5480.8171  0.8209 
   00827    0.4169   -5455.1082  0.8162 
   00828    0.4031   -5480.1818  0.8142 
   00829    0.4231   -5510.5018  0.8125 
   00830    0.4175   -5513.0917  0.8105 
   00831    0.4119   -5521.0710  0.8143 
   00832    0.4119   -5528.6023  0.8113 
   00833    0.4150   -5477.8391  0.8045 
   00834    0.4250   -5461.3122  0.8096 
   00835    0.4025   -5508.4648  0.8147 
   00836    0.4150   -5518.8260  0.8205 
   00837    0.4075   -5495.6736  0.8243 
   00838    0.4225   -5492.8012  0.8262 
   00839    0.4075   -5506.0729  0.8264 
   00840    0.4131   -5502.0704  0.8251 
   00841    0.4062   -5486.3943  0.8213 
   00842    0.4113   -5485.6418  0.8227 
   00843    0.4163   -5466.6967  0.8251 
   00844    0.4006   -5458.6290  0.8222 
   00845    0.3856   -5489.3535  0.8231 
   00846    0.4088   -5486.7917  0.8237 
   00847    0.4075   -5498.2910  0.8181 
   00848    0.3987   -5503.4966  0.8219 
   00849    0.3944   -5537.2269  0.8217 
   00850    0.4113   -5546.3574  0.8219 
   00851    0.4006   -5549.9454  0.8243 
   00852    0.4031   -5515.3094  0.8241 
   00853    0.4000   -5490.1156  0.8234 
   00854    0.3962   -5486.1399  0.8217 
   00855    0.4113   -5507.9130  0.8251 
   00856    0.4056   -5531.5437  0.8245 
   00857    0.4150   -5558.7456  0.8293 
   00858    0.4069   -5553.4801  0.8209 
   00859    0.4081   -5516.1158  0.8227 
   00860    0.4219   -5523.8104  0.8259 
   00861    0.4219   -5460.7106  0.8175 
   00862    0.4138   -5480.9267  0.8192 
   00863    0.4313   -5442.9654  0.8184 
   00864    0.4387   -5442.3622  0.8167 
   00865    0.4275   -5481.8197  0.8237 
   00866    0.4188   -5474.8403  0.8244 
   00867    0.4225   -5462.8070  0.8203 
   00868    0.4188   -5450.8689  0.8214 
   00869    0.3950   -5451.2033  0.8164 
   00870    0.4156   -5450.0917  0.8233 
   00871    0.4062   -5441.6752  0.8164 
   00872    0.4175   -5465.5784  0.8163 
   00873    0.4081   -5432.2937  0.8171 
   00874    0.3969   -5422.2380  0.8110 
   00875    0.4244   -5429.9391  0.8028 
   00876    0.3931   -5437.1847  0.8000 
   00877    0.4325   -5480.6834  0.8126 
   00878    0.4031   -5502.9826  0.8147 
   00879    0.3931   -5468.4626  0.8167 
   00880    0.4100   -5459.0133  0.8164 
   00881    0.4156   -5470.9770  0.8135 
   00882    0.3912   -5512.4214  0.8223 
   00883    0.3987   -5471.0915  0.8147 
   00884    0.4188   -5472.9373  0.8139 
   00885    0.4019   -5480.9035  0.8187 
   00886    0.4219   -5522.8177  0.8248 
   00887    0.4244   -5506.2912  0.8262 
   00888    0.4062   -5516.6061  0.8253 
   00889    0.4000   -5524.0402  0.8253 
   00890    0.4206   -5526.9622  0.8291 
   00891    0.4069   -5548.3448  0.8314 
   00892    0.4106   -5547.2106  0.8330 
   00893    0.4188   -5543.1266  0.8353 
   00894    0.4138   -5523.3004  0.8308 
   00895    0.4319   -5541.0001  0.8392 
   00896    0.4294   -5530.9878  0.8406 
   00897    0.4075   -5517.8452  0.8387 
   00898    0.3887   -5519.8768  0.8355 
   00899    0.4100   -5532.3630  0.8347 
   00900    0.4238   -5488.7289  0.8321 
   00901    0.4012   -5516.8042  0.8354 
   00902    0.4194   -5522.5731  0.8338 
   00903    0.4281   -5469.4270  0.8256 
   00904    0.3925   -5444.4732  0.8227 
   00905    0.4131   -5474.0444  0.8264 
   00906    0.4263   -5513.4005  0.8240 
   00907    0.4319   -5510.4236  0.8219 
   00908    0.3925   -5513.5190  0.8155 
   00909    0.4094   -5509.5730  0.8123 
   00910    0.4288   -5503.4979  0.8084 
   00911    0.4056   -5491.7005  0.8108 
   00912    0.4250   -5520.3337  0.8107 
   00913    0.4169   -5531.5499  0.8109 
   00914    0.4150   -5508.4518  0.8102 
   00915    0.4125   -5511.4882  0.8079 
   00916    0.4188   -5517.5893  0.8063 
   00917    0.4025   -5519.6486  0.8089 
   00918    0.3900   -5488.9370  0.8088 
   00919    0.4050   -5506.1059  0.8091 
   00920    0.4144   -5529.2787  0.8099 
   00921    0.4037   -5491.6052  0.8092 
   00922    0.4175   -5556.4951  0.8085 
   00923    0.3906   -5546.4657  0.8092 
   00924    0.3975   -5526.4884  0.8062 
   00925    0.4300   -5519.7826  0.8052 
   00926    0.4256   -5518.7708  0.8040 
   00927    0.3794   -5525.8439  0.8006 
   00928    0.4088   -5550.8911  0.8089 
   00929    0.3994   -5523.5344  0.8075 
   00930    0.4131   -5476.4140  0.8042 
   00931    0.4044   -5486.4494  0.7977 
   00932    0.4075   -5488.0188  0.8013 
   00933    0.3831   -5501.4351  0.7994 
   00934    0.4106   -5507.4240  0.7992 
   00935    0.4156   -5505.7202  0.7973 
   00936    0.4356   -5488.3100  0.8041 
   00937    0.4256   -5480.6938  0.8012 
   00938    0.4025   -5504.9502  0.8062 
   00939    0.4094   -5475.5495  0.8024 
   00940    0.4025   -5480.1157  0.8030 
   00941    0.4037   -5498.8823  0.8035 
   00942    0.4088   -5516.9074  0.8067 
   00943    0.4088   -5493.0244  0.8060 
   00944    0.4163   -5468.5958  0.8039 
   00945    0.3844   -5468.2059  0.7999 
   00946    0.4125   -5506.7336  0.8056 
   00947    0.4069   -5517.8437  0.8065 
   00948    0.4175   -5509.3614  0.8111 
   00949    0.4138   -5523.6300  0.8131 
   00950    0.4163   -5510.2996  0.8179 
   00951    0.3887   -5502.7786  0.8169 
   00952    0.4031   -5507.3432  0.8141 
   00953    0.4169   -5523.4523  0.8189 
   00954    0.4056   -5544.1265  0.8167 
   00955    0.4006   -5532.2420  0.8211 
   00956    0.3981   -5488.3519  0.8146 
   00957    0.4200   -5471.5501  0.8173 
   00958    0.4156   -5480.4944  0.8201 
   00959    0.4019   -5480.2364  0.8200 
   00960    0.4100   -5474.9850  0.8280 
   00961    0.3781   -5484.2416  0.8307 
   00962    0.4119   -5485.7403  0.8311 
   00963    0.4056   -5488.2880  0.8302 
   00964    0.4119   -5482.4610  0.8330 
   00965    0.4188   -5495.3201  0.8322 
   00966    0.4094   -5512.6276  0.8342 
   00967    0.3894   -5501.4754  0.8312 
   00968    0.3800   -5508.2947  0.8303 
   00969    0.4256   -5485.8415  0.8307 
   00970    0.4394   -5489.8103  0.8365 
   00971    0.4125   -5489.9919  0.8322 
   00972    0.4031   -5522.1174  0.8318 
   00973    0.3994   -5522.0761  0.8246 
   00974    0.4131   -5520.8911  0.8259 
   00975    0.4100   -5483.2888  0.8179 
   00976    0.3837   -5501.6100  0.8208 
   00977    0.3981   -5474.4825  0.8191 
   00978    0.4050   -5493.8239  0.8221 
   00979    0.3987   -5489.2697  0.8215 
   00980    0.3944   -5475.1207  0.8181 
   00981    0.3931   -5471.0609  0.8208 
   00982    0.3894   -5475.7878  0.8189 
   00983    0.4069   -5467.0904  0.8139 
   00984    0.3900   -5485.7875  0.8113 
   00985    0.4213   -5505.6951  0.8094 
   00986    0.4169   -5497.6037  0.8057 
   00987    0.4138   -5457.0851  0.7994 
   00988    0.4419   -5445.6641  0.8002 
   00989    0.4012   -5420.0958  0.8053 
   00990    0.4131   -5428.8566  0.8080 
   00991    0.4131   -5427.3147  0.8118 
   00992    0.4031   -5419.0574  0.7996 
   00993    0.4106   -5441.9294  0.8010 
   00994    0.3875   -5457.3294  0.8065 
   00995    0.4125   -5447.8394  0.8103 
   00996    0.3944   -5432.2780  0.8087 
   00997    0.4044   -5452.3302  0.8055 
   00998    0.4306   -5472.9642  0.8067 
   00999    0.4250   -5478.7079  0.8101 
   01000    0.4044   -5469.1864  0.8128 
