#=====================================================
# File created:        Mon-24-Feb-2025-at-11-35-11AM
# Size of lattice:     50x50
# Number of MC steps:  500
# Reduced temperature: 0.500
# Run time (s):        15.275909
#=====================================================
# MC step:  Ratio:     Energy:   Order:
#=====================================================
   00000    0.5000   -2444.7378  0.2551 
   00001    0.7020   -3882.3522  0.2540 
   00002    0.6344   -4656.5281  0.2649 
   00003    0.5816   -5203.9044  0.2757 
   00004    0.5628   -5678.7826  0.2734 
   00005    0.5480   -6076.4670  0.2642 
   00006    0.5148   -6327.7808  0.2590 
   00007    0.5148   -6570.1181  0.2633 
   00008    0.4896   -6738.5100  0.2582 
   00009    0.4984   -6928.5785  0.2657 
   00010    0.4924   -7119.4887  0.2777 
   00011    0.4700   -7242.9868  0.2845 
   00012    0.4588   -7305.6399  0.2878 
   00013    0.4660   -7399.6098  0.2882 
   00014    0.4608   -7487.1559  0.2841 
   00015    0.4472   -7483.4287  0.2866 
   00016    0.4584   -7490.0973  0.2843 
   00017    0.4460   -7582.4977  0.2885 
   00018    0.4372   -7680.7362  0.2938 
   00019    0.4380   -7705.2733  0.2947 
   00020    0.4484   -7796.9772  0.3040 
   00021    0.4336   -7793.8213  0.3045 
   00022    0.4408   -7827.5217  0.3018 
   00023    0.4344   -7858.0898  0.3033 
   00024    0.4408   -7892.6185  0.3084 
   00025    0.4372   -7906.7514  0.3125 
   00026    0.4240   -7980.7702  0.3082 
   00027    0.4364   -8024.8532  0.3129 
   00028    0.4220   -8010.4359  0.3177 
   00029    0.4332   -8031.5333  0.3144 
   00030    0.4308   -8013.7334  0.3108 
   00031    0.4404   -8032.5268  0.3016 
   00032    0.4248   -8038.7910  0.2989 
   00033    0.4404   -8088.2164  0.2996 
   00034    0.4116   -8082.1782  0.3059 
   00035    0.4288   -8077.9259  0.3111 
   00036    0.4224   -8120.1321  0.3088 
   00037    0.4236   -8136.0134  0.3131 
   00038    0.4276   -8094.0189  0.3183 
   00039    0.4296   -8104.7336  0.3194 
   00040    0.4284   -8119.3888  0.3177 
   00041    0.4212   -8115.8789  0.3188 
   00042    0.4200   -8108.6348  0.3151 
   00043    0.4128   -8128.5447  0.3123 
   00044    0.4120   -8150.3312  0.3123 
   00045    0.4236   -8206.0995  0.3125 
   00046    0.4380   -8186.0655  0.3086 
   00047    0.4248   -8165.6152  0.3136 
   00048    0.4128   -8156.5089  0.3108 
   00049    0.4192   -8139.6183  0.3143 
   00050    0.4376   -8129.0047  0.3207 
   00051    0.4184   -8141.4310  0.3136 
   00052    0.4300   -8178.0239  0.3085 
   00053    0.4196   -8215.7534  0.3077 
   00054    0.4276   -8193.5245  0.3077 
   00055    0.4112   -8210.4622  0.3114 
   00056    0.4292   -8157.9708  0.3111 
   00057    0.4148   -8194.1536  0.3126 
   00058    0.4184   -8202.0419  0.3037 
   00059    0.4292   -8186.2423  0.3003 
   00060    0.4368   -8208.5890  0.3013 
   00061    0.4420   -8232.3498  0.2950 
   00062    0.4132   -8251.0983  0.2963 
   00063    0.4212   -8240.8641  0.2999 
   00064    0.4344   -8256.4825  0.2984 
   00065    0.4152   -8280.3795  0.2955 
   00066    0.4220   -8247.7976  0.2934 
   00067    0.4192   -8306.8664  0.3011 
   00068    0.4232   -8241.4606  0.2944 
   00069    0.4100   -8228.0572  0.2949 
   00070    0.4200   -8241.3352  0.3009 
   00071    0.4160   -8204.5334  0.3014 
   00072    0.4312   -8191.8221  0.3008 
   00073    0.4264   -8182.2146  0.2925 
   00074    0.4156   -8222.1554  0.3009 
   00075    0.4348   -8273.1788  0.3005 
   00076    0.4012   -8222.8701  0.2927 
   00077    0.4444   -8255.8343  0.2919 
   00078    0.4080   -8253.2234  0.2864 
   00079    0.4160   -8247.3675  0.2775 
   00080    0.4240   -8298.5896  0.2705 
   00081    0.4140   -8330.5716  0.2753 
   00082    0.4084   -8317.9556  0.2732 
   00083    0.4228   -8238.9917  0.2726 
   00084    0.4340   -8225.8077  0.2767 
   00085    0.4348   -8247.1810  0.2725 
   00086    0.4248   -8204.6364  0.2791 
   00087    0.4252   -8193.9997  0.2777 
   00088    0.4200   -8264.4610  0.2816 
   00089    0.4192   -8239.3808  0.2843 
   00090    0.4180   -8240.7006  0.2892 
   00091    0.4128   -8258.1131  0.2921 
   00092    0.4112   -8288.7985  0.3013 
   00093    0.4068   -8290.6224  0.3097 
   00094    0.4144   -8271.5946  0.3119 
   00095    0.4372   -8290.4859  0.3125 
   00096    0.4344   -8271.0295  0.3074 
   00097    0.4144   -8257.8010  0.3116 
   00098    0.4364   -8277.5580  0.3103 
   00099    0.4056   -8301.9777  0.3186 
   00100    0.4064   -8362.8807  0.3221 
   00101    0.4128   -8359.3707  0.3216 
   00102    0.4216   -8368.3333  0.3239 
   00103    0.4172   -8371.8311  0.3257 
   00104    0.4064   -8372.4395  0.3269 
   00105    0.4308   -8377.4186  0.3262 
   00106    0.4128   -8352.8453  0.3294 
   00107    0.4072   -8359.4516  0.3325 
   00108    0.4196   -8294.5125  0.3295 
   00109    0.4176   -8340.1958  0.3275 
   00110    0.4320   -8285.8310  0.3234 
   00111    0.4272   -8294.2344  0.3238 
   00112    0.4092   -8313.6925  0.3239 
   00113    0.4116   -8311.9250  0.3220 
   00114    0.4044   -8276.5774  0.3260 
   00115    0.4236   -8279.0351  0.3178 
   00116    0.4204   -8315.7187  0.3221 
   00117    0.4232   -8291.7539  0.3252 
   00118    0.4156   -8330.4418  0.3272 
   00119    0.4120   -8316.4128  0.3236 
   00120    0.4224   -8294.5940  0.3267 
   00121    0.4248   -8300.0953  0.3302 
   00122    0.4200   -8346.3668  0.3358 
   00123    0.4376   -8361.7574  0.3330 
   00124    0.4096   -8372.8027  0.3292 
   00125    0.4216   -8370.2162  0.3327 
   00126    0.4140   -8371.8418  0.3420 
   00127    0.4184   -8391.2488  0.3371 
   00128    0.4136   -8429.9158  0.3379 
   00129    0.4088   -8451.0797  0.3397 
   00130    0.4144   -8415.3400  0.3291 
   00131    0.4200   -8439.9299  0.3253 
   00132    0.4132   -8407.4003  0.3283 
   00133    0.4196   -8407.4346  0.3274 
   00134    0.4048   -8409.0577  0.3300 
   00135    0.4140   -8405.6658  0.3336 
   00136    0.4152   -8448.9234  0.3405 
   00137    0.4164   -8402.1561  0.3381 
   00138    0.4240   -8436.9661  0.3363 
   00139    0.4124   -8419.0754  0.3384 
   00140    0.4244   -8449.0773  0.3401 
   00141    0.4028   -8432.0555  0.3418 
   00142    0.3936   -8394.4652  0.3407 
   00143    0.4072   -8378.5636  0.3395 
   00144    0.4024   -8343.3214  0.3384 
   00145    0.4204   -8402.5746  0.3404 
   00146    0.4120   -8403.2558  0.3430 
   00147    0.4032   -8434.9114  0.3466 
   00148    0.4060   -8417.8540  0.3481 
   00149    0.4260   -8434.5477  0.3490 
   00150    0.4332   -8414.7594  0.3488 
   00151    0.4232   -8385.9615  0.3460 
   00152    0.4244   -8455.9923  0.3479 
   00153    0.4044   -8485.8105  0.3503 
   00154    0.4008   -8445.4443  0.3522 
   00155    0.4356   -8418.3786  0.3595 
   00156    0.4060   -8406.6093  0.3599 
   00157    0.4108   -8368.0071  0.3554 
   00158    0.4212   -8397.7085  0.3566 
   00159    0.4180   -8400.1219  0.3563 
   00160    0.3952   -8404.8697  0.3615 
   00161    0.4096   -8422.6232  0.3647 
   00162    0.4180   -8433.6277  0.3628 
   00163    0.4224   -8450.4073  0.3692 
   00164    0.4180   -8453.8670  0.3719 
   00165    0.4120   -8453.8192  0.3739 
   00166    0.4068   -8488.4205  0.3810 
   00167    0.4088   -8457.4685  0.3777 
   00168    0.4136   -8462.9830  0.3801 
   00169    0.4260   -8380.9888  0.3910 
   00170    0.4132   -8405.8473  0.3957 
   00171    0.3996   -8418.9190  0.3888 
   00172    0.4160   -8398.0203  0.3895 
   00173    0.4164   -8435.1286  0.3935 
   00174    0.4120   -8420.7632  0.3930 
   00175    0.4108   -8457.4309  0.3918 
   00176    0.4164   -8440.6038  0.3849 
   00177    0.4188   -8408.1103  0.3931 
   00178    0.4008   -8421.5482  0.3914 
   00179    0.4248   -8469.1897  0.4008 
   00180    0.3996   -8463.8436  0.4012 
   00181    0.4224   -8465.2571  0.4013 
   00182    0.4108   -8458.6530  0.3993 
   00183    0.4372   -8461.0199  0.3968 
   00184    0.4104   -8445.4457  0.3860 
   00185    0.4212   -8402.1602  0.3855 
   00186    0.4124   -8413.1167  0.3897 
   00187    0.4144   -8393.8182  0.3934 
   00188    0.4248   -8394.3618  0.3913 
   00189    0.4136   -8437.1820  0.3939 
   00190    0.3988   -8399.9921  0.3915 
   00191    0.4184   -8350.5422  0.3917 
   00192    0.4268   -8396.4339  0.3861 
   00193    0.4260   -8444.3306  0.3922 
   00194    0.4116   -8409.2520  0.3838 
   00195    0.4200   -8424.5312  0.3975 
   00196    0.4128   -8466.7380  0.3979 
   00197    0.4040   -8411.2265  0.4008 
   00198    0.4188   -8424.6619  0.4068 
   00199    0.4104   -8434.3047  0.4097 
   00200    0.4276   -8448.9373  0.4092 
   00201    0.4084   -8463.0926  0.4139 
   00202    0.4100   -8422.3656  0.4116 
   00203    0.4108   -8480.5730  0.4141 
   00204    0.4136   -8518.2272  0.4170 
   00205    0.4232   -8459.3490  0.4149 
   00206    0.4232   -8484.5577  0.4199 
   00207    0.4096   -8482.2206  0.4218 
   00208    0.4024   -8438.8559  0.4230 
   00209    0.4220   -8449.0794  0.4261 
   00210    0.4236   -8437.8774  0.4298 
   00211    0.4280   -8410.5522  0.4227 
   00212    0.4172   -8417.4232  0.4213 
   00213    0.4048   -8452.8145  0.4305 
   00214    0.4068   -8460.0725  0.4371 
   00215    0.4204   -8439.5081  0.4404 
   00216    0.4000   -8436.9117  0.4357 
   00217    0.4180   -8453.4431  0.4274 
   00218    0.4240   -8438.0123  0.4283 
   00219    0.4040   -8483.1839  0.4322 
   00220    0.4032   -8522.6318  0.4344 
   00221    0.3960   -8531.2525  0.4373 
   00222    0.3880   -8485.9707  0.4376 
   00223    0.3988   -8482.0616  0.4471 
   00224    0.4108   -8411.2327  0.4435 
   00225    0.3944   -8417.4416  0.4350 
   00226    0.3964   -8451.1360  0.4359 
   00227    0.4116   -8451.9232  0.4429 
   00228    0.4208   -8493.5447  0.4480 
   00229    0.4092   -8509.7049  0.4459 
   00230    0.4132   -8487.4526  0.4484 
   00231    0.4172   -8452.4544  0.4441 
   00232    0.4068   -8467.3408  0.4495 
   00233    0.4200   -8497.3439  0.4559 
   00234    0.4224   -8499.6553  0.4604 
   00235    0.4200   -8511.6842  0.4628 
   00236    0.4316   -8485.0419  0.4677 
   00237    0.4168   -8506.2379  0.4689 
   00238    0.4140   -8535.1165  0.4747 
   00239    0.4172   -8588.3503  0.4781 
   00240    0.3936   -8515.5847  0.4736 
   00241    0.4056   -8529.9889  0.4753 
   00242    0.4176   -8520.1721  0.4859 
   00243    0.3856   -8542.9987  0.4848 
   00244    0.4080   -8508.7175  0.4798 
   00245    0.4108   -8488.4643  0.4813 
   00246    0.4128   -8459.6420  0.4860 
   00247    0.4296   -8453.1431  0.4864 
   00248    0.4312   -8450.1502  0.4934 
   00249    0.4192   -8439.4046  0.4970 
   00250    0.4132   -8472.2253  0.5002 
   00251    0.4252   -8435.2015  0.4967 
   00252    0.3972   -8423.4309  0.4893 
   00253    0.4312   -8393.2997  0.4966 
   00254    0.4204   -8423.6886  0.5008 
   00255    0.4136   -8462.0431  0.5030 
   00256    0.4088   -8484.8433  0.5065 
   00257    0.4204   -8492.3500  0.5099 
   00258    0.4156   -8502.2527  0.5121 
   00259    0.4248   -8507.2028  0.5175 
   00260    0.4052   -8490.0538  0.5166 
   00261    0.4052   -8464.1877  0.5217 
   00262    0.4108   -8488.8520  0.5207 
   00263    0.4056   -8521.0635  0.5196 
   00264    0.4072   -8489.4806  0.5250 
   00265    0.4276   -8458.2717  0.5182 
   00266    0.4148   -8470.7841  0.5151 
   00267    0.3996   -8434.5399  0.5193 
   00268    0.4116   -8457.4488  0.5134 
   00269    0.4140   -8469.2361  0.5131 
   00270    0.4156   -8464.0194  0.5148 
   00271    0.4060   -8477.6992  0.5102 
   00272    0.4052   -8517.3037  0.5130 
   00273    0.4100   -8464.6527  0.5115 
   00274    0.4300   -8528.6036  0.5113 
   00275    0.4044   -8476.8488  0.5102 
   00276    0.4164   -8504.7695  0.5131 
   00277    0.4076   -8515.3574  0.5161 
   00278    0.4336   -8492.9440  0.5090 
   00279    0.3980   -8482.2991  0.5082 
   00280    0.4100   -8478.8281  0.5102 
   00281    0.4164   -8472.3598  0.5058 
   00282    0.4128   -8513.4682  0.5112 
   00283    0.4124   -8497.1599  0.5136 
   00284    0.4124   -8518.1935  0.5190 
   00285    0.4080   -8519.9838  0.5263 
   00286    0.4212   -8514.8727  0.5282 
   00287    0.3992   -8520.5941  0.5236 
   00288    0.4216   -8535.5542  0.5270 
   00289    0.4112   -8460.3846  0.5352 
   00290    0.4132   -8443.2182  0.5421 
   00291    0.4144   -8406.6205  0.5362 
   00292    0.4100   -8448.2556  0.5402 
   00293    0.4060   -8443.2145  0.5402 
   00294    0.3952   -8471.2227  0.5489 
   00295    0.3992   -8421.6576  0.5501 
   00296    0.4388   -8426.3336  0.5460 
   00297    0.4280   -8489.9388  0.5425 
   00298    0.4152   -8482.1722  0.5440 
   00299    0.4224   -8435.1153  0.5441 
   00300    0.4092   -8449.8227  0.5455 
   00301    0.4276   -8466.5971  0.5454 
   00302    0.4008   -8517.9275  0.5520 
   00303    0.4040   -8486.9460  0.5522 
   00304    0.4184   -8555.5426  0.5480 
   00305    0.4148   -8527.2755  0.5455 
   00306    0.4128   -8541.1384  0.5473 
   00307    0.4076   -8542.6047  0.5535 
   00308    0.4112   -8537.9758  0.5561 
   00309    0.3948   -8536.9616  0.5591 
   00310    0.4136   -8562.3061  0.5544 
   00311    0.4264   -8581.7854  0.5535 
   00312    0.4112   -8581.8683  0.5540 
   00313    0.4072   -8532.6911  0.5525 
   00314    0.3964   -8528.2416  0.5592 
   00315    0.4224   -8517.0551  0.5585 
   00316    0.4092   -8519.2852  0.5650 
   00317    0.4116   -8525.3527  0.5641 
   00318    0.4128   -8539.8417  0.5697 
   00319    0.4144   -8557.1204  0.5646 
   00320    0.4060   -8585.2404  0.5606 
   00321    0.4140   -8590.8203  0.5578 
   00322    0.3884   -8527.0846  0.5542 
   00323    0.4196   -8509.4000  0.5502 
   00324    0.4080   -8482.2695  0.5451 
   00325    0.4152   -8462.8340  0.5395 
   00326    0.4104   -8481.2846  0.5388 
   00327    0.4012   -8543.1109  0.5519 
   00328    0.4044   -8578.0823  0.5540 
   00329    0.4064   -8570.2174  0.5567 
   00330    0.4104   -8528.7479  0.5536 
   00331    0.4004   -8536.0930  0.5579 
   00332    0.4120   -8522.3574  0.5568 
   00333    0.4092   -8570.3458  0.5567 
   00334    0.4080   -8549.4695  0.5540 
   00335    0.4056   -8553.1655  0.5619 
   00336    0.4124   -8537.3219  0.5669 
   00337    0.4252   -8522.9401  0.5641 
   00338    0.4272   -8530.8515  0.5702 
   00339    0.4060   -8530.7476  0.5739 
   00340    0.3936   -8532.9213  0.5661 
   00341    0.4200   -8532.3231  0.5648 
   00342    0.4028   -8504.7144  0.5656 
   00343    0.4296   -8463.1928  0.5700 
   00344    0.4332   -8493.2136  0.5742 
   00345    0.4176   -8515.0244  0.5770 
   00346    0.4132   -8495.8858  0.5745 
   00347    0.3972   -8496.2701  0.5747 
   00348    0.4132   -8487.5249  0.5726 
   00349    0.4344   -8479.3757  0.5733 
   00350    0.3972   -8514.2310  0.5636 
   00351    0.3864   -8539.3260  0.5649 
   00352    0.4160   -8551.3641  0.5636 
   00353    0.3984   -8563.7324  0.5616 
   00354    0.3992   -8584.6667  0.5636 
   00355    0.4184   -8583.0505  0.5598 
   00356    0.3916   -8527.2215  0.5563 
   00357    0.4060   -8490.2001  0.5550 
   00358    0.4300   -8456.8262  0.5524 
   00359    0.4196   -8464.5378  0.5571 
   00360    0.4088   -8499.7585  0.5612 
   00361    0.4436   -8494.4060  0.5674 
   00362    0.3972   -8400.3763  0.5626 
   00363    0.4172   -8481.1411  0.5619 
   00364    0.4068   -8523.6122  0.5582 
   00365    0.4140   -8522.8106  0.5601 
   00366    0.4172   -8557.9217  0.5576 
   00367    0.4064   -8591.3097  0.5604 
   00368    0.4116   -8585.3697  0.5562 
   00369    0.4000   -8503.4571  0.5532 
   00370    0.4236   -8522.5604  0.5631 
   00371    0.4008   -8500.7675  0.5605 
   00372    0.4152   -8479.0945  0.5569 
   00373    0.4100   -8443.4316  0.5549 
   00374    0.4092   -8476.8667  0.5557 
   00375    0.4256   -8464.2664  0.5553 
   00376    0.4096   -8455.1197  0.5530 
   00377    0.4072   -8476.5698  0.5648 
   00378    0.4240   -8462.2457  0.5707 
   00379    0.4192   -8452.6056  0.5690 
   00380    0.4136   -8496.3574  0.5688 
   00381    0.4072   -8542.5581  0.5753 
   00382    0.4248   -8527.3316  0.5763 
   00383    0.4088   -8544.7932  0.5736 
   00384    0.4224   -8571.6095  0.5751 
   00385    0.3964   -8533.1917  0.5745 
   00386    0.4244   -8529.5043  0.5685 
   00387    0.3876   -8532.6615  0.5643 
   00388    0.3996   -8531.0869  0.5705 
   00389    0.4048   -8506.0346  0.5740 
   00390    0.3956   -8523.4019  0.5780 
   00391    0.4260   -8521.6032  0.5736 
   00392    0.4040   -8476.3908  0.5685 
   00393    0.4196   -8447.7436  0.5670 
   00394    0.4228   -8489.0514  0.5714 
   00395    0.4220   -8469.4685  0.5737 
   00396    0.4004   -8499.6446  0.5690 
   00397    0.4020   -8511.8540  0.5758 
   00398    0.4080   -8519.1856  0.5751 
   00399    0.4024   -8488.6266  0.5625 
   00400    0.4096   -8515.8347  0.5649 
   00401    0.4232   -8465.6612  0.5597 
   00402    0.4020   -8509.0824  0.5644 
   00403    0.4064   -8544.2081  0.5663 
   00404    0.4204   -8539.5584  0.5606 
   00405    0.4084   -8544.2304  0.5641 
   00406    0.4164   -8503.8521  0.5545 
   00407    0.4064   -8518.5884  0.5507 
   00408    0.4284   -8516.7515  0.5519 
   00409    0.4000   -8532.5340  0.5471 
   00410    0.4044   -8539.7028  0.5392 
   00411    0.4032   -8525.6120  0.5354 
   00412    0.4128   -8498.0349  0.5312 
   00413    0.4340   -8520.5661  0.5311 
   00414    0.4092   -8536.7820  0.5369 
   00415    0.4028   -8520.0413  0.5396 
   00416    0.3988   -8488.1249  0.5418 
   00417    0.4092   -8440.7472  0.5324 
   00418    0.4016   -8487.5155  0.5415 
   00419    0.3944   -8499.0460  0.5425 
   00420    0.4144   -8510.7055  0.5408 
   00421    0.4040   -8455.3094  0.5523 
   00422    0.4044   -8432.1433  0.5552 
   00423    0.4112   -8499.0996  0.5512 
   00424    0.4244   -8495.9449  0.5521 
   00425    0.4148   -8521.5838  0.5491 
   00426    0.4096   -8538.3074  0.5470 
   00427    0.3880   -8483.2522  0.5450 
   00428    0.4372   -8493.3931  0.5377 
   00429    0.4184   -8548.5862  0.5463 
   00430    0.4160   -8485.8077  0.5461 
   00431    0.4324   -8522.1356  0.5478 
   00432    0.4252   -8539.1022  0.5512 
   00433    0.4240   -8528.9564  0.5503 
   00434    0.4096   -8549.4109  0.5485 
   00435    0.4156   -8537.1934  0.5518 
   00436    0.4244   -8535.9542  0.5515 
   00437    0.4200   -8542.9067  0.5473 
   00438    0.4360   -8529.1710  0.5481 
   00439    0.4024   -8569.7420  0.5491 
   00440    0.4340   -8582.6946  0.5502 
   00441    0.4268   -8548.8341  0.5584 
   00442    0.4316   -8547.6360  0.5627 
   00443    0.4092   -8558.5216  0.5643 
   00444    0.4164   -8548.8292  0.5629 
   00445    0.4152   -8561.7016  0.5685 
   00446    0.4028   -8538.4218  0.5665 
   00447    0.4052   -8544.8318  0.5691 
   00448    0.4176   -8544.8785  0.5749 
   00449    0.3972   -8538.4314  0.5723 
   00450    0.4280   -8495.6191  0.5693 
   00451    0.4172   -8508.4681  0.5678 
   00452    0.4168   -8539.4055  0.5692 
   00453    0.4052   -8520.0035  0.5655 
   00454    0.4192   -8472.8397  0.5614 
   00455    0.4164   -8445.5140  0.5601 
   00456    0.4204   -8480.4757  0.5598 
   00457    0.4112   -8520.7569  0.5563 
   00458    0.4136   -8493.1079  0.5530 
   00459    0.4204   -8477.4045  0.5509 
   00460    0.4004   -8521.0894  0.5513 
   00461    0.4112   -8512.0579  0.5498 
   00462    0.4060   -8502.1747  0.5531 
   00463    0.3884   -8583.6258  0.5479 
   00464    0.4108   -8524.6453  0.5439 
   00465    0.4084   -8584.4402  0.5496 
   00466    0.4212   -8565.4868  0.5613 
   00467    0.4208   -8562.5390  0.5635 
   00468    0.4052   -8566.0236  0.5628 
   00469    0.4208   -8544.8299  0.5660 
   00470    0.4036   -8534.5467  0.5688 
   00471    0.4272   -8472.3128  0.5638 
   00472    0.4276   -8509.5454  0.5694 
   00473    0.4108   -8573.0618  0.5711 
   00474    0.4276   -8520.8672  0.5682 
   00475    0.4100   -8541.0369  0.5715 
   00476    0.4144   -8524.1870  0.5789 
   00477    0.4052   -8549.0985  0.5843 
   00478    0.4072   -8579.2431  0.5888 
   00479    0.4056   -8561.3774  0.5896 
   00480    0.4092   -8542.1806  0.5896 
   00481    0.4052   -8527.5548  0.5863 
   00482    0.4176   -8530.7737  0.5807 
   00483    0.4208   -8545.3239  0.5745 
   00484    0.4104   -8570.2839  0.5768 
   00485    0.4200   -8506.6618  0.5811 
   00486    0.4040   -8501.1662  0.5825 
   00487    0.4192   -8555.2227  0.5867 
   00488    0.4064   -8518.1382  0.5906 
   00489    0.4120   -8529.5989  0.5915 
   00490    0.4220   -8538.5674  0.5838 
   00491    0.3972   -8551.9363  0.5872 
   00492    0.4060   -8467.0626  0.5843 
   00493    0.4060   -8445.8060  0.5835 
   00494    0.3972   -8485.4052  0.5900 
   00495    0.4096   -8492.8214  0.5904 
   00496    0.4100   -8473.4934  0.5941 
   00497    0.4048   -8528.3940  0.5907 
   00498    0.4308   -8601.4871  0.5872 
   00499    0.4132   -8585.9053  0.5879 
   00500    0.4180   -8553.3315  0.5945 
