#=====================================================
# File created:        Wed-26-Feb-2025-at-03-56-32AM
# Size of lattice:     20x20
# Number of MC steps:  200
# Reduced temperature: 0.500
# Run time (s):        0.572392
#=====================================================
# MC step:  Ratio:     Energy:   Order:
#=====================================================
   00000    0.5000    -374.8477  0.3026 
   00001    0.7275    -670.8928  0.2793 
   00002    0.6000    -782.2731  0.3000 
   00003    0.5600    -863.7706  0.3231 
   00004    0.4650    -912.0036  0.3171 
   00005    0.4850    -982.8338  0.3403 
   00006    0.4900   -1033.5523  0.3787 
   00007    0.5050   -1082.1529  0.4027 
   00008    0.4525   -1083.3163  0.4036 
   00009    0.4775   -1090.3645  0.4075 
   00010    0.4900   -1124.3399  0.4072 
   00011    0.4250   -1149.9424  0.4126 
   00012    0.4350   -1161.5190  0.4233 
   00013    0.3900   -1177.9270  0.4177 
   00014    0.4725   -1193.0808  0.4335 
   00015    0.4100   -1202.2937  0.4454 
   00016    0.4400   -1210.9832  0.4557 
   00017    0.4550   -1232.6005  0.4672 
   00018    0.4300   -1225.6231  0.4806 
   00019    0.4050   -1241.6725  0.4805 
   00020    0.3875   -1230.2349  0.4800 
   00021    0.4000   -1253.3029  0.5035 
   00022    0.4400   -1252.5740  0.5066 
   00023    0.4125   -1252.0930  0.5255 
   00024    0.4800   -1270.1958  0.5156 
   00025    0.4675   -1272.5708  0.5228 
   00026    0.3850   -1263.5374  0.5357 
   00027    0.4350   -1254.3608  0.5197 
   00028    0.3975   -1257.7905  0.5169 
   00029    0.3825   -1254.2002  0.5102 
   00030    0.3975   -1262.2523  0.5076 
   00031    0.4350   -1248.5685  0.4986 
   00032    0.3950   -1254.1972  0.4939 
   00033    0.4250   -1280.2747  0.4852 
   00034    0.4150   -1299.6605  0.4754 
   00035    0.4425   -1278.8065  0.4675 
   00036    0.4375   -1281.3298  0.4696 
   00037    0.4225   -1280.3655  0.4682 
   00038    0.3800   -1301.2433  0.4610 
   00039    0.4175   -1307.9617  0.4483 
   00040    0.4075   -1300.8272  0.4536 
   00041    0.4200   -1310.3394  0.4477 
   00042    0.3550   -1305.8719  0.4515 
   00043    0.3625   -1303.7622  0.4580 
   00044    0.3975   -1300.0497  0.4811 
   00045    0.3750   -1281.6964  0.4850 
   00046    0.3650   -1266.0095  0.4752 
   00047    0.3900   -1261.3330  0.4758 
   00048    0.3875   -1268.3416  0.4781 
   00049    0.3925   -1278.1291  0.5033 
   00050    0.3800   -1279.3918  0.4983 
   00051    0.3825   -1291.3669  0.5073 
   00052    0.4125   -1305.0830  0.4917 
   00053    0.3800   -1297.1954  0.4973 
   00054    0.3650   -1286.8559  0.4913 
   00055    0.3700   -1309.8750  0.4802 
   00056    0.4025   -1299.2001  0.5019 
   00057    0.3925   -1294.1089  0.5087 
   00058    0.4025   -1307.7035  0.5165 
   00059    0.3575   -1270.8188  0.5031 
   00060    0.4300   -1263.9807  0.5088 
   00061    0.4300   -1246.6037  0.4979 
   00062    0.4350   -1264.6004  0.4937 
   00063    0.4075   -1273.7456  0.4938 
   00064    0.3950   -1279.9872  0.4981 
   00065    0.3650   -1289.2079  0.4997 
   00066    0.3875   -1281.2986  0.5012 
   00067    0.3900   -1288.9570  0.5015 
   00068    0.4150   -1270.7177  0.5040 
   00069    0.3750   -1263.6063  0.5078 
   00070    0.4325   -1272.2069  0.5039 
   00071    0.3925   -1285.3086  0.5171 
   00072    0.3725   -1280.5205  0.5121 
   00073    0.4025   -1272.4603  0.5223 
   00074    0.3525   -1292.2319  0.5198 
   00075    0.4000   -1287.6319  0.5265 
   00076    0.4500   -1280.0070  0.5136 
   00077    0.3800   -1284.9380  0.5117 
   00078    0.4225   -1278.1245  0.5238 
   00079    0.3925   -1269.0674  0.5383 
   00080    0.3850   -1275.0951  0.5498 
   00081    0.4025   -1284.6179  0.5460 
   00082    0.3675   -1276.5755  0.5428 
   00083    0.3750   -1267.4872  0.5101 
   00084    0.3625   -1275.5146  0.5138 
   00085    0.4050   -1259.4745  0.4976 
   00086    0.4150   -1273.7900  0.5113 
   00087    0.3825   -1300.5856  0.5093 
   00088    0.4050   -1309.2846  0.5119 
   00089    0.3825   -1289.8954  0.5125 
   00090    0.3900   -1294.2015  0.5115 
   00091    0.3625   -1305.8944  0.4953 
   00092    0.3900   -1324.8534  0.4870 
   00093    0.3725   -1317.3667  0.4851 
   00094    0.3975   -1298.4810  0.5098 
   00095    0.3675   -1271.9116  0.5023 
   00096    0.4125   -1273.0268  0.4836 
   00097    0.3600   -1285.3265  0.4765 
   00098    0.3900   -1300.8912  0.5021 
   00099    0.4325   -1305.9073  0.5110 
   00100    0.3300   -1309.1235  0.5178 
   00101    0.3775   -1305.8769  0.5101 
   00102    0.3675   -1301.5583  0.5147 
   00103    0.3575   -1305.2222  0.5212 
   00104    0.3375   -1302.2715  0.5261 
   00105    0.4000   -1315.2949  0.5268 
   00106    0.3800   -1314.5920  0.5269 
   00107    0.3750   -1294.1636  0.5273 
   00108    0.4425   -1312.0073  0.5484 
   00109    0.3575   -1309.5325  0.5548 
   00110    0.3975   -1292.6164  0.5642 
   00111    0.3900   -1301.9408  0.5641 
   00112    0.3850   -1312.8764  0.5698 
   00113    0.4400   -1316.0059  0.5884 
   00114    0.4100   -1315.3602  0.5842 
   00115    0.4000   -1315.6945  0.5828 
   00116    0.4000   -1301.3922  0.5977 
   00117    0.4300   -1277.7505  0.5881 
   00118    0.4075   -1305.8023  0.5772 
   00119    0.3875   -1287.7405  0.5694 
   00120    0.3900   -1301.0943  0.5669 
   00121    0.4150   -1290.1103  0.5813 
   00122    0.4325   -1278.3318  0.5783 
   00123    0.3750   -1307.7146  0.5854 
   00124    0.3875   -1315.4184  0.5988 
   00125    0.3650   -1300.6466  0.6005 
   00126    0.4025   -1294.1137  0.6084 
   00127    0.3650   -1314.1671  0.6208 
   00128    0.4250   -1271.5694  0.6200 
   00129    0.3800   -1279.7773  0.6140 
   00130    0.4450   -1269.6969  0.6337 
   00131    0.4675   -1290.6264  0.6325 
   00132    0.3825   -1282.0629  0.6368 
   00133    0.4075   -1311.1615  0.6346 
   00134    0.3825   -1297.3937  0.6234 
   00135    0.3675   -1309.5226  0.6254 
   00136    0.3650   -1282.9091  0.6190 
   00137    0.4125   -1268.2617  0.6086 
   00138    0.3975   -1290.5082  0.6058 
   00139    0.3725   -1308.7266  0.6097 
   00140    0.4225   -1298.6141  0.6061 
   00141    0.3925   -1293.8681  0.6003 
   00142    0.4275   -1300.4369  0.5850 
   00143    0.3925   -1281.4793  0.5909 
   00144    0.4425   -1294.9476  0.5784 
   00145    0.4275   -1314.4915  0.5917 
   00146    0.4150   -1319.4252  0.5793 
   00147    0.3725   -1323.4106  0.5869 
   00148    0.3900   -1305.6864  0.5820 
   00149    0.3800   -1315.6301  0.5789 
   00150    0.4050   -1299.8159  0.5786 
   00151    0.4100   -1308.0093  0.5868 
   00152    0.3975   -1309.1724  0.5909 
   00153    0.3675   -1301.5314  0.5962 
   00154    0.4375   -1312.7083  0.5935 
   00155    0.4075   -1318.1530  0.5869 
   00156    0.3950   -1300.6554  0.5899 
   00157    0.4200   -1313.8943  0.6060 
   00158    0.4250   -1293.2869  0.5977 
   00159    0.3725   -1308.0131  0.5939 
   00160    0.3500   -1298.4250  0.5835 
   00161    0.4225   -1309.7828  0.5962 
   00162    0.4050   -1307.1867  0.5919 
   00163    0.3725   -1324.4381  0.5979 
   00164    0.3925   -1319.1218  0.5990 
   00165    0.3900   -1313.5481  0.6005 
   00166    0.4050   -1303.8551  0.5972 
   00167    0.4175   -1301.4637  0.5944 
   00168    0.4250   -1297.7289  0.6018 
   00169    0.4025   -1313.4614  0.6008 
   00170    0.3925   -1316.6079  0.5943 
   00171    0.3775   -1300.4958  0.5854 
   00172    0.4025   -1268.2073  0.5774 
   00173    0.4175   -1255.8572  0.5757 
   00174    0.3725   -1255.6273  0.5748 
   00175    0.4000   -1278.3448  0.5625 
   00176    0.4525   -1272.6730  0.5682 
   00177    0.3925   -1266.3405  0.5770 
   00178    0.3875   -1276.8519  0.5900 
   00179    0.4075   -1289.5961  0.6048 
   00180    0.3775   -1293.5228  0.6103 
   00181    0.4100   -1302.3646  0.6163 
   00182    0.3475   -1311.7843  0.6371 
   00183    0.4100   -1319.8480  0.6512 
   00184    0.3825   -1314.2349  0.6579 
   00185    0.4275   -1326.0737  0.6611 
   00186    0.4350   -1335.9307  0.6501 
   00187    0.3575   -1327.0118  0.6630 
   00188    0.4000   -1332.4497  0.6533 
   00189    0.3700   -1340.7309  0.6573 
   00190    0.3900   -1347.7456  0.6633 
   00191    0.3825   -1337.6891  0.6500 
   00192    0.4300   -1335.2094  0.6362 
   00193    0.4100   -1340.7937  0.6538 
   00194    0.3925   -1334.5823  0.6577 
   00195    0.3900   -1322.0802  0.6557 
   00196    0.3700   -1343.0926  0.6668 
   00197    0.3900   -1337.7937  0.6708 
   00198    0.4275   -1343.2143  0.6725 
   00199    0.3875   -1334.0187  0.6643 
   00200    0.4075   -1357.7134  0.6797 
