#=====================================================
# File created:        Mon-24-Feb-2025-at-11-30-08AM
# Size of lattice:     50x50
# Number of MC steps:  500
# Reduced temperature: 0.500
# Run time (s):        15.495707
#=====================================================
# MC step:  Ratio:     Energy:   Order:
#=====================================================
   00000    0.5000   -2462.4396  0.2588 
   00001    0.6888   -3844.5394  0.2677 
   00002    0.6332   -4593.4471  0.2631 
   00003    0.5916   -5153.9300  0.2663 
   00004    0.5640   -5654.2332  0.2706 
   00005    0.5476   -6004.7821  0.2649 
   00006    0.5204   -6256.6519  0.2691 
   00007    0.4980   -6544.2638  0.2719 
   00008    0.4968   -6744.4841  0.2739 
   00009    0.4916   -6926.8211  0.2726 
   00010    0.4612   -7012.1609  0.2670 
   00011    0.4684   -7109.9517  0.2674 
   00012    0.4684   -7197.7454  0.2787 
   00013    0.4584   -7272.8917  0.2812 
   00014    0.4584   -7404.6342  0.2833 
   00015    0.4452   -7458.1411  0.2885 
   00016    0.4692   -7501.6308  0.2955 
   00017    0.4416   -7607.6733  0.2997 
   00018    0.4280   -7641.1946  0.3044 
   00019    0.4360   -7642.9187  0.3081 
   00020    0.4416   -7713.1324  0.3036 
   00021    0.4528   -7762.8543  0.2983 
   00022    0.4376   -7823.9057  0.2913 
   00023    0.4492   -7817.1899  0.2931 
   00024    0.4440   -7876.2520  0.2892 
   00025    0.4220   -7963.9509  0.2855 
   00026    0.4360   -7991.8444  0.2816 
   00027    0.4336   -7983.4726  0.2809 
   00028    0.4208   -7964.9064  0.2794 
   00029    0.4196   -8001.0358  0.2794 
   00030    0.4320   -7976.8202  0.2750 
   00031    0.4428   -7935.3428  0.2753 
   00032    0.4288   -7940.8520  0.2708 
   00033    0.4368   -7922.6631  0.2686 
   00034    0.4556   -7977.7004  0.2723 
   00035    0.4368   -7976.6996  0.2714 
   00036    0.4304   -8014.7174  0.2624 
   00037    0.4252   -7991.0583  0.2670 
   00038    0.4336   -8047.1881  0.2733 
   00039    0.4168   -8062.1556  0.2704 
   00040    0.4224   -8081.6499  0.2706 
   00041    0.4348   -8072.6045  0.2765 
   00042    0.4260   -8078.6099  0.2777 
   00043    0.4168   -8085.9357  0.2761 
   00044    0.4332   -8037.2754  0.2749 
   00045    0.4368   -7990.4538  0.2712 
   00046    0.4468   -8015.1618  0.2705 
   00047    0.4428   -8061.6062  0.2721 
   00048    0.4172   -8098.0014  0.2703 
   00049    0.4344   -8104.0983  0.2693 
   00050    0.4092   -8121.5450  0.2730 
   00051    0.4248   -8133.1115  0.2705 
   00052    0.4308   -8120.4269  0.2843 
   00053    0.4260   -8118.0164  0.2866 
   00054    0.4140   -8127.7519  0.2855 
   00055    0.4280   -8186.8505  0.2907 
   00056    0.4224   -8216.4296  0.2890 
   00057    0.4280   -8227.4522  0.2897 
   00058    0.4316   -8219.7059  0.2889 
   00059    0.4196   -8237.1957  0.2859 
   00060    0.4336   -8182.8367  0.2939 
   00061    0.4284   -8143.7308  0.2982 
   00062    0.4288   -8209.2615  0.3064 
   00063    0.3996   -8218.7070  0.3098 
   00064    0.4344   -8175.5419  0.3012 
   00065    0.4196   -8165.0808  0.3104 
   00066    0.4300   -8120.3041  0.3102 
   00067    0.4196   -8157.4476  0.3057 
   00068    0.4104   -8184.6275  0.3121 
   00069    0.4452   -8181.9216  0.3102 
   00070    0.4328   -8231.1686  0.3082 
   00071    0.4356   -8250.2460  0.3093 
   00072    0.4228   -8252.0046  0.3070 
   00073    0.4308   -8291.8039  0.3148 
   00074    0.4220   -8276.2967  0.3169 
   00075    0.4096   -8291.1170  0.3238 
   00076    0.4156   -8307.6315  0.3228 
   00077    0.4176   -8320.2210  0.3197 
   00078    0.4216   -8356.2749  0.3214 
   00079    0.4364   -8326.4107  0.3237 
   00080    0.4164   -8324.2763  0.3246 
   00081    0.4148   -8342.9963  0.3237 
   00082    0.4000   -8302.1695  0.3310 
   00083    0.4272   -8296.3034  0.3304 
   00084    0.4316   -8287.9312  0.3196 
   00085    0.4156   -8286.7858  0.3216 
   00086    0.4228   -8270.8913  0.3160 
   00087    0.4284   -8284.8562  0.3175 
   00088    0.4460   -8259.8805  0.3173 
   00089    0.4228   -8266.8019  0.3071 
   00090    0.4420   -8251.5081  0.3035 
   00091    0.4228   -8270.0186  0.3083 
   00092    0.4192   -8273.7845  0.3056 
   00093    0.4196   -8264.8751  0.3067 
   00094    0.4140   -8238.9281  0.3063 
   00095    0.4056   -8231.6495  0.3079 
   00096    0.4252   -8182.3146  0.3053 
   00097    0.4332   -8181.4695  0.3031 
   00098    0.4448   -8165.3358  0.3009 
   00099    0.4388   -8169.3340  0.2992 
   00100    0.4200   -8169.6152  0.2984 
   00101    0.4260   -8139.9945  0.2927 
   00102    0.4400   -8143.2603  0.2978 
   00103    0.4180   -8154.7495  0.2917 
   00104    0.4244   -8183.0220  0.2913 
   00105    0.4356   -8190.5807  0.3020 
   00106    0.4116   -8231.2386  0.2957 
   00107    0.4356   -8239.6203  0.2964 
   00108    0.4372   -8260.5701  0.2946 
   00109    0.4284   -8284.8604  0.2914 
   00110    0.4240   -8267.8148  0.2916 
   00111    0.4400   -8293.9224  0.2887 
   00112    0.4260   -8334.0878  0.2922 
   00113    0.4148   -8274.1660  0.2823 
   00114    0.4152   -8266.3794  0.2857 
   00115    0.4144   -8281.8090  0.2920 
   00116    0.4272   -8280.9525  0.2977 
   00117    0.4164   -8267.3609  0.2949 
   00118    0.4072   -8264.4470  0.2989 
   00119    0.4216   -8265.0743  0.3018 
   00120    0.4180   -8302.9593  0.2998 
   00121    0.4236   -8292.1956  0.2899 
   00122    0.3952   -8321.2181  0.2911 
   00123    0.4124   -8318.4924  0.2897 
   00124    0.4124   -8315.0568  0.2885 
   00125    0.4168   -8286.8121  0.2902 
   00126    0.4072   -8287.0505  0.2875 
   00127    0.4252   -8339.6427  0.2920 
   00128    0.4384   -8357.8075  0.2938 
   00129    0.4164   -8385.5432  0.2901 
   00130    0.4152   -8370.3251  0.2867 
   00131    0.4320   -8325.0262  0.2942 
   00132    0.4248   -8280.9955  0.3049 
   00133    0.4068   -8277.5854  0.3040 
   00134    0.4112   -8301.8178  0.3043 
   00135    0.4112   -8298.2944  0.3016 
   00136    0.4224   -8302.7065  0.2977 
   00137    0.4264   -8269.0430  0.3056 
   00138    0.4164   -8294.2134  0.3100 
   00139    0.4044   -8315.1221  0.3094 
   00140    0.4060   -8323.5497  0.3131 
   00141    0.4108   -8357.8010  0.3119 
   00142    0.4220   -8344.2211  0.3054 
   00143    0.4236   -8357.3722  0.3054 
   00144    0.4072   -8348.5583  0.3118 
   00145    0.4288   -8317.7171  0.3067 
   00146    0.4292   -8297.8624  0.3084 
   00147    0.4172   -8315.9628  0.3046 
   00148    0.4248   -8344.1898  0.3047 
   00149    0.4056   -8327.0785  0.3037 
   00150    0.4352   -8297.1570  0.2961 
   00151    0.4184   -8305.4120  0.2875 
   00152    0.4236   -8317.2816  0.2914 
   00153    0.4144   -8321.5736  0.3019 
   00154    0.4180   -8306.9220  0.3024 
   00155    0.4340   -8313.2063  0.2959 
   00156    0.4204   -8332.0950  0.2888 
   00157    0.4140   -8295.6847  0.2857 
   00158    0.4288   -8329.0960  0.2879 
   00159    0.4124   -8290.2182  0.2919 
   00160    0.4184   -8289.2121  0.2944 
   00161    0.4084   -8299.2095  0.2951 
   00162    0.4280   -8265.0082  0.2922 
   00163    0.4204   -8274.6324  0.2899 
   00164    0.4180   -8252.1352  0.2919 
   00165    0.4192   -8253.1278  0.2912 
   00166    0.4208   -8284.1726  0.2890 
   00167    0.4236   -8245.3978  0.2898 
   00168    0.4400   -8244.4295  0.2902 
   00169    0.4168   -8260.8917  0.2852 
   00170    0.4176   -8308.4692  0.2800 
   00171    0.4240   -8324.1991  0.2853 
   00172    0.4180   -8298.9840  0.2863 
   00173    0.4096   -8292.8983  0.2883 
   00174    0.4008   -8326.8058  0.2902 
   00175    0.4192   -8330.5863  0.2852 
   00176    0.4132   -8296.7398  0.2818 
   00177    0.4172   -8262.3692  0.2969 
   00178    0.4120   -8251.9446  0.2939 
   00179    0.4268   -8294.7667  0.2955 
   00180    0.4180   -8257.7451  0.2976 
   00181    0.4172   -8280.2051  0.3013 
   00182    0.4192   -8304.2500  0.2942 
   00183    0.4368   -8276.6135  0.2996 
   00184    0.4260   -8315.9283  0.3011 
   00185    0.4160   -8313.2397  0.3051 
   00186    0.4276   -8322.5673  0.2993 
   00187    0.4016   -8359.0561  0.2951 
   00188    0.4164   -8341.8933  0.2988 
   00189    0.4088   -8334.3764  0.2920 
   00190    0.4176   -8294.9398  0.2951 
   00191    0.4192   -8262.4059  0.2905 
   00192    0.4024   -8242.9776  0.2913 
   00193    0.4300   -8314.5336  0.2946 
   00194    0.4168   -8329.3479  0.2975 
   00195    0.4264   -8323.8493  0.2939 
   00196    0.4256   -8325.6757  0.2948 
   00197    0.4300   -8297.2812  0.2887 
   00198    0.4144   -8318.5723  0.2919 
   00199    0.4200   -8296.2414  0.2860 
   00200    0.4196   -8307.4887  0.2756 
   00201    0.4492   -8261.9850  0.2766 
   00202    0.4216   -8263.4657  0.2829 
   00203    0.4164   -8341.7310  0.2864 
   00204    0.4156   -8329.7792  0.2870 
   00205    0.4216   -8274.3643  0.2904 
   00206    0.4244   -8290.7079  0.2978 
   00207    0.4312   -8301.2554  0.2998 
   00208    0.4280   -8314.5684  0.2951 
   00209    0.4064   -8298.9480  0.2963 
   00210    0.4248   -8305.7774  0.2969 
   00211    0.4140   -8319.9868  0.2932 
   00212    0.4072   -8330.2411  0.2887 
   00213    0.4348   -8292.0443  0.2874 
   00214    0.4188   -8340.4195  0.2933 
   00215    0.4296   -8388.5747  0.2896 
   00216    0.4024   -8384.7859  0.2864 
   00217    0.4232   -8378.1790  0.2882 
   00218    0.4260   -8362.1077  0.2904 
   00219    0.4112   -8351.7540  0.2906 
   00220    0.4376   -8343.9933  0.2973 
   00221    0.4204   -8301.9333  0.2923 
   00222    0.4040   -8340.3592  0.2969 
   00223    0.4164   -8314.4495  0.2985 
   00224    0.4040   -8339.0667  0.2953 
   00225    0.4296   -8345.6292  0.2943 
   00226    0.4208   -8375.4269  0.2892 
   00227    0.4084   -8343.9815  0.2896 
   00228    0.4024   -8359.2198  0.2889 
   00229    0.4140   -8354.9590  0.2926 
   00230    0.4048   -8374.3519  0.2962 
   00231    0.4088   -8339.9078  0.2997 
   00232    0.3776   -8387.0212  0.3001 
   00233    0.4044   -8398.8817  0.2998 
   00234    0.4076   -8410.4415  0.3033 
   00235    0.4132   -8430.0621  0.3069 
   00236    0.4084   -8388.2381  0.3068 
   00237    0.4252   -8413.4547  0.3167 
   00238    0.3940   -8387.6324  0.3135 
   00239    0.4328   -8371.3939  0.3064 
   00240    0.4188   -8393.8085  0.3043 
   00241    0.4100   -8386.2254  0.3049 
   00242    0.4088   -8383.2741  0.3056 
   00243    0.4192   -8410.6733  0.3113 
   00244    0.4196   -8404.5198  0.3206 
   00245    0.4080   -8318.1609  0.3199 
   00246    0.4216   -8306.4971  0.3255 
   00247    0.4252   -8320.3903  0.3260 
   00248    0.4312   -8359.4701  0.3268 
   00249    0.4116   -8361.1674  0.3294 
   00250    0.4140   -8354.5085  0.3274 
   00251    0.4184   -8321.2781  0.3203 
   00252    0.4048   -8367.0080  0.3225 
   00253    0.4120   -8363.3888  0.3153 
   00254    0.4328   -8318.9866  0.3110 
   00255    0.4080   -8356.2479  0.3104 
   00256    0.4064   -8353.1225  0.3102 
   00257    0.4088   -8307.5268  0.3105 
   00258    0.4284   -8347.4729  0.3112 
   00259    0.4316   -8351.8854  0.3145 
   00260    0.4280   -8341.9489  0.3214 
   00261    0.3992   -8349.6389  0.3190 
   00262    0.4144   -8356.5289  0.3185 
   00263    0.4408   -8343.7616  0.3156 
   00264    0.4172   -8359.6034  0.3103 
   00265    0.4140   -8400.4772  0.3163 
   00266    0.4264   -8365.0698  0.3179 
   00267    0.4152   -8322.2113  0.3262 
   00268    0.4224   -8317.5691  0.3315 
   00269    0.4184   -8387.0431  0.3322 
   00270    0.4164   -8399.0132  0.3377 
   00271    0.4396   -8357.6574  0.3384 
   00272    0.4292   -8358.1086  0.3365 
   00273    0.4076   -8357.7599  0.3356 
   00274    0.4124   -8375.5699  0.3390 
   00275    0.4236   -8393.3781  0.3302 
   00276    0.4116   -8403.2269  0.3341 
   00277    0.4120   -8410.7509  0.3360 
   00278    0.4200   -8381.5302  0.3312 
   00279    0.4196   -8400.1338  0.3296 
   00280    0.4120   -8399.7506  0.3266 
   00281    0.4040   -8371.4044  0.3276 
   00282    0.4372   -8311.0036  0.3260 
   00283    0.4092   -8316.5908  0.3257 
   00284    0.4280   -8304.1561  0.3193 
   00285    0.4112   -8331.5988  0.3180 
   00286    0.4028   -8350.0367  0.3193 
   00287    0.4324   -8281.9066  0.3201 
   00288    0.4420   -8316.3086  0.3245 
   00289    0.4272   -8317.4646  0.3281 
   00290    0.4304   -8319.5773  0.3288 
   00291    0.4216   -8278.9027  0.3312 
   00292    0.4196   -8296.0561  0.3320 
   00293    0.4168   -8329.3981  0.3244 
   00294    0.4112   -8332.1832  0.3226 
   00295    0.4296   -8339.9788  0.3280 
   00296    0.4196   -8398.2119  0.3266 
   00297    0.4096   -8384.3574  0.3342 
   00298    0.4232   -8362.0249  0.3376 
   00299    0.4264   -8408.3760  0.3357 
   00300    0.4304   -8387.1614  0.3375 
   00301    0.4040   -8371.3569  0.3346 
   00302    0.4064   -8367.4091  0.3362 
   00303    0.4196   -8359.0737  0.3383 
   00304    0.4132   -8359.9032  0.3440 
   00305    0.4292   -8372.0355  0.3495 
   00306    0.4160   -8363.5875  0.3572 
   00307    0.4052   -8362.8192  0.3562 
   00308    0.4248   -8374.0022  0.3594 
   00309    0.4184   -8358.6055  0.3586 
   00310    0.4136   -8338.4631  0.3596 
   00311    0.4284   -8312.4881  0.3499 
   00312    0.4236   -8340.4027  0.3497 
   00313    0.4140   -8340.8992  0.3435 
   00314    0.4152   -8356.0604  0.3374 
   00315    0.4084   -8360.4890  0.3265 
   00316    0.4124   -8390.4201  0.3317 
   00317    0.4304   -8421.1010  0.3300 
   00318    0.4160   -8389.6778  0.3345 
   00319    0.4156   -8331.4614  0.3291 
   00320    0.4164   -8330.6762  0.3312 
   00321    0.4084   -8307.3691  0.3271 
   00322    0.4244   -8344.0078  0.3306 
   00323    0.4260   -8309.8207  0.3321 
   00324    0.4172   -8239.7641  0.3311 
   00325    0.4056   -8303.1937  0.3251 
   00326    0.4232   -8286.5197  0.3271 
   00327    0.4204   -8334.8727  0.3270 
   00328    0.4248   -8280.3720  0.3266 
   00329    0.4168   -8267.4732  0.3250 
   00330    0.4240   -8293.4928  0.3209 
   00331    0.4068   -8304.3991  0.3152 
   00332    0.4392   -8334.7309  0.3220 
   00333    0.4224   -8307.4801  0.3240 
   00334    0.4264   -8278.2310  0.3175 
   00335    0.4236   -8289.8642  0.3196 
   00336    0.4328   -8272.5220  0.3216 
   00337    0.4236   -8306.9321  0.3181 
   00338    0.4324   -8305.7208  0.3202 
   00339    0.4112   -8290.8342  0.3220 
   00340    0.4128   -8338.4392  0.3224 
   00341    0.4148   -8339.2009  0.3211 
   00342    0.4260   -8314.3634  0.3203 
   00343    0.4136   -8311.0559  0.3197 
   00344    0.4140   -8304.9507  0.3199 
   00345    0.4084   -8295.5366  0.3274 
   00346    0.4144   -8268.6388  0.3277 
   00347    0.4252   -8331.9242  0.3301 
   00348    0.4076   -8334.2014  0.3249 
   00349    0.4136   -8343.1168  0.3236 
   00350    0.4172   -8357.8124  0.3207 
   00351    0.4228   -8363.1702  0.3234 
   00352    0.4388   -8375.4107  0.3229 
   00353    0.4184   -8363.6255  0.3253 
   00354    0.4212   -8360.5751  0.3203 
   00355    0.4092   -8375.4411  0.3264 
   00356    0.4348   -8353.8398  0.3216 
   00357    0.4164   -8300.7299  0.3218 
   00358    0.4104   -8313.0768  0.3272 
   00359    0.4144   -8318.2253  0.3301 
   00360    0.4144   -8281.9180  0.3263 
   00361    0.4180   -8320.4041  0.3225 
   00362    0.4260   -8313.8914  0.3269 
   00363    0.4216   -8296.9397  0.3321 
   00364    0.4076   -8295.9274  0.3332 
   00365    0.4316   -8338.7861  0.3361 
   00366    0.4280   -8325.2338  0.3366 
   00367    0.4076   -8357.2319  0.3364 
   00368    0.4156   -8399.3388  0.3389 
   00369    0.4100   -8393.8803  0.3418 
   00370    0.4276   -8354.8519  0.3396 
   00371    0.4068   -8352.7883  0.3405 
   00372    0.4180   -8413.9755  0.3427 
   00373    0.4380   -8386.6473  0.3442 
   00374    0.4176   -8401.4385  0.3465 
   00375    0.3980   -8386.2471  0.3395 
   00376    0.4028   -8370.9848  0.3373 
   00377    0.4292   -8334.9438  0.3342 
   00378    0.4172   -8310.6183  0.3330 
   00379    0.4152   -8349.9557  0.3504 
   00380    0.4140   -8418.7105  0.3581 
   00381    0.4036   -8376.8997  0.3659 
   00382    0.4036   -8397.3899  0.3706 
   00383    0.4072   -8410.7490  0.3733 
   00384    0.4020   -8396.2230  0.3762 
   00385    0.4240   -8385.9606  0.3725 
   00386    0.4140   -8385.4293  0.3760 
   00387    0.4208   -8382.6880  0.3747 
   00388    0.4336   -8338.1388  0.3788 
   00389    0.4252   -8344.5736  0.3746 
   00390    0.4308   -8343.0183  0.3826 
   00391    0.4000   -8348.0192  0.3800 
   00392    0.4228   -8373.4823  0.3819 
   00393    0.4204   -8404.4963  0.3841 
   00394    0.4236   -8369.0952  0.3818 
   00395    0.4080   -8388.9622  0.3835 
   00396    0.4216   -8452.3394  0.3994 
   00397    0.4044   -8389.6191  0.3935 
   00398    0.4128   -8398.8078  0.3956 
   00399    0.4276   -8399.9567  0.3934 
   00400    0.4112   -8366.8986  0.3901 
   00401    0.4160   -8389.1092  0.3909 
   00402    0.4044   -8379.3532  0.3831 
   00403    0.4016   -8386.2641  0.3861 
   00404    0.4048   -8359.6964  0.3888 
   00405    0.4168   -8406.8477  0.3834 
   00406    0.4208   -8356.5900  0.3788 
   00407    0.3908   -8428.3875  0.3811 
   00408    0.4040   -8430.8781  0.3859 
   00409    0.4164   -8391.2311  0.3881 
   00410    0.4260   -8369.6661  0.3868 
   00411    0.4136   -8428.5069  0.3831 
   00412    0.4068   -8421.2532  0.3804 
   00413    0.4064   -8444.6231  0.3799 
   00414    0.4036   -8455.1621  0.3817 
   00415    0.4068   -8449.9921  0.3854 
   00416    0.4128   -8419.9468  0.3832 
   00417    0.4240   -8383.8162  0.3845 
   00418    0.4192   -8392.8002  0.3890 
   00419    0.4104   -8378.3170  0.3935 
   00420    0.4236   -8413.9436  0.3900 
   00421    0.4096   -8420.5881  0.3925 
   00422    0.4164   -8429.3287  0.3993 
   00423    0.4212   -8434.4067  0.3884 
   00424    0.4028   -8410.5110  0.3934 
   00425    0.4156   -8413.2948  0.3950 
   00426    0.4156   -8420.9086  0.3897 
   00427    0.4180   -8393.8755  0.3840 
   00428    0.4068   -8341.3875  0.3788 
   00429    0.4020   -8348.2861  0.3883 
   00430    0.4344   -8368.3450  0.3879 
   00431    0.4140   -8395.7696  0.3892 
   00432    0.4252   -8411.0459  0.3945 
   00433    0.4100   -8388.1648  0.3966 
   00434    0.4176   -8397.0895  0.3981 
   00435    0.4148   -8389.6914  0.3943 
   00436    0.4036   -8456.5312  0.4014 
   00437    0.4092   -8421.6676  0.4005 
   00438    0.4220   -8436.3851  0.4083 
   00439    0.4324   -8414.9147  0.4015 
   00440    0.4136   -8453.4551  0.4027 
   00441    0.4248   -8457.7119  0.4007 
   00442    0.4048   -8431.3417  0.3936 
   00443    0.4276   -8425.0724  0.3952 
   00444    0.4168   -8406.0210  0.3996 
   00445    0.4236   -8447.3936  0.3985 
   00446    0.4160   -8481.2265  0.3959 
   00447    0.4028   -8499.1397  0.3938 
   00448    0.4100   -8490.7182  0.4057 
   00449    0.4068   -8479.4148  0.4101 
   00450    0.4284   -8483.8772  0.4066 
   00451    0.4028   -8501.1232  0.4092 
   00452    0.4080   -8524.4279  0.4144 
   00453    0.4164   -8452.1097  0.4141 
   00454    0.4004   -8425.1867  0.4166 
   00455    0.3976   -8470.1629  0.4152 
   00456    0.4016   -8470.2087  0.4163 
   00457    0.4072   -8452.4228  0.4266 
   00458    0.4096   -8505.9962  0.4277 
   00459    0.4036   -8481.3031  0.4248 
   00460    0.4144   -8476.6367  0.4285 
   00461    0.4012   -8474.4769  0.4249 
   00462    0.4280   -8520.1945  0.4285 
   00463    0.4056   -8500.0416  0.4337 
   00464    0.4240   -8475.6796  0.4412 
   00465    0.4044   -8505.7944  0.4445 
   00466    0.4128   -8471.1691  0.4403 
   00467    0.4092   -8455.5318  0.4424 
   00468    0.3876   -8459.8588  0.4381 
   00469    0.4172   -8481.7756  0.4457 
   00470    0.4092   -8461.3901  0.4554 
   00471    0.3936   -8446.2571  0.4587 
   00472    0.4164   -8463.8298  0.4596 
   00473    0.4160   -8510.8567  0.4570 
   00474    0.4276   -8517.0274  0.4618 
   00475    0.3984   -8565.3654  0.4570 
   00476    0.4044   -8571.7023  0.4621 
   00477    0.4236   -8497.5438  0.4577 
   00478    0.4036   -8472.4196  0.4568 
   00479    0.4108   -8466.8108  0.4608 
   00480    0.4184   -8442.9386  0.4587 
   00481    0.4224   -8421.6482  0.4574 
   00482    0.4052   -8417.3338  0.4597 
   00483    0.4100   -8459.7585  0.4610 
   00484    0.4036   -8443.2441  0.4691 
   00485    0.4160   -8449.7964  0.4738 
   00486    0.4068   -8445.1245  0.4694 
   00487    0.4240   -8454.5305  0.4710 
   00488    0.4092   -8442.0311  0.4801 
   00489    0.4096   -8421.8450  0.4809 
   00490    0.3960   -8441.3511  0.4809 
   00491    0.4028   -8452.5129  0.4844 
   00492    0.4132   -8472.2467  0.4859 
   00493    0.3988   -8446.1108  0.4806 
   00494    0.4084   -8455.2720  0.4812 
   00495    0.4040   -8431.2957  0.4883 
   00496    0.4028   -8438.2782  0.4879 
   00497    0.4148   -8481.2316  0.4865 
   00498    0.4060   -8440.5377  0.4833 
   00499    0.4088   -8446.6952  0.4865 
   00500    0.4200   -8451.6084  0.4870 
